# Ae9Ap9 Model output file: MoonBEAM_trajectory_trade/Rp30408_22N.AE9.output_mc_fluenceIntv_conf_level_75.txt
# Ae9Ap9 Software Version:  1.50.001
#
# Model type:               AE9
# Particle species:         e-
# Flux type:                1PtDiff
# Flux direction:           Omnidirectional
# Energy levels (MeV):       0.04 0.07 0.1 0.25 0.5 0.75 1 1.5 2 2.5 3 3.5 4 4.5 5 5.5 6 6.5 7 8.5 10
#
# Accumulation mode:        Interval, length = 846720 seconds (9.8 days)
#
# Aggregation Confidence Level:   75
# Scenarios in Aggregation (100): 001-100
#
# Time format:              Modified Julian Date
# Coordinate system:        GEI (Geocentric Equatorial Inertial) Cartesian in km
# Data Delimiter:           space
#
# datetime(mjd),posx(km),posy(km),posz(km),fluence,fluence,fluence,fluence,fluence,fluence,fluence,fluence,fluence,fluence,fluence,fluence,fluence,fluence,fluence,fluence,fluence,fluence,fluence,fluence,fluence(#/cm^2/MeV)
61421.50833333 0.000000 0.000000 0.000000 1.25233814e+014 8.47512513e+013 2.81198986e+013 6.86638817e+012 1.48614354e+012 5.18663418e+011 2.20594959e+011 7.93249953e+010 2.49085249e+010 7.90447006e+009 3.00725218e+009 1.13055533e+009 4.49742831e+008 2.03745341e+008 8.96026148e+007 4.46463716e+007 2.52923118e+007 1.74313624e+007 1.03306850e+007 5.02504486e+006 3.23393463e+006
61431.30833333 0.000000 0.000000 0.000000 1.27536373e+014 8.74051921e+013 2.85481591e+013 7.13268852e+012 1.51034886e+012 5.28159963e+011 2.23525601e+011 8.01281794e+010 2.66814333e+010 8.13838961e+009 3.26247383e+009 1.22663889e+009 5.39892146e+008 2.52583498e+008 1.09964385e+008 5.19352168e+007 2.79874515e+007 1.85260425e+007 1.09535886e+007 5.35554409e+006 3.48373059e+006
61441.10833333 0.000000 0.000000 0.000000 1.30067587e+014 9.01731987e+013 2.86590842e+013 7.40976337e+012 1.54873154e+012 5.62780156e+011 2.35513799e+011 8.98178271e+010 2.82875147e+010 9.33458434e+009 3.38463917e+009 1.30143635e+009 5.54020491e+008 2.56095290e+008 1.10925409e+008 5.27219246e+007 2.83374863e+007 1.89426261e+007 1.11748637e+007 5.60082640e+006 3.62782688e+006
61450.90833333 0.000000 0.000000 0.000000 1.44279320e+014 9.58999661e+013 3.09853359e+013 7.58750507e+012 1.81294918e+012 6.66222361e+011 3.08880265e+011 1.10695237e+011 3.55126933e+010 1.08348318e+010 3.91262084e+009 1.63769676e+009 6.93499057e+008 2.88603658e+008 1.19191763e+008 5.59607611e+007 3.13603269e+007 2.07667839e+007 1.14341238e+007 6.22509384e+006 4.23862735e+006
61460.70833333 0.000000 0.000000 0.000000 1.47991850e+014 9.93432989e+013 3.21576362e+013 7.88372706e+012 2.00944433e+012 7.30326237e+011 3.28903205e+011 1.19329007e+011 3.59237484e+010 1.08842506e+010 4.10148750e+009 1.65198735e+009 7.32629235e+008 3.05623962e+008 1.26445690e+008 5.87357289e+007 3.25845155e+007 2.12917565e+007 1.23545523e+007 6.47847481e+006 4.28465419e+006
61470.50833333 0.000000 0.000000 0.000000 1.47991850e+014 9.93432989e+013 3.21576362e+013 7.88372706e+012 2.00944433e+012 7.30326237e+011 3.28903205e+011 1.19329007e+011 3.59237484e+010 1.08842506e+010 4.10148750e+009 1.65198735e+009 7.32629235e+008 3.05623962e+008 1.26445690e+008 5.87357289e+007 3.25845155e+007 2.12917565e+007 1.23545523e+007 6.47847481e+006 4.28465419e+006
61480.30833333 0.000000 0.000000 0.000000 1.66484998e+014 1.05736833e+014 3.51084598e+013 8.57355962e+012 2.08113670e+012 7.73099731e+011 3.64351796e+011 1.26756474e+011 4.12465298e+010 1.27905456e+010 4.57479464e+009 1.83075441e+009 7.69054326e+008 3.33094374e+008 1.36003853e+008 6.34915807e+007 3.41387277e+007 2.32784440e+007 1.42345986e+007 6.97561422e+006 5.10338193e+006
61490.10833333 0.000000 0.000000 0.000000 1.72061657e+014 1.17461536e+014 3.69488373e+013 9.30692239e+012 2.28449080e+012 8.73116515e+011 3.99938913e+011 1.46334572e+011 4.71180526e+010 1.45050740e+010 5.26687320e+009 2.04427053e+009 8.42719801e+008 3.63629967e+008 1.42043010e+008 6.72734794e+007 3.89389938e+007 2.69781662e+007 1.66759622e+007 8.56861998e+006 5.91099792e+006
61499.90833333 0.000000 0.000000 0.000000 1.83257103e+014 1.24649442e+014 4.00789200e+013 9.65082952e+012 2.53562599e+012 9.83262041e+011 4.50628311e+011 1.58093158e+011 4.97013566e+010 1.66627197e+010 5.88720472e+009 2.32690859e+009 9.55812730e+008 3.91131666e+008 1.57937005e+008 7.01595453e+007 4.22572589e+007 2.85461875e+007 1.80314016e+007 9.02938962e+006 6.11129718e+006
61509.70833333 0.000000 0.000000 0.000000 1.83545913e+014 1.24847530e+014 4.01253853e+013 9.65120726e+012 2.53607545e+012 9.83268619e+011 4.50633664e+011 1.58093337e+011 4.97029179e+010 1.66627895e+010 5.88749630e+009 2.32693324e+009 9.55822113e+008 3.91137896e+008 1.57957281e+008 7.01659698e+007 4.22578378e+007 2.85462136e+007 1.80319318e+007 9.02940482e+006 6.11146488e+006
61519.50833333 0.000000 0.000000 0.000000 1.94087342e+014 1.30474929e+014 4.16879376e+013 1.02909591e+013 2.58456893e+012 1.08455913e+012 4.65597587e+011 1.66751854e+011 5.44628042e+010 1.67994182e+010 6.00746551e+009 2.55236681e+009 1.02614823e+009 4.17637010e+008 1.64264586e+008 7.39893273e+007 4.45002538e+007 2.94807908e+007 1.85948481e+007 9.40879822e+006 6.18393608e+006
61529.30833333 0.000000 0.000000 0.000000 2.07596079e+014 1.40327533e+014 4.38373650e+013 1.07798835e+013 2.78561716e+012 1.12307161e+012 4.90186967e+011 1.76538620e+011 5.66147512e+010 1.70820812e+010 6.04992370e+009 2.66582574e+009 1.09269148e+009 4.31563421e+008 1.66529561e+008 7.89741952e+007 4.71769084e+007 3.22457551e+007 1.93473411e+007 9.46093568e+006 6.32081462e+006
61531.10244374 0.000000 0.000000 0.000000 2.07596079e+014 1.40327533e+014 4.38373650e+013 1.07798835e+013 2.78561716e+012 1.12307161e+012 4.90186967e+011 1.76538620e+011 5.66147512e+010 1.70820812e+010 6.04992370e+009 2.66582574e+009 1.09269148e+009 4.31563421e+008 1.66529561e+008 7.89741952e+007 4.71769084e+007 3.22457551e+007 1.93473411e+007 9.46093568e+006 6.32081462e+006
