# Ae9Ap9 Model output file: MoonBEAM_trajectory_trade/Rp30408_22N.AE9.output_mc_fluenceIntv_024.txt
# Ae9Ap9 Software Version:  1.50.001
#
# Model type:               AE9
# Particle species:         e-
# Flux type:                1PtDiff
# Flux direction:           Omnidirectional
# Energy levels (MeV):       0.04 0.07 0.1 0.25 0.5 0.75 1 1.5 2 2.5 3 3.5 4 4.5 5 5.5 6 6.5 7 8.5 10
#
# Accumulation mode:        Interval, length = 846720 seconds (9.8 days)
#
# Time format:              Modified Julian Date
# Coordinate system:        GEI (Geocentric Equatorial Inertial) Cartesian in km
# Data Delimiter:           space
#
# datetime(mjd),posx(km),posy(km),posz(km),fluence,fluence,fluence,fluence,fluence,fluence,fluence,fluence,fluence,fluence,fluence,fluence,fluence,fluence,fluence,fluence,fluence,fluence,fluence,fluence,fluence(#/cm^2/MeV)
61421.50833333 0.000000 0.000000 0.000000 1.64656438e+013 1.38369775e+013 5.13537571e+012 1.22587182e+012 3.58035123e+011 1.38032653e+011 6.56333707e+010 3.44136974e+010 1.76555293e+010 7.66309359e+009 3.28479249e+009 1.38769734e+009 5.96083263e+008 2.59656662e+008 1.09021516e+008 5.21663571e+007 2.99865791e+007 2.05952193e+007 1.22339599e+007 6.42332834e+006 4.33511714e+006
61431.30833333 0.000000 0.000000 0.000000 1.71185759e+013 1.42997098e+013 5.30171883e+012 1.27445993e+012 3.72126624e+011 1.42996264e+011 6.73615888e+010 3.49958456e+010 1.78800038e+010 7.74754219e+009 3.31623048e+009 1.39868945e+009 5.99781622e+008 2.60869193e+008 1.09477502e+008 5.23822746e+007 3.01132916e+007 2.06794375e+007 1.22835788e+007 6.44833567e+006 4.35087367e+006
61441.10833333 0.000000 0.000000 0.000000 1.79358564e+013 1.48676491e+013 5.50116780e+012 1.33618577e+012 3.90139423e+011 1.49496298e+011 6.96763432e+010 3.57891803e+010 1.81787635e+010 7.86153439e+009 3.35982607e+009 1.41412078e+009 6.05032421e+008 2.62620470e+008 1.10150117e+008 5.27081639e+007 3.03063843e+007 2.08083825e+007 1.23587870e+007 6.48528346e+006 4.37404745e+006
61450.90833333 0.000000 0.000000 0.000000 2.97498779e+013 2.35211202e+013 8.54888982e+012 2.01168811e+012 5.12356995e+011 1.88176383e+011 8.53434199e+010 4.06765875e+010 1.92902472e+010 8.12712821e+009 3.44487254e+009 1.44452755e+009 6.16549944e+008 2.67041884e+008 1.11943627e+008 5.35428209e+007 3.07866266e+007 2.11367919e+007 1.25576755e+007 6.59185434e+006 4.44320807e+006
61460.70833333 0.000000 0.000000 0.000000 3.26608459e+013 2.59493000e+013 9.39684367e+012 2.15226886e+012 5.52561612e+011 2.05689942e+011 9.33506321e+010 4.34634638e+010 2.00231144e+010 8.34009616e+009 3.51189391e+009 1.46565511e+009 6.23190162e+008 2.69164920e+008 1.12697983e+008 5.38673754e+007 3.09652421e+007 2.12543411e+007 1.26274194e+007 6.62744767e+006 4.46559027e+006
61470.50833333 0.000000 0.000000 0.000000 3.26608459e+013 2.59493000e+013 9.39684367e+012 2.15226886e+012 5.52561612e+011 2.05689942e+011 9.33506321e+010 4.34634638e+010 2.00231144e+010 8.34009616e+009 3.51189391e+009 1.46565511e+009 6.23190162e+008 2.69164920e+008 1.12697983e+008 5.38673754e+007 3.09652421e+007 2.12543411e+007 1.26274194e+007 6.62744767e+006 4.46559027e+006
61480.30833333 0.000000 0.000000 0.000000 3.40293383e+013 2.67653840e+013 9.63636584e+012 2.17557328e+012 5.56026351e+011 2.06564606e+011 9.36841014e+010 4.36632322e+010 2.01156658e+010 8.36769103e+009 3.51990057e+009 1.46830909e+009 6.24151232e+008 2.69515482e+008 1.12832853e+008 5.39225023e+007 3.09930730e+007 2.12714347e+007 1.26379830e+007 6.63417176e+006 4.47090440e+006
61490.10833333 0.000000 0.000000 0.000000 3.57775262e+013 2.81086674e+013 1.01326903e+013 2.45237428e+012 6.60603834e+011 2.56806841e+011 1.20131640e+011 5.31296414e+010 2.23503069e+010 8.92384409e+009 3.71210231e+009 1.53585973e+009 6.49358461e+008 2.79416336e+008 1.16910300e+008 5.58773278e+007 3.21441265e+007 2.20801931e+007 1.31301643e+007 6.89921498e+006 4.64154208e+006
61499.90833333 0.000000 0.000000 0.000000 3.72963506e+013 2.92891917e+013 1.05969498e+013 2.62984635e+012 7.07527675e+011 2.74643496e+011 1.27544828e+011 5.56639528e+010 2.31427322e+010 9.15916943e+009 3.79351178e+009 1.56494745e+009 6.59922417e+008 2.83247019e+008 1.18392328e+008 5.65434524e+007 3.25140674e+007 2.23204488e+007 1.32721524e+007 6.97592138e+006 4.69487668e+006
61509.70833333 0.000000 0.000000 0.000000 3.73184490e+013 2.93057545e+013 1.06016774e+013 2.63053636e+012 7.07605007e+011 2.74655255e+011 1.27548301e+011 5.56649294e+010 2.31431091e+010 9.15933898e+009 3.79360101e+009 1.56499616e+009 6.59951336e+008 2.83266573e+008 1.18405063e+008 5.65491683e+007 3.25172858e+007 2.23229348e+007 1.32737137e+007 6.97691248e+006 4.69540382e+006
61519.50833333 0.000000 0.000000 0.000000 4.50178660e+013 3.28983969e+013 1.13123937e+013 2.67079389e+012 7.14449480e+011 2.76898746e+011 1.28205481e+011 5.57735565e+010 2.31685428e+010 9.17535831e+009 3.80502287e+009 1.57047655e+009 6.62208299e+008 2.84156471e+008 1.18812909e+008 5.67809539e+007 3.26767154e+007 2.24427939e+007 1.33507693e+007 7.02026652e+006 4.72385677e+006
61529.30833333 0.000000 0.000000 0.000000 4.53239817e+013 3.31649401e+013 1.14211331e+013 2.74947914e+012 7.64918785e+011 3.02049436e+011 1.40272210e+011 6.05721770e+010 2.47220169e+010 9.76787451e+009 4.06440947e+009 1.68138238e+009 7.10318203e+008 3.05864419e+008 1.29131312e+008 6.25766342e+007 3.63960033e+007 2.51610434e+007 1.50403947e+007 7.97822738e+006 5.35366589e+006
61531.10244374 0.000000 0.000000 0.000000 4.53239817e+013 3.31649401e+013 1.14211331e+013 2.74947914e+012 7.64918785e+011 3.02049436e+011 1.40272210e+011 6.05721770e+010 2.47220169e+010 9.76787451e+009 4.06440947e+009 1.68138238e+009 7.10318203e+008 3.05864419e+008 1.29131312e+008 6.25766342e+007 3.63960033e+007 2.51610434e+007 1.50403947e+007 7.97822738e+006 5.35366589e+006
