# Ae9Ap9 Model output file: MoonBEAM_trajectory_trade/Rp30408_22N.AE9.output_mc_fluxIntvAvg_conf_level_95.txt
# Ae9Ap9 Software Version:  1.50.001
#
# Model type:               AE9
# Particle species:         e-
# Flux type:                1PtDiff
# Flux direction:           Omnidirectional
# Energy levels (MeV):       0.04 0.07 0.1 0.25 0.5 0.75 1 1.5 2 2.5 3 3.5 4 4.5 5 5.5 6 6.5 7 8.5 10
#
# Accumulation mode:        Interval, length = 846720 seconds (9.8 days)
#
# Aggregation Confidence Level:   95
# Scenarios in Aggregation (100): 001-100
#
# Time format:              Modified Julian Date
# Coordinate system:        GEI (Geocentric Equatorial Inertial) Cartesian in km
# Data Delimiter:           space
#
# datetime(mjd),posx(km),posy(km),posz(km),flux,flux,flux,flux,flux,flux,flux,flux,flux,flux,flux,flux,flux,flux,flux,flux,flux,flux,flux,flux,flux(#/cm^2/s/MeV)
61421.50833333 0.000000 0.000000 0.000000 4.65918413e+008 2.98231865e+008 8.34458227e+007 1.82498243e+007 3.88730046e+006 1.41510664e+006 6.14356427e+005 2.29166331e+005 7.13965738e+004 2.42054163e+004 7.70198387e+003 3.09261718e+003 1.33353484e+003 6.32452029e+002 2.81644971e+002 1.45779778e+002 9.13917881e+001 6.68361861e+001 4.12475447e+001 2.28586817e+001 1.56958338e+001
61431.30833333 0.000000 0.000000 0.000000 1.03391937e+007 7.62094605e+006 2.47545783e+006 7.91823143e+005 2.59861404e+005 1.02661718e+005 5.47549799e+004 2.32309974e+004 6.97011531e+003 1.66791698e+003 5.48414706e+002 2.33252980e+002 9.76256181e+001 4.34653223e+001 1.58138571e+001 6.90616602e+000 4.13388610e+000 2.97861369e+000 1.97299876e+000 1.15245575e+000 8.06285182e-001
61441.10833333 0.000000 0.000000 0.000000 1.40058835e+007 1.02414778e+007 3.13478508e+006 9.30609274e+005 3.07229392e+005 1.21892303e+005 6.30001749e+004 2.65229009e+004 9.19226373e+003 2.30781591e+003 7.24866777e+002 3.12908654e+002 1.32446834e+002 5.31169275e+001 1.94775879e+001 9.60066887e+000 6.08543174e+000 4.45599090e+000 2.87839027e+000 1.58247304e+000 1.12237974e+000
61450.90833333 0.000000 0.000000 0.000000 2.91136854e+007 1.89989388e+007 5.70631856e+006 2.12353487e+006 7.37146568e+005 3.48134125e+005 1.77605540e+005 7.18148086e+004 2.13039777e+004 5.82702736e+003 2.33011556e+003 1.07850205e+003 4.57095154e+002 1.97749927e+002 6.49089912e+001 2.68061946e+001 1.43067878e+001 9.96332700e+000 6.45320391e+000 3.62459666e+000 2.51129620e+000
61460.70833333 0.000000 0.000000 0.000000 2.95442209e+007 2.11019478e+007 7.59079993e+006 1.49250099e+006 5.69708452e+005 2.72132522e+005 1.74875256e+005 6.83031920e+004 2.42563048e+004 7.82127711e+003 2.41046048e+003 8.99242637e+002 3.50566390e+002 1.34368062e+002 4.74403411e+001 1.95612712e+001 1.01167918e+001 7.53756221e+000 5.10291230e+000 2.87296965e+000 1.94978803e+000
61470.50833333 0.000000 0.000000 0.000000 0.00000000e+000 0.00000000e+000 0.00000000e+000 0.00000000e+000 0.00000000e+000 0.00000000e+000 0.00000000e+000 0.00000000e+000 0.00000000e+000 0.00000000e+000 0.00000000e+000 0.00000000e+000 0.00000000e+000 0.00000000e+000 0.00000000e+000 0.00000000e+000 0.00000000e+000 0.00000000e+000 0.00000000e+000 0.00000000e+000 0.00000000e+000
61480.30833333 0.000000 0.000000 0.000000 2.96678152e+007 1.73133362e+007 4.56373855e+006 1.46089529e+006 5.03640384e+005 2.59303801e+005 1.45682169e+005 6.48052208e+004 1.41538392e+004 4.06306987e+003 1.75165842e+003 7.31655747e+002 2.98929539e+002 1.16414738e+002 4.12320007e+001 1.72890508e+001 9.60474427e+000 7.19494711e+000 5.05681126e+000 2.62067054e+000 1.80437534e+000
61490.10833333 0.000000 0.000000 0.000000 3.28477279e+007 2.48862990e+007 7.90647793e+006 1.98004602e+006 7.98276842e+005 3.80331647e+005 2.13251986e+005 7.69364021e+004 2.74714972e+004 9.32839792e+003 3.19930073e+003 1.33368626e+003 4.89708130e+002 1.78014185e+002 6.78414064e+001 2.98896141e+001 1.58239254e+001 1.10494349e+001 7.89578140e+000 4.11564118e+000 2.66766067e+000
61499.90833333 0.000000 0.000000 0.000000 2.52113238e+007 1.67296487e+007 5.53249757e+006 2.13193125e+006 7.51339029e+005 3.39914944e+005 1.45578329e+005 4.15902095e+004 1.25212364e+004 3.87182836e+003 1.44240899e+003 6.38624574e+002 2.98729757e+002 1.36444219e+002 5.02912082e+001 2.16486492e+001 1.22898141e+001 9.11377160e+000 5.43308228e+000 2.88024984e+000 2.01479132e+000
61509.70833333 0.000000 0.000000 0.000000 4.49573156e+005 3.31070078e+005 1.08035775e+005 1.47358915e+004 8.21939404e+002 1.38640736e+002 4.26936140e+001 9.94859420e+000 2.61468416e+000 7.68283484e-001 3.24657147e-001 1.71572227e-001 9.16696931e-002 5.14413492e-002 2.98681866e-002 1.66760380e-002 9.70090436e-003 6.88498285e-003 3.86319974e-003 2.02977280e-003 1.09863402e-003
61519.50833333 0.000000 0.000000 0.000000 2.65457932e+007 1.73464101e+007 4.84012818e+006 1.44355454e+006 3.80046430e+005 1.73327592e+005 8.11711525e+004 2.97866685e+004 1.03160985e+004 2.94846874e+003 1.11291062e+003 3.93618776e+002 1.43568583e+002 6.18913651e+001 2.54329976e+001 1.19726190e+001 6.94968553e+000 4.74788873e+000 2.70376169e+000 1.52446473e+000 1.10376948e+000
61529.30833333 0.000000 0.000000 0.000000 3.92114783e+007 2.56033618e+007 6.89050666e+006 1.69452103e+006 4.58287248e+005 1.90802237e+005 8.88997569e+004 4.04240230e+004 1.29694076e+004 4.06748817e+003 1.28134686e+003 4.59675604e+002 1.81162228e+002 6.02933708e+001 2.25678645e+001 1.14829378e+001 6.88163227e+000 5.42755134e+000 3.83390950e+000 2.41305728e+000 1.59218525e+000
61531.10244374 0.000000 0.000000 0.000000 0.00000000e+000 0.00000000e+000 0.00000000e+000 0.00000000e+000 0.00000000e+000 0.00000000e+000 0.00000000e+000 0.00000000e+000 0.00000000e+000 0.00000000e+000 0.00000000e+000 0.00000000e+000 0.00000000e+000 0.00000000e+000 0.00000000e+000 0.00000000e+000 0.00000000e+000 0.00000000e+000 0.00000000e+000 0.00000000e+000 0.00000000e+000
