# Ae9Ap9 Model output file: MoonBEAM_trajectory_trade/Rp30408_22N.AP9.output_mc_fluxIntvAvg_095.txt
# Ae9Ap9 Software Version:  1.50.001
#
# Model type:               AP9
# Particle species:         H+
# Flux type:                1PtDiff
# Flux direction:           Omnidirectional
# Energy levels (MeV):       0.1 0.2 0.4 0.6 0.8 1 2 4 6 8 10 15 20 30 50 60 80 100 150 200 300 400 700 1200 2000
#
# Accumulation mode:        Interval, length = 846720 seconds (9.8 days)
#
# Time format:              Modified Julian Date
# Coordinate system:        GEI (Geocentric Equatorial Inertial) Cartesian in km
# Data Delimiter:           space
#
# datetime(mjd),posx(km),posy(km),posz(km),flux,flux,flux,flux,flux,flux,flux,flux,flux,flux,flux,flux,flux,flux,flux,flux,flux,flux,flux,flux,flux,flux,flux,flux,flux(#/cm^2/s/MeV)
61421.50833333 0.000000 0.000000 0.000000 3.01245660e+007 1.58997094e+007 4.67417693e+006 1.42119611e+006 5.77861574e+005 1.18638587e+005 1.07700170e+004 1.42059004e+003 4.08943183e+002 1.81027797e+002 8.02657826e+001 3.57123934e+001 1.38872362e+001 4.72705805e+000 1.89678403e+000 9.39159333e-001 5.54859915e-001 2.48010152e-001 9.82619938e-002 2.92589082e-002 9.29766063e-003 1.04025161e-003 7.08921878e-005 8.72207191e-007 1.16430295e-008
61431.30833333 0.000000 0.000000 0.000000 1.63551492e+006 5.56892610e+005 6.46919088e+004 8.44963980e+003 1.70076504e+003 1.91637785e+002 7.63600912e+000 4.40626048e-002 3.31033734e-004 5.29777027e-006 0.00000000e+000 0.00000000e+000 0.00000000e+000 0.00000000e+000 0.00000000e+000 0.00000000e+000 0.00000000e+000 0.00000000e+000 0.00000000e+000 0.00000000e+000 0.00000000e+000 0.00000000e+000 0.00000000e+000 0.00000000e+000 0.00000000e+000
61441.10833333 0.000000 0.000000 0.000000 2.13085303e+006 7.44768922e+005 8.96042467e+004 1.19959086e+004 2.44974277e+003 2.74594033e+002 1.07114469e+001 6.14312852e-002 4.48928008e-004 7.73916845e-006 0.00000000e+000 0.00000000e+000 0.00000000e+000 0.00000000e+000 0.00000000e+000 0.00000000e+000 0.00000000e+000 0.00000000e+000 0.00000000e+000 0.00000000e+000 0.00000000e+000 0.00000000e+000 0.00000000e+000 0.00000000e+000 0.00000000e+000
61450.90833333 0.000000 0.000000 0.000000 2.46915596e+006 8.94996076e+005 1.53328372e+005 3.21624617e+004 8.81036718e+003 9.12645265e+002 3.55186198e+001 6.55626383e-001 1.25684326e-002 4.47724645e-004 2.30316760e-005 0.00000000e+000 0.00000000e+000 0.00000000e+000 0.00000000e+000 0.00000000e+000 0.00000000e+000 0.00000000e+000 0.00000000e+000 0.00000000e+000 0.00000000e+000 0.00000000e+000 0.00000000e+000 0.00000000e+000 0.00000000e+000
61460.70833333 0.000000 0.000000 0.000000 2.57308957e+006 1.21039853e+006 2.39046512e+005 4.23374665e+004 9.88344420e+003 9.65866849e+002 4.07705368e+001 7.64100143e-001 1.19768262e-002 3.55557790e-004 1.41834793e-005 0.00000000e+000 0.00000000e+000 0.00000000e+000 0.00000000e+000 0.00000000e+000 0.00000000e+000 0.00000000e+000 0.00000000e+000 0.00000000e+000 0.00000000e+000 0.00000000e+000 0.00000000e+000 0.00000000e+000 0.00000000e+000
61470.50833333 0.000000 0.000000 0.000000 0.00000000e+000 0.00000000e+000 0.00000000e+000 0.00000000e+000 0.00000000e+000 0.00000000e+000 0.00000000e+000 0.00000000e+000 0.00000000e+000 0.00000000e+000 0.00000000e+000 0.00000000e+000 0.00000000e+000 0.00000000e+000 0.00000000e+000 0.00000000e+000 0.00000000e+000 0.00000000e+000 0.00000000e+000 0.00000000e+000 0.00000000e+000 0.00000000e+000 0.00000000e+000 0.00000000e+000 0.00000000e+000
61480.30833333 0.000000 0.000000 0.000000 4.75549297e+006 1.92466842e+006 2.84928372e+005 5.16651140e+004 1.34603853e+004 1.23097190e+003 3.93957724e+001 6.13140124e-001 1.31571094e-002 6.69837793e-004 5.38996764e-005 0.00000000e+000 0.00000000e+000 0.00000000e+000 0.00000000e+000 0.00000000e+000 0.00000000e+000 0.00000000e+000 0.00000000e+000 0.00000000e+000 0.00000000e+000 0.00000000e+000 0.00000000e+000 0.00000000e+000 0.00000000e+000
61490.10833333 0.000000 0.000000 0.000000 9.70837599e+005 5.70381702e+005 2.24675286e+005 6.53907230e+004 2.20816574e+004 2.76873471e+003 1.59988931e+002 3.35615023e+000 4.88005689e-002 1.35125454e-003 5.29316091e-005 0.00000000e+000 0.00000000e+000 0.00000000e+000 0.00000000e+000 0.00000000e+000 0.00000000e+000 0.00000000e+000 0.00000000e+000 0.00000000e+000 0.00000000e+000 0.00000000e+000 0.00000000e+000 0.00000000e+000 0.00000000e+000
61499.90833333 0.000000 0.000000 0.000000 2.00139612e+006 1.03371198e+006 2.91378805e+005 7.83479861e+004 2.81421616e+004 3.72109355e+003 2.03378066e+002 1.76512986e+000 2.40263959e-002 7.83827404e-004 3.93325950e-005 0.00000000e+000 0.00000000e+000 0.00000000e+000 0.00000000e+000 0.00000000e+000 0.00000000e+000 0.00000000e+000 0.00000000e+000 0.00000000e+000 0.00000000e+000 0.00000000e+000 0.00000000e+000 0.00000000e+000 0.00000000e+000
61509.70833333 0.000000 0.000000 0.000000 5.08530681e+002 1.45751999e+002 1.59150961e+001 2.59937792e+000 8.51407161e-001 1.36448851e-001 2.34699620e-003 8.05487664e-006 0.00000000e+000 0.00000000e+000 0.00000000e+000 0.00000000e+000 0.00000000e+000 0.00000000e+000 0.00000000e+000 0.00000000e+000 0.00000000e+000 0.00000000e+000 0.00000000e+000 0.00000000e+000 0.00000000e+000 0.00000000e+000 0.00000000e+000 0.00000000e+000 0.00000000e+000
61519.50833333 0.000000 0.000000 0.000000 7.84859421e+005 2.73425282e+005 5.14164359e+004 1.01502030e+004 2.73620761e+003 4.05224532e+002 2.01760522e+001 2.41128358e-001 2.00917035e-003 2.46561231e-005 0.00000000e+000 0.00000000e+000 0.00000000e+000 0.00000000e+000 0.00000000e+000 0.00000000e+000 0.00000000e+000 0.00000000e+000 0.00000000e+000 0.00000000e+000 0.00000000e+000 0.00000000e+000 0.00000000e+000 0.00000000e+000 0.00000000e+000
61529.30833333 0.000000 0.000000 0.000000 2.23053825e+006 9.05128378e+005 1.36772322e+005 2.01191549e+004 4.63215062e+003 6.42034959e+002 3.42498460e+001 1.37396822e-001 5.86505130e-004 5.46142012e-006 0.00000000e+000 0.00000000e+000 0.00000000e+000 0.00000000e+000 0.00000000e+000 0.00000000e+000 0.00000000e+000 0.00000000e+000 0.00000000e+000 0.00000000e+000 0.00000000e+000 0.00000000e+000 0.00000000e+000 0.00000000e+000 0.00000000e+000
61531.10244374 0.000000 0.000000 0.000000 0.00000000e+000 0.00000000e+000 0.00000000e+000 0.00000000e+000 0.00000000e+000 0.00000000e+000 0.00000000e+000 0.00000000e+000 0.00000000e+000 0.00000000e+000 0.00000000e+000 0.00000000e+000 0.00000000e+000 0.00000000e+000 0.00000000e+000 0.00000000e+000 0.00000000e+000 0.00000000e+000 0.00000000e+000 0.00000000e+000 0.00000000e+000 0.00000000e+000 0.00000000e+000 0.00000000e+000 0.00000000e+000
