# Ae9Ap9 Model output file: MoonBEAM_trajectory_trade/Rp30408_22N.AP9.output_mc_fluenceIntv_047.txt
# Ae9Ap9 Software Version:  1.50.001
#
# Model type:               AP9
# Particle species:         H+
# Flux type:                1PtDiff
# Flux direction:           Omnidirectional
# Energy levels (MeV):       0.1 0.2 0.4 0.6 0.8 1 2 4 6 8 10 15 20 30 50 60 80 100 150 200 300 400 700 1200 2000
#
# Accumulation mode:        Interval, length = 846720 seconds (9.8 days)
#
# Time format:              Modified Julian Date
# Coordinate system:        GEI (Geocentric Equatorial Inertial) Cartesian in km
# Data Delimiter:           space
#
# datetime(mjd),posx(km),posy(km),posz(km),fluence,fluence,fluence,fluence,fluence,fluence,fluence,fluence,fluence,fluence,fluence,fluence,fluence,fluence,fluence,fluence,fluence,fluence,fluence,fluence,fluence,fluence,fluence,fluence,fluence(#/cm^2/MeV)
61421.50833333 0.000000 0.000000 0.000000 2.54236719e+013 1.19207699e+013 3.87942261e+012 1.45688512e+012 6.58791079e+011 1.53266767e+011 1.40730588e+010 1.54129001e+009 2.65126734e+008 8.86340832e+007 3.47247518e+007 1.44843366e+007 5.89935851e+006 2.62577274e+006 1.50458386e+006 1.02293740e+006 8.27190283e+005 5.34921538e+005 3.06128409e+005 1.31403456e+005 5.05264246e+004 4.83482870e+003 2.64270967e+002 3.88442952e+000 4.69767331e-002
61431.30833333 0.000000 0.000000 0.000000 2.62269226e+013 1.21493394e+013 3.90624084e+012 1.46094945e+012 6.59783733e+011 1.53422706e+011 1.40748070e+010 1.54131572e+009 2.65127071e+008 8.86340889e+007 3.47247518e+007 1.44843366e+007 5.89935851e+006 2.62577274e+006 1.50458386e+006 1.02293740e+006 8.27190283e+005 5.34921538e+005 3.06128409e+005 1.31403456e+005 5.05264246e+004 4.83482870e+003 2.64270967e+002 3.88442952e+000 4.69767331e-002
61441.10833333 0.000000 0.000000 0.000000 2.72709503e+013 1.24524171e+013 3.94308140e+012 1.46661975e+012 6.61171574e+011 1.53639597e+011 1.40772972e+010 1.54135209e+009 2.65127557e+008 8.86340972e+007 3.47247518e+007 1.44843366e+007 5.89935851e+006 2.62577274e+006 1.50458386e+006 1.02293740e+006 8.27190283e+005 5.34921538e+005 3.06128409e+005 1.31403456e+005 5.05264246e+004 4.83482870e+003 2.64270967e+002 3.88442952e+000 4.69767331e-002
61450.90833333 0.000000 0.000000 0.000000 3.66495389e+013 1.78239555e+013 5.09898619e+012 1.72700051e+012 7.49488094e+011 1.66630126e+011 1.42351946e+010 1.54168455e+009 2.65130958e+008 8.86341868e+007 3.47247564e+007 1.44843366e+007 5.89935851e+006 2.62577274e+006 1.50458386e+006 1.02293740e+006 8.27190283e+005 5.34921538e+005 3.06128409e+005 1.31403456e+005 5.05264246e+004 4.83482870e+003 2.64270967e+002 3.88442952e+000 4.69767331e-002
61460.70833333 0.000000 0.000000 0.000000 4.19649769e+013 1.94643403e+013 5.26903996e+012 1.74922864e+012 7.53919531e+011 1.67112590e+011 1.42410453e+010 1.54174868e+009 2.65131703e+008 8.86342028e+007 3.47247570e+007 1.44843366e+007 5.89935851e+006 2.62577274e+006 1.50458386e+006 1.02293740e+006 8.27190283e+005 5.34921538e+005 3.06128409e+005 1.31403456e+005 5.05264246e+004 4.83482870e+003 2.64270967e+002 3.88442952e+000 4.69767331e-002
61470.50833333 0.000000 0.000000 0.000000 4.19649769e+013 1.94643403e+013 5.26903996e+012 1.74922864e+012 7.53919531e+011 1.67112590e+011 1.42410453e+010 1.54174868e+009 2.65131703e+008 8.86342028e+007 3.47247570e+007 1.44843366e+007 5.89935851e+006 2.62577274e+006 1.50458386e+006 1.02293740e+006 8.27190283e+005 5.34921538e+005 3.06128409e+005 1.31403456e+005 5.05264246e+004 4.83482870e+003 2.64270967e+002 3.88442952e+000 4.69767331e-002
61480.30833333 0.000000 0.000000 0.000000 4.38480813e+013 2.07762122e+013 5.86882844e+012 1.96906875e+012 8.49736754e+011 1.83486490e+011 1.47717991e+010 1.54394589e+009 2.65163810e+008 8.86351472e+007 3.47248060e+007 1.44843366e+007 5.89935851e+006 2.62577274e+006 1.50458386e+006 1.02293740e+006 8.27190283e+005 5.34921538e+005 3.06128409e+005 1.31403456e+005 5.05264246e+004 4.83482870e+003 2.64270967e+002 3.88442952e+000 4.69767331e-002
61490.10833333 0.000000 0.000000 0.000000 4.68609156e+013 2.27857716e+013 6.66489037e+012 2.19443740e+012 9.28988529e+011 1.95692695e+011 1.50437807e+010 1.54665702e+009 2.65188223e+008 8.86355031e+007 3.47248171e+007 1.44843366e+007 5.89935851e+006 2.62577274e+006 1.50458386e+006 1.02293740e+006 8.27190283e+005 5.34921538e+005 3.06128409e+005 1.31403456e+005 5.05264246e+004 4.83482870e+003 2.64270967e+002 3.88442952e+000 4.69767331e-002
61499.90833333 0.000000 0.000000 0.000000 4.93112382e+013 2.42878642e+013 7.17413878e+012 2.33703034e+012 9.79233178e+011 2.03365446e+011 1.52139238e+010 1.54772864e+009 2.65199605e+008 8.86357608e+007 3.47248286e+007 1.44843366e+007 5.89935851e+006 2.62577274e+006 1.50458386e+006 1.02293740e+006 8.27190283e+005 5.34921538e+005 3.06128409e+005 1.31403456e+005 5.05264246e+004 4.83482870e+003 2.64270967e+002 3.88442952e+000 4.69767331e-002
61509.70833333 0.000000 0.000000 0.000000 4.93119491e+013 2.42880812e+013 7.17416474e+012 2.33703477e+012 9.79234434e+011 2.03365510e+011 1.52139242e+010 1.54772864e+009 2.65199605e+008 8.86357608e+007 3.47248286e+007 1.44843366e+007 5.89935851e+006 2.62577274e+006 1.50458386e+006 1.02293740e+006 8.27190283e+005 5.34921538e+005 3.06128409e+005 1.31403456e+005 5.05264246e+004 4.83482870e+003 2.64270967e+002 3.88442952e+000 4.69767331e-002
61519.50833333 0.000000 0.000000 0.000000 5.08916700e+013 2.48445595e+013 7.24521077e+012 2.34784331e+012 9.82093396e+011 2.03896917e+011 1.52212826e+010 1.54777879e+009 2.65199988e+008 8.86357659e+007 3.47248286e+007 1.44843366e+007 5.89935851e+006 2.62577274e+006 1.50458386e+006 1.02293740e+006 8.27190283e+005 5.34921538e+005 3.06128409e+005 1.31403456e+005 5.05264246e+004 4.83482870e+003 2.64270967e+002 3.88442952e+000 4.69767331e-002
61529.30833333 0.000000 0.000000 0.000000 5.27715825e+013 2.55485779e+013 7.33828085e+012 2.36106757e+012 9.85145229e+011 2.04415905e+011 1.52265056e+010 1.54780827e+009 2.65200130e+008 8.86357673e+007 3.47248286e+007 1.44843366e+007 5.89935851e+006 2.62577274e+006 1.50458386e+006 1.02293740e+006 8.27190283e+005 5.34921538e+005 3.06128409e+005 1.31403456e+005 5.05264246e+004 4.83482870e+003 2.64270967e+002 3.88442952e+000 4.69767331e-002
61531.10244374 0.000000 0.000000 0.000000 5.27715825e+013 2.55485779e+013 7.33828085e+012 2.36106757e+012 9.85145229e+011 2.04415905e+011 1.52265056e+010 1.54780827e+009 2.65200130e+008 8.86357673e+007 3.47248286e+007 1.44843366e+007 5.89935851e+006 2.62577274e+006 1.50458386e+006 1.02293740e+006 8.27190283e+005 5.34921538e+005 3.06128409e+005 1.31403456e+005 5.05264246e+004 4.83482870e+003 2.64270967e+002 3.88442952e+000 4.69767331e-002
