# Ae9Ap9 Model output file: MoonBEAM_trajectory_trade/Rp30408_22N.AP9.output_mc_fluxIntvAvg_064.txt
# Ae9Ap9 Software Version:  1.50.001
#
# Model type:               AP9
# Particle species:         H+
# Flux type:                1PtDiff
# Flux direction:           Omnidirectional
# Energy levels (MeV):       0.1 0.2 0.4 0.6 0.8 1 2 4 6 8 10 15 20 30 50 60 80 100 150 200 300 400 700 1200 2000
#
# Accumulation mode:        Interval, length = 846720 seconds (9.8 days)
#
# Time format:              Modified Julian Date
# Coordinate system:        GEI (Geocentric Equatorial Inertial) Cartesian in km
# Data Delimiter:           space
#
# datetime(mjd),posx(km),posy(km),posz(km),flux,flux,flux,flux,flux,flux,flux,flux,flux,flux,flux,flux,flux,flux,flux,flux,flux,flux,flux,flux,flux,flux,flux,flux,flux(#/cm^2/s/MeV)
61421.50833333 0.000000 0.000000 0.000000 5.90446771e+006 3.00673428e+006 1.60708534e+006 8.71250759e+005 4.71399836e+005 1.18279568e+005 1.43566646e+004 1.72106219e+003 4.47381874e+002 1.83880922e+002 7.23300021e+001 2.66050042e+001 8.39078732e+000 2.79350275e+000 1.29676102e+000 8.26085507e-001 6.07285026e-001 3.51174987e-001 1.78337459e-001 6.95267473e-002 2.47697000e-002 2.20948601e-003 9.73781935e-005 1.63808288e-006 2.57910473e-008
61431.30833333 0.000000 0.000000 0.000000 1.76875113e+006 9.42384827e+005 1.97639924e+005 3.58538891e+004 9.13343735e+003 1.35910892e+003 6.93461623e+001 2.55497253e-001 1.09818189e-003 9.72030371e-006 0.00000000e+000 0.00000000e+000 0.00000000e+000 0.00000000e+000 0.00000000e+000 0.00000000e+000 0.00000000e+000 0.00000000e+000 0.00000000e+000 0.00000000e+000 0.00000000e+000 0.00000000e+000 0.00000000e+000 0.00000000e+000 0.00000000e+000
61441.10833333 0.000000 0.000000 0.000000 2.21222855e+006 1.20083975e+006 2.65164319e+005 4.98224535e+004 1.30094803e+004 1.94690768e+003 9.88693185e+001 3.44481526e-001 1.40161157e-003 1.27805504e-005 0.00000000e+000 0.00000000e+000 0.00000000e+000 0.00000000e+000 0.00000000e+000 0.00000000e+000 0.00000000e+000 0.00000000e+000 0.00000000e+000 0.00000000e+000 0.00000000e+000 0.00000000e+000 0.00000000e+000 0.00000000e+000 0.00000000e+000
61450.90833333 0.000000 0.000000 0.000000 1.19913362e+006 5.59607170e+005 1.48801270e+005 4.10801148e+004 1.46162080e+004 2.29734059e+003 1.39268631e+002 9.44714272e-001 9.48424672e-003 2.12101383e-004 9.46447769e-006 0.00000000e+000 0.00000000e+000 0.00000000e+000 0.00000000e+000 0.00000000e+000 0.00000000e+000 0.00000000e+000 0.00000000e+000 0.00000000e+000 0.00000000e+000 0.00000000e+000 0.00000000e+000 0.00000000e+000 0.00000000e+000
61460.70833333 0.000000 0.000000 0.000000 6.02234141e+005 3.89103557e+005 1.94795960e+005 7.21521449e+004 3.00716114e+004 5.45679719e+003 4.22355026e+002 5.28281588e+000 5.45328113e-002 8.14945016e-004 2.30403761e-005 0.00000000e+000 0.00000000e+000 0.00000000e+000 0.00000000e+000 0.00000000e+000 0.00000000e+000 0.00000000e+000 0.00000000e+000 0.00000000e+000 0.00000000e+000 0.00000000e+000 0.00000000e+000 0.00000000e+000 0.00000000e+000
61470.50833333 0.000000 0.000000 0.000000 0.00000000e+000 0.00000000e+000 0.00000000e+000 0.00000000e+000 0.00000000e+000 0.00000000e+000 0.00000000e+000 0.00000000e+000 0.00000000e+000 0.00000000e+000 0.00000000e+000 0.00000000e+000 0.00000000e+000 0.00000000e+000 0.00000000e+000 0.00000000e+000 0.00000000e+000 0.00000000e+000 0.00000000e+000 0.00000000e+000 0.00000000e+000 0.00000000e+000 0.00000000e+000 0.00000000e+000 0.00000000e+000
61480.30833333 0.000000 0.000000 0.000000 2.62443175e+006 1.15737373e+006 2.05645149e+005 4.05420890e+004 1.07513907e+004 1.17164667e+003 6.10347943e+001 1.59630345e+000 2.86210823e-002 9.62891169e-004 6.07348992e-005 0.00000000e+000 0.00000000e+000 0.00000000e+000 0.00000000e+000 0.00000000e+000 0.00000000e+000 0.00000000e+000 0.00000000e+000 0.00000000e+000 0.00000000e+000 0.00000000e+000 0.00000000e+000 0.00000000e+000 0.00000000e+000
61490.10833333 0.000000 0.000000 0.000000 1.95399568e+006 8.47331111e+005 1.56078230e+005 3.13543064e+004 8.32911335e+003 1.08219453e+003 4.62197121e+001 4.49498589e-001 5.72616969e-003 1.23095743e-004 4.41601435e-006 0.00000000e+000 0.00000000e+000 0.00000000e+000 0.00000000e+000 0.00000000e+000 0.00000000e+000 0.00000000e+000 0.00000000e+000 0.00000000e+000 0.00000000e+000 0.00000000e+000 0.00000000e+000 0.00000000e+000 0.00000000e+000
61499.90833333 0.000000 0.000000 0.000000 7.95552950e+005 2.86617003e+005 6.05715512e+004 1.35974465e+004 3.55273934e+003 4.28163950e+002 2.37881939e+001 4.38217449e-001 5.12592330e-003 1.12945603e-004 4.69819447e-006 0.00000000e+000 0.00000000e+000 0.00000000e+000 0.00000000e+000 0.00000000e+000 0.00000000e+000 0.00000000e+000 0.00000000e+000 0.00000000e+000 0.00000000e+000 0.00000000e+000 0.00000000e+000 0.00000000e+000 0.00000000e+000
61509.70833333 0.000000 0.000000 0.000000 1.52939634e+002 4.15942659e+001 5.21107710e+000 1.00755080e+000 3.24640735e-001 4.59976615e-002 6.25634370e-004 1.17044597e-006 0.00000000e+000 0.00000000e+000 0.00000000e+000 0.00000000e+000 0.00000000e+000 0.00000000e+000 0.00000000e+000 0.00000000e+000 0.00000000e+000 0.00000000e+000 0.00000000e+000 0.00000000e+000 0.00000000e+000 0.00000000e+000 0.00000000e+000 0.00000000e+000 0.00000000e+000
61519.50833333 0.000000 0.000000 0.000000 1.00001663e+006 4.04402878e+005 7.22432870e+004 1.25125786e+004 3.07531604e+003 5.29824398e+002 3.80259161e+001 3.23001281e-001 1.57416161e-003 1.31364159e-005 0.00000000e+000 0.00000000e+000 0.00000000e+000 0.00000000e+000 0.00000000e+000 0.00000000e+000 0.00000000e+000 0.00000000e+000 0.00000000e+000 0.00000000e+000 0.00000000e+000 0.00000000e+000 0.00000000e+000 0.00000000e+000 0.00000000e+000
61529.30833333 0.000000 0.000000 0.000000 2.33682141e+006 6.51365798e+005 5.13235687e+004 5.65214155e+003 1.14272279e+003 1.93765728e+002 1.32230020e+001 6.03918750e-002 2.11103992e-004 1.52835502e-006 0.00000000e+000 0.00000000e+000 0.00000000e+000 0.00000000e+000 0.00000000e+000 0.00000000e+000 0.00000000e+000 0.00000000e+000 0.00000000e+000 0.00000000e+000 0.00000000e+000 0.00000000e+000 0.00000000e+000 0.00000000e+000 0.00000000e+000
61531.10244374 0.000000 0.000000 0.000000 0.00000000e+000 0.00000000e+000 0.00000000e+000 0.00000000e+000 0.00000000e+000 0.00000000e+000 0.00000000e+000 0.00000000e+000 0.00000000e+000 0.00000000e+000 0.00000000e+000 0.00000000e+000 0.00000000e+000 0.00000000e+000 0.00000000e+000 0.00000000e+000 0.00000000e+000 0.00000000e+000 0.00000000e+000 0.00000000e+000 0.00000000e+000 0.00000000e+000 0.00000000e+000 0.00000000e+000 0.00000000e+000
