# Ae9Ap9 Model output file: MoonBEAM_trajectory_trade/Rp30408_22N.AP9.output_mc_fluxIntvAvg_080.txt
# Ae9Ap9 Software Version:  1.50.001
#
# Model type:               AP9
# Particle species:         H+
# Flux type:                1PtDiff
# Flux direction:           Omnidirectional
# Energy levels (MeV):       0.1 0.2 0.4 0.6 0.8 1 2 4 6 8 10 15 20 30 50 60 80 100 150 200 300 400 700 1200 2000
#
# Accumulation mode:        Interval, length = 846720 seconds (9.8 days)
#
# Time format:              Modified Julian Date
# Coordinate system:        GEI (Geocentric Equatorial Inertial) Cartesian in km
# Data Delimiter:           space
#
# datetime(mjd),posx(km),posy(km),posz(km),flux,flux,flux,flux,flux,flux,flux,flux,flux,flux,flux,flux,flux,flux,flux,flux,flux,flux,flux,flux,flux,flux,flux,flux,flux(#/cm^2/s/MeV)
61421.50833333 0.000000 0.000000 0.000000 2.18163479e+007 1.17637754e+007 4.72867179e+006 1.81186490e+006 8.08010368e+005 1.79090006e+005 1.47649798e+004 1.57670384e+003 3.11952287e+002 1.19137644e+002 5.11706598e+001 2.27290704e+001 9.35969898e+000 4.05701792e+000 2.05339312e+000 1.27309789e+000 9.41752514e-001 5.39672946e-001 2.66821897e-001 9.41649685e-002 3.07262947e-002 3.20725949e-003 2.18889025e-004 5.22959872e-006 7.06396692e-008
61431.30833333 0.000000 0.000000 0.000000 1.34344984e+006 3.95316999e+005 4.51210272e+004 6.71858174e+003 1.63706411e+003 2.51298420e+002 5.80287702e+000 2.97365983e-002 1.83843254e-004 2.16623408e-006 0.00000000e+000 0.00000000e+000 0.00000000e+000 0.00000000e+000 0.00000000e+000 0.00000000e+000 0.00000000e+000 0.00000000e+000 0.00000000e+000 0.00000000e+000 0.00000000e+000 0.00000000e+000 0.00000000e+000 0.00000000e+000 0.00000000e+000
61441.10833333 0.000000 0.000000 0.000000 1.74049133e+006 5.28674124e+005 6.26663391e+004 9.56883215e+003 2.36628359e+003 3.61231956e+002 8.23064209e+000 4.17143473e-002 2.56566596e-004 3.19416848e-006 0.00000000e+000 0.00000000e+000 0.00000000e+000 0.00000000e+000 0.00000000e+000 0.00000000e+000 0.00000000e+000 0.00000000e+000 0.00000000e+000 0.00000000e+000 0.00000000e+000 0.00000000e+000 0.00000000e+000 0.00000000e+000 0.00000000e+000
61450.90833333 0.000000 0.000000 0.000000 4.69107531e+006 1.92072263e+006 4.15000176e+005 9.00531395e+004 2.57720247e+004 3.21840521e+003 7.95609779e+001 6.04029707e-001 6.06308163e-003 1.31108369e-004 5.95792443e-006 0.00000000e+000 0.00000000e+000 0.00000000e+000 0.00000000e+000 0.00000000e+000 0.00000000e+000 0.00000000e+000 0.00000000e+000 0.00000000e+000 0.00000000e+000 0.00000000e+000 0.00000000e+000 0.00000000e+000 0.00000000e+000
61460.70833333 0.000000 0.000000 0.000000 3.31449043e+006 1.29072810e+006 2.42494278e+005 4.29210134e+004 9.74524613e+003 1.04500481e+003 1.84659958e+001 2.76997840e-001 3.43063160e-003 7.02482458e-005 2.78739488e-006 0.00000000e+000 0.00000000e+000 0.00000000e+000 0.00000000e+000 0.00000000e+000 0.00000000e+000 0.00000000e+000 0.00000000e+000 0.00000000e+000 0.00000000e+000 0.00000000e+000 0.00000000e+000 0.00000000e+000 0.00000000e+000
61470.50833333 0.000000 0.000000 0.000000 0.00000000e+000 0.00000000e+000 0.00000000e+000 0.00000000e+000 0.00000000e+000 0.00000000e+000 0.00000000e+000 0.00000000e+000 0.00000000e+000 0.00000000e+000 0.00000000e+000 0.00000000e+000 0.00000000e+000 0.00000000e+000 0.00000000e+000 0.00000000e+000 0.00000000e+000 0.00000000e+000 0.00000000e+000 0.00000000e+000 0.00000000e+000 0.00000000e+000 0.00000000e+000 0.00000000e+000 0.00000000e+000
61480.30833333 0.000000 0.000000 0.000000 2.47251076e+006 1.55614910e+006 6.68761725e+005 1.96717234e+005 6.05035628e+004 6.72529060e+003 1.31290888e+002 1.82367317e+000 3.38498384e-002 1.16238343e-003 6.90617290e-005 0.00000000e+000 0.00000000e+000 0.00000000e+000 0.00000000e+000 0.00000000e+000 0.00000000e+000 0.00000000e+000 0.00000000e+000 0.00000000e+000 0.00000000e+000 0.00000000e+000 0.00000000e+000 0.00000000e+000 0.00000000e+000
61490.10833333 0.000000 0.000000 0.000000 6.00743291e+006 2.73920648e+006 5.56241565e+005 1.09362301e+005 2.85199507e+004 3.39871653e+003 7.12114974e+001 5.58188325e-001 5.92398550e-003 1.06002224e-004 3.87999815e-006 0.00000000e+000 0.00000000e+000 0.00000000e+000 0.00000000e+000 0.00000000e+000 0.00000000e+000 0.00000000e+000 0.00000000e+000 0.00000000e+000 0.00000000e+000 0.00000000e+000 0.00000000e+000 0.00000000e+000 0.00000000e+000
61499.90833333 0.000000 0.000000 0.000000 4.24403453e+006 1.74887198e+006 3.35930797e+005 6.80085806e+004 1.85639378e+004 2.16022537e+003 3.59365994e+001 1.31289931e-001 1.23181995e-003 2.75160937e-005 1.24633401e-006 0.00000000e+000 0.00000000e+000 0.00000000e+000 0.00000000e+000 0.00000000e+000 0.00000000e+000 0.00000000e+000 0.00000000e+000 0.00000000e+000 0.00000000e+000 0.00000000e+000 0.00000000e+000 0.00000000e+000 0.00000000e+000
61509.70833333 0.000000 0.000000 0.000000 5.75533329e+002 1.54647494e+002 1.80924004e+001 3.10339442e+000 8.59329249e-001 6.91721471e-002 4.99800417e-004 1.26818610e-006 0.00000000e+000 0.00000000e+000 0.00000000e+000 0.00000000e+000 0.00000000e+000 0.00000000e+000 0.00000000e+000 0.00000000e+000 0.00000000e+000 0.00000000e+000 0.00000000e+000 0.00000000e+000 0.00000000e+000 0.00000000e+000 0.00000000e+000 0.00000000e+000 0.00000000e+000
61519.50833333 0.000000 0.000000 0.000000 1.99509383e+006 1.10750683e+006 3.72469177e+005 9.90432190e+004 3.27879295e+004 5.50807863e+003 1.31017085e+002 6.44417256e-001 2.34375670e-003 1.52250606e-005 0.00000000e+000 0.00000000e+000 0.00000000e+000 0.00000000e+000 0.00000000e+000 0.00000000e+000 0.00000000e+000 0.00000000e+000 0.00000000e+000 0.00000000e+000 0.00000000e+000 0.00000000e+000 0.00000000e+000 0.00000000e+000 0.00000000e+000
61529.30833333 0.000000 0.000000 0.000000 2.56739105e+006 1.13015391e+006 2.65965179e+005 6.06119017e+004 1.86636749e+004 3.16891127e+003 5.80992387e+001 2.81077802e-001 1.34216270e-003 7.48192512e-006 0.00000000e+000 0.00000000e+000 0.00000000e+000 0.00000000e+000 0.00000000e+000 0.00000000e+000 0.00000000e+000 0.00000000e+000 0.00000000e+000 0.00000000e+000 0.00000000e+000 0.00000000e+000 0.00000000e+000 0.00000000e+000 0.00000000e+000
61531.10244374 0.000000 0.000000 0.000000 0.00000000e+000 0.00000000e+000 0.00000000e+000 0.00000000e+000 0.00000000e+000 0.00000000e+000 0.00000000e+000 0.00000000e+000 0.00000000e+000 0.00000000e+000 0.00000000e+000 0.00000000e+000 0.00000000e+000 0.00000000e+000 0.00000000e+000 0.00000000e+000 0.00000000e+000 0.00000000e+000 0.00000000e+000 0.00000000e+000 0.00000000e+000 0.00000000e+000 0.00000000e+000 0.00000000e+000 0.00000000e+000
