# Ae9Ap9 Model output file: MoonBEAM_trajectory_trade/Rp30408_22N.AE9.output_mc_fluxIntvAvg_060.txt
# Ae9Ap9 Software Version:  1.50.001
#
# Model type:               AE9
# Particle species:         e-
# Flux type:                1PtDiff
# Flux direction:           Omnidirectional
# Energy levels (MeV):       0.04 0.07 0.1 0.25 0.5 0.75 1 1.5 2 2.5 3 3.5 4 4.5 5 5.5 6 6.5 7 8.5 10
#
# Accumulation mode:        Interval, length = 846720 seconds (9.8 days)
#
# Time format:              Modified Julian Date
# Coordinate system:        GEI (Geocentric Equatorial Inertial) Cartesian in km
# Data Delimiter:           space
#
# datetime(mjd),posx(km),posy(km),posz(km),flux,flux,flux,flux,flux,flux,flux,flux,flux,flux,flux,flux,flux,flux,flux,flux,flux,flux,flux,flux,flux(#/cm^2/s/MeV)
61421.50833333 0.000000 0.000000 0.000000 4.57434886e+007 3.50028194e+007 1.39611143e+007 2.34176480e+006 5.17265382e+005 2.00889278e+005 8.45244180e+004 2.91271255e+004 9.98454970e+003 3.38436942e+003 1.26225971e+003 4.75565251e+002 1.86985290e+002 7.49329059e+001 3.04327878e+001 1.37269767e+001 7.39517777e+000 4.67003911e+000 2.59163068e+000 1.21252392e+000 7.46943440e-001
61431.30833333 0.000000 0.000000 0.000000 4.99071608e+006 4.43347368e+006 2.06712839e+006 7.79253865e+005 1.90813432e+005 7.11880713e+004 3.05469223e+004 8.64773025e+003 1.45768185e+003 1.89394047e+002 4.22503131e+001 1.28969455e+001 4.97549110e+000 2.23908298e+000 1.13027920e+000 6.17810663e-001 3.75839488e-001 2.50906899e-001 1.44251952e-001 7.60003405e-002 4.84632915e-002
61441.10833333 0.000000 0.000000 0.000000 7.01855544e+006 5.96573268e+006 2.66197759e+006 9.31751544e+005 2.21480152e+005 8.24552176e+004 3.49391881e+004 1.03722437e+004 1.96120827e+003 2.60251217e+002 5.23025993e+001 1.49760945e+001 5.48915655e+000 2.38236347e+000 1.19303129e+000 6.54866281e-001 3.97524287e-001 2.62083194e-001 1.48565510e-001 7.79056427e-002 5.05610677e-002
61450.90833333 0.000000 0.000000 0.000000 1.12937006e+007 7.01007183e+006 2.46058265e+006 2.78466236e+005 6.05584618e+004 2.49649725e+004 8.34947441e+003 1.51412017e+003 3.86951710e+002 1.10636586e+002 3.47425838e+001 1.12820399e+001 3.86488819e+000 1.46639751e+000 6.50715905e-001 3.02188486e-001 1.52988315e-001 8.10226817e-002 3.89120863e-002 1.76179979e-002 1.16986492e-002
61460.70833333 0.000000 0.000000 0.000000 6.59760349e+005 8.42487541e+005 5.24002643e+005 4.79796320e+005 2.20362206e+005 1.04785594e+005 5.32017244e+004 2.06160849e+004 5.78485177e+003 1.39590067e+003 4.15131326e+002 1.35514110e+002 4.73051986e+001 1.75916905e+001 6.89145643e+000 3.14755814e+000 1.73741072e+000 1.14208300e+000 6.53874779e-001 3.34807636e-001 2.20598852e-001
61470.50833333 0.000000 0.000000 0.000000 0.00000000e+000 0.00000000e+000 0.00000000e+000 0.00000000e+000 0.00000000e+000 0.00000000e+000 0.00000000e+000 0.00000000e+000 0.00000000e+000 0.00000000e+000 0.00000000e+000 0.00000000e+000 0.00000000e+000 0.00000000e+000 0.00000000e+000 0.00000000e+000 0.00000000e+000 0.00000000e+000 0.00000000e+000 0.00000000e+000 0.00000000e+000
61480.30833333 0.000000 0.000000 0.000000 4.77866762e+006 4.29361132e+006 1.76678360e+006 3.21426280e+005 1.14786871e+005 5.60122368e+004 2.50177163e+004 7.29671496e+003 2.06994253e+003 6.45726516e+002 2.31976290e+002 8.67346548e+001 3.22455396e+001 1.21317324e+001 4.57433008e+000 1.91666175e+000 9.61284241e-001 5.82894167e-001 3.18720072e-001 1.43260673e-001 8.35314907e-002
61490.10833333 0.000000 0.000000 0.000000 1.39061944e+007 1.07522313e+007 4.51371004e+006 1.74899418e+006 8.01140788e+005 4.38565536e+005 2.18749970e+005 7.70957958e+004 2.85086315e+004 1.00897847e+004 3.66519146e+003 1.33968429e+003 4.75053828e+002 1.59147732e+002 4.74078139e+001 1.74444161e+001 8.71769488e+000 5.97982027e+000 3.60163051e+000 1.71958823e+000 1.03810902e+000
61499.90833333 0.000000 0.000000 0.000000 3.60824681e+005 3.38949198e+005 1.87883032e+005 1.21092331e+005 5.03384193e+004 2.03211064e+004 8.62726814e+003 2.88065046e+003 8.54635717e+002 2.36373296e+002 8.07549032e+001 2.88377645e+001 1.11566737e+001 4.66970095e+000 2.13880116e+000 1.06065846e+000 5.98522294e-001 3.79369833e-001 2.10424439e-001 1.09269232e-001 7.38427194e-002
61509.70833333 0.000000 0.000000 0.000000 8.73790462e+003 8.01670312e+003 3.06709050e+003 8.34559489e+002 1.56417180e+002 2.33829099e+001 6.86151169e+000 1.81443045e+000 5.23342105e-001 1.92441906e-001 9.18406120e-002 5.07439277e-002 3.11153352e-002 1.98464531e-002 1.21722760e-002 6.65689515e-003 4.07314407e-003 3.02736869e-003 1.81399710e-003 1.03246395e-003 5.36997896e-004
61519.50833333 0.000000 0.000000 0.000000 1.18962817e+007 8.89283103e+006 3.27357493e+006 6.31741809e+005 1.70422070e+005 6.86180159e+004 2.83668133e+004 8.23100817e+003 1.77768998e+003 3.14320506e+002 7.35108608e+001 2.02696682e+001 6.51237637e+000 2.53194836e+000 1.20886480e+000 6.36361456e-001 3.57680371e-001 2.14224338e-001 1.10188603e-001 5.06947926e-002 3.12271075e-002
61529.30833333 0.000000 0.000000 0.000000 6.32416337e+005 6.71529085e+005 3.09687639e+005 4.10975500e+004 1.08350823e+004 4.83454514e+003 2.17187253e+003 9.33550379e+002 2.17420753e+002 3.96341473e+001 1.00798244e+001 3.53223728e+000 1.54180940e+000 7.62763182e-001 4.27855773e-001 2.36510484e-001 1.30018366e-001 7.34853257e-002 3.54757554e-002 1.43540586e-002 7.83965037e-003
61531.10244374 0.000000 0.000000 0.000000 0.00000000e+000 0.00000000e+000 0.00000000e+000 0.00000000e+000 0.00000000e+000 0.00000000e+000 0.00000000e+000 0.00000000e+000 0.00000000e+000 0.00000000e+000 0.00000000e+000 0.00000000e+000 0.00000000e+000 0.00000000e+000 0.00000000e+000 0.00000000e+000 0.00000000e+000 0.00000000e+000 0.00000000e+000 0.00000000e+000 0.00000000e+000
