# Ae9Ap9 Model output file: MoonBEAM_trajectory_trade/Rp30408_22N.AE9.output_mc_fluxIntvAvg_013.txt
# Ae9Ap9 Software Version:  1.50.001
#
# Model type:               AE9
# Particle species:         e-
# Flux type:                1PtDiff
# Flux direction:           Omnidirectional
# Energy levels (MeV):       0.04 0.07 0.1 0.25 0.5 0.75 1 1.5 2 2.5 3 3.5 4 4.5 5 5.5 6 6.5 7 8.5 10
#
# Accumulation mode:        Interval, length = 846720 seconds (9.8 days)
#
# Time format:              Modified Julian Date
# Coordinate system:        GEI (Geocentric Equatorial Inertial) Cartesian in km
# Data Delimiter:           space
#
# datetime(mjd),posx(km),posy(km),posz(km),flux,flux,flux,flux,flux,flux,flux,flux,flux,flux,flux,flux,flux,flux,flux,flux,flux,flux,flux,flux,flux(#/cm^2/s/MeV)
61421.50833333 0.000000 0.000000 0.000000 4.07706080e+007 2.20995330e+007 6.19103570e+006 6.70846083e+005 1.61368716e+005 6.03489123e+004 2.97423326e+004 2.27606618e+004 1.69054650e+004 8.95716406e+003 4.66488350e+003 2.41724203e+003 1.21978389e+003 6.33544464e+002 3.08213138e+002 1.66268992e+002 9.83711796e+001 6.81258307e+001 4.12670110e+001 2.29486891e+001 1.58047706e+001
61431.30833333 0.000000 0.000000 0.000000 4.06015816e+006 1.91718530e+006 4.78808330e+005 1.95502231e+004 4.10292513e+003 1.50719486e+003 4.78550332e+002 1.07360300e+002 5.46361614e+001 3.71863823e+001 1.74451060e+001 6.28733156e+000 1.88167809e+000 5.78223122e-001 2.06788787e-001 8.69735580e-002 4.24333393e-002 2.26896266e-002 1.06178249e-002 4.11956393e-003 2.38339274e-003
61441.10833333 0.000000 0.000000 0.000000 6.02137555e+006 2.78753734e+006 6.61241034e+005 2.72357668e+004 6.11105489e+003 2.31597011e+003 7.34884404e+002 1.44423680e+002 6.54313589e+001 4.56511689e+001 2.37403792e+001 8.88316377e+000 2.68347500e+000 8.28919754e-001 3.01813650e-001 1.30105763e-001 6.44978509e-002 3.46911958e-002 1.63627806e-002 6.43994858e-003 3.76279613e-003
61450.90833333 0.000000 0.000000 0.000000 5.45641681e+005 5.48254829e+005 2.97488794e+005 1.60534025e+005 7.14643412e+004 2.80653432e+004 1.12677772e+004 4.82956139e+003 2.30593946e+003 9.70169684e+002 3.85695106e+002 1.61149463e+002 6.51942357e+001 2.59790570e+001 1.00422203e+001 4.38134933e+000 2.30262501e+000 1.46921018e+000 8.21166040e-001 4.01955932e-001 2.58174038e-001
61460.70833333 0.000000 0.000000 0.000000 1.74856751e+006 1.70365783e+006 9.23535070e+005 5.59984931e+005 1.79439481e+005 7.03859035e+004 3.23339965e+004 1.26194045e+004 3.32848576e+003 7.74748383e+002 2.28238649e+002 7.61414352e+001 2.68457942e+001 1.01532515e+001 4.09839082e+000 1.89560078e+000 1.05840060e+000 6.96794061e-001 4.01530600e-001 2.20787428e-001 1.56628010e-001
61470.50833333 0.000000 0.000000 0.000000 0.00000000e+000 0.00000000e+000 0.00000000e+000 0.00000000e+000 0.00000000e+000 0.00000000e+000 0.00000000e+000 0.00000000e+000 0.00000000e+000 0.00000000e+000 0.00000000e+000 0.00000000e+000 0.00000000e+000 0.00000000e+000 0.00000000e+000 0.00000000e+000 0.00000000e+000 0.00000000e+000 0.00000000e+000 0.00000000e+000 0.00000000e+000
61480.30833333 0.000000 0.000000 0.000000 1.39778561e+005 7.70362563e+004 3.13828619e+004 9.75001533e+004 6.39233634e+004 3.46795963e+004 1.74158501e+004 1.01196752e+004 7.81208871e+003 3.95308341e+003 1.76582522e+003 8.32439104e+002 3.79787687e+002 1.67134504e+002 6.38835355e+001 2.68767762e+001 1.38373573e+001 9.03949436e+000 5.08577705e+000 2.41457633e+000 1.52948290e+000
61490.10833333 0.000000 0.000000 0.000000 8.16350864e+006 6.49965368e+006 2.78849454e+006 1.02341999e+006 2.94171984e+005 1.23067521e+005 5.64803224e+004 1.97497744e+004 5.14833849e+003 1.28821998e+003 4.04523795e+002 1.49235787e+002 5.64818933e+001 2.19983988e+001 8.51246415e+000 3.72754702e+000 1.97776649e+000 1.26490236e+000 7.07748692e-001 3.50617355e-001 2.27655011e-001
61499.90833333 0.000000 0.000000 0.000000 1.19083571e+006 8.60875611e+005 3.15609503e+005 1.96803177e+005 1.51488237e+005 1.01176889e+005 5.40442095e+004 2.25972194e+004 9.90885827e+003 3.87472475e+003 1.44522411e+003 5.66894567e+002 2.14681242e+002 8.01819600e+001 2.75253371e+001 1.08336236e+001 5.30022003e+000 3.28854164e+000 1.77659990e+000 7.59796635e-001 4.30726687e-001
61509.70833333 0.000000 0.000000 0.000000 1.94500449e+004 1.25407417e+004 2.72504371e+003 7.17289012e+001 1.31092078e+001 2.02289528e+000 4.73722524e-001 1.72329001e-001 6.54588060e-002 2.49913168e-002 1.12391661e-002 5.29714114e-003 2.68979280e-003 1.35230671e-003 7.60333601e-004 4.63372045e-004 3.30023680e-004 2.32174830e-004 1.22071224e-004 4.54570362e-005 2.03274554e-005
61519.50833333 0.000000 0.000000 0.000000 8.16029391e+006 6.83036879e+006 2.74366068e+006 9.65398506e+005 3.49401488e+005 1.69052616e+005 8.32452394e+004 3.47322025e+004 1.22803459e+004 3.73042318e+003 1.11776433e+003 3.60774666e+002 1.17535826e+002 4.02852367e+001 1.45942909e+001 6.55281266e+000 3.61610960e+000 2.36998104e+000 1.34396597e+000 6.77224463e-001 4.55117530e-001
61529.30833333 0.000000 0.000000 0.000000 1.05841161e+006 6.76931969e+005 2.93397173e+005 3.48696547e+005 2.27687721e+005 1.02954568e+005 4.52634148e+004 1.85117857e+004 9.97314787e+003 5.33466697e+003 2.43646432e+003 1.05718863e+003 4.51897593e+002 1.96237984e+002 8.04344392e+001 3.96824269e+001 2.39264588e+001 1.72510176e+001 1.06364047e+001 5.62777903e+000 3.63366536e+000
61531.10244374 0.000000 0.000000 0.000000 0.00000000e+000 0.00000000e+000 0.00000000e+000 0.00000000e+000 0.00000000e+000 0.00000000e+000 0.00000000e+000 0.00000000e+000 0.00000000e+000 0.00000000e+000 0.00000000e+000 0.00000000e+000 0.00000000e+000 0.00000000e+000 0.00000000e+000 0.00000000e+000 0.00000000e+000 0.00000000e+000 0.00000000e+000 0.00000000e+000 0.00000000e+000
