# Ae9Ap9 Model output file: MoonBEAM_trajectory_trade/Rp30408_22N.AP9.output_mc_fluenceIntv_059.txt
# Ae9Ap9 Software Version:  1.50.001
#
# Model type:               AP9
# Particle species:         H+
# Flux type:                1PtDiff
# Flux direction:           Omnidirectional
# Energy levels (MeV):       0.1 0.2 0.4 0.6 0.8 1 2 4 6 8 10 15 20 30 50 60 80 100 150 200 300 400 700 1200 2000
#
# Accumulation mode:        Interval, length = 846720 seconds (9.8 days)
#
# Time format:              Modified Julian Date
# Coordinate system:        GEI (Geocentric Equatorial Inertial) Cartesian in km
# Data Delimiter:           space
#
# datetime(mjd),posx(km),posy(km),posz(km),fluence,fluence,fluence,fluence,fluence,fluence,fluence,fluence,fluence,fluence,fluence,fluence,fluence,fluence,fluence,fluence,fluence,fluence,fluence,fluence,fluence,fluence,fluence,fluence,fluence(#/cm^2/MeV)
61421.50833333 0.000000 0.000000 0.000000 1.13420702e+013 4.38687266e+012 1.31573803e+012 5.66551663e+011 2.86464552e+011 7.27076040e+010 1.05716461e+010 1.61195167e+009 2.94784412e+008 8.79500171e+007 2.91949039e+007 1.02461529e+007 3.49853161e+006 1.50534183e+006 8.78845817e+005 5.87837714e+005 4.75670633e+005 3.28875722e+005 2.05768132e+005 9.29954535e+004 3.46116070e+004 3.86690186e+003 1.90823296e+002 3.67111102e+000 5.32865334e-002
61431.30833333 0.000000 0.000000 0.000000 1.18295346e+013 4.62118481e+012 1.38174966e+012 5.83903389e+011 2.92008548e+011 7.36009951e+010 1.05973885e+010 1.61209529e+009 2.94785058e+008 8.79500218e+007 2.91949039e+007 1.02461529e+007 3.49853161e+006 1.50534183e+006 8.78845817e+005 5.87837714e+005 4.75670633e+005 3.28875722e+005 2.05768132e+005 9.29954535e+004 3.46116070e+004 3.86690186e+003 1.90823296e+002 3.67111102e+000 5.32865334e-002
61441.10833333 0.000000 0.000000 0.000000 1.24561229e+013 4.92549519e+012 1.46912245e+012 6.07336409e+011 2.99630304e+011 7.48346149e+010 1.06328252e+010 1.61229166e+009 2.94785922e+008 8.79500284e+007 2.91949039e+007 1.02461529e+007 3.49853161e+006 1.50534183e+006 8.78845817e+005 5.87837714e+005 4.75670633e+005 3.28875722e+005 2.05768132e+005 9.29954535e+004 3.46116070e+004 3.86690186e+003 1.90823296e+002 3.67111102e+000 5.32865334e-002
61450.90833333 0.000000 0.000000 0.000000 1.38867124e+013 5.48083905e+012 1.59753541e+012 6.41953620e+011 3.11623821e+011 7.65119437e+010 1.06846939e+010 1.61252633e+009 2.94787811e+008 8.79500627e+007 2.91949053e+007 1.02461529e+007 3.49853161e+006 1.50534183e+006 8.78845817e+005 5.87837714e+005 4.75670633e+005 3.28875722e+005 2.05768132e+005 9.29954535e+004 3.46116070e+004 3.86690186e+003 1.90823296e+002 3.67111102e+000 5.32865334e-002
61460.70833333 0.000000 0.000000 0.000000 1.48755270e+013 6.02854088e+012 1.77016346e+012 6.91201456e+011 3.29023829e+011 7.91136916e+010 1.07839131e+010 1.61289321e+009 2.94790176e+008 8.79500923e+007 2.91949063e+007 1.02461529e+007 3.49853161e+006 1.50534183e+006 8.78845817e+005 5.87837714e+005 4.75670633e+005 3.28875722e+005 2.05768132e+005 9.29954535e+004 3.46116070e+004 3.86690186e+003 1.90823296e+002 3.67111102e+000 5.32865334e-002
61470.50833333 0.000000 0.000000 0.000000 1.48755270e+013 6.02854088e+012 1.77016346e+012 6.91201456e+011 3.29023829e+011 7.91136916e+010 1.07839131e+010 1.61289321e+009 2.94790176e+008 8.79500923e+007 2.91949063e+007 1.02461529e+007 3.49853161e+006 1.50534183e+006 8.78845817e+005 5.87837714e+005 4.75670633e+005 3.28875722e+005 2.05768132e+005 9.29954535e+004 3.46116070e+004 3.86690186e+003 1.90823296e+002 3.67111102e+000 5.32865334e-002
61480.30833333 0.000000 0.000000 0.000000 1.60194378e+013 6.62192420e+012 1.97572350e+012 7.56768353e+011 3.52886652e+011 8.22109087e+010 1.08973319e+010 1.61389442e+009 2.94802491e+008 8.79504083e+007 2.91949213e+007 1.02461529e+007 3.49853161e+006 1.50534183e+006 8.78845817e+005 5.87837714e+005 4.75670633e+005 3.28875722e+005 2.05768132e+005 9.29954535e+004 3.46116070e+004 3.86690186e+003 1.90823296e+002 3.67111102e+000 5.32865334e-002
61490.10833333 0.000000 0.000000 0.000000 1.78940290e+013 7.33422931e+012 2.11777193e+012 7.87770903e+011 3.61527386e+011 8.32875536e+010 1.09278832e+010 1.61407069e+009 2.94803657e+008 8.79504248e+007 2.91949219e+007 1.02461529e+007 3.49853161e+006 1.50534183e+006 8.78845817e+005 5.87837714e+005 4.75670633e+005 3.28875722e+005 2.05768132e+005 9.29954535e+004 3.46116070e+004 3.86690186e+003 1.90823296e+002 3.67111102e+000 5.32865334e-002
61499.90833333 0.000000 0.000000 0.000000 1.88113243e+013 7.76843711e+012 2.27486603e+012 8.39337693e+011 3.80536434e+011 8.59914069e+010 1.10092518e+010 1.61462274e+009 2.94808091e+008 8.79504936e+007 2.91949245e+007 1.02461529e+007 3.49853161e+006 1.50534183e+006 8.78845817e+005 5.87837714e+005 4.75670633e+005 3.28875722e+005 2.05768132e+005 9.29954535e+004 3.46116070e+004 3.86690186e+003 1.90823296e+002 3.67111102e+000 5.32865334e-002
61509.70833333 0.000000 0.000000 0.000000 1.88118642e+013 7.76859120e+012 2.27488867e+012 8.39342205e+011 3.80537881e+011 8.59915505e+010 1.10092528e+010 1.61462274e+009 2.94808091e+008 8.79504936e+007 2.91949245e+007 1.02461529e+007 3.49853161e+006 1.50534183e+006 8.78845817e+005 5.87837714e+005 4.75670633e+005 3.28875722e+005 2.05768132e+005 9.29954535e+004 3.46116070e+004 3.86690186e+003 1.90823296e+002 3.67111102e+000 5.32865334e-002
61519.50833333 0.000000 0.000000 0.000000 1.95627464e+013 8.01532642e+012 2.32017286e+012 8.47980206e+011 3.82840319e+011 8.63770624e+010 1.10190754e+010 1.61469080e+009 2.94808366e+008 8.79504956e+007 2.91949245e+007 1.02461529e+007 3.49853161e+006 1.50534183e+006 8.78845817e+005 5.87837714e+005 4.75670633e+005 3.28875722e+005 2.05768132e+005 9.29954535e+004 3.46116070e+004 3.86690186e+003 1.90823296e+002 3.67111102e+000 5.32865334e-002
61529.30833333 0.000000 0.000000 0.000000 2.05650325e+013 8.36253344e+012 2.37355064e+012 8.57243966e+011 3.85222153e+011 8.67828782e+010 1.10286802e+010 1.61474422e+009 2.94808541e+008 8.79504965e+007 2.91949245e+007 1.02461529e+007 3.49853161e+006 1.50534183e+006 8.78845817e+005 5.87837714e+005 4.75670633e+005 3.28875722e+005 2.05768132e+005 9.29954535e+004 3.46116070e+004 3.86690186e+003 1.90823296e+002 3.67111102e+000 5.32865334e-002
61531.10244374 0.000000 0.000000 0.000000 2.05650325e+013 8.36253344e+012 2.37355064e+012 8.57243966e+011 3.85222153e+011 8.67828782e+010 1.10286802e+010 1.61474422e+009 2.94808541e+008 8.79504965e+007 2.91949245e+007 1.02461529e+007 3.49853161e+006 1.50534183e+006 8.78845817e+005 5.87837714e+005 4.75670633e+005 3.28875722e+005 2.05768132e+005 9.29954535e+004 3.46116070e+004 3.86690186e+003 1.90823296e+002 3.67111102e+000 5.32865334e-002
