# Ae9Ap9 Model output file: MoonBEAM_trajectory_trade/Rp30408_22N.AE9.output_mc_fluxIntvAvg_028.txt
# Ae9Ap9 Software Version:  1.50.001
#
# Model type:               AE9
# Particle species:         e-
# Flux type:                1PtDiff
# Flux direction:           Omnidirectional
# Energy levels (MeV):       0.04 0.07 0.1 0.25 0.5 0.75 1 1.5 2 2.5 3 3.5 4 4.5 5 5.5 6 6.5 7 8.5 10
#
# Accumulation mode:        Interval, length = 846720 seconds (9.8 days)
#
# Time format:              Modified Julian Date
# Coordinate system:        GEI (Geocentric Equatorial Inertial) Cartesian in km
# Data Delimiter:           space
#
# datetime(mjd),posx(km),posy(km),posz(km),flux,flux,flux,flux,flux,flux,flux,flux,flux,flux,flux,flux,flux,flux,flux,flux,flux,flux,flux,flux,flux(#/cm^2/s/MeV)
61421.50833333 0.000000 0.000000 0.000000 4.68075369e+008 3.00129988e+008 7.38627124e+007 1.19171071e+007 2.26587144e+006 7.79237133e+005 3.33001715e+005 1.34939816e+005 4.76366150e+004 1.41063327e+004 4.24633957e+003 1.41642667e+003 5.11887325e+002 1.89391476e+002 7.30032892e+001 3.19869745e+001 1.71236478e+001 1.08265280e+001 6.25982336e+000 3.19637233e+000 2.09065465e+000
61431.30833333 0.000000 0.000000 0.000000 5.07981363e+005 4.99593077e+005 2.34033219e+005 4.61539161e+005 2.38917484e+005 1.32235927e+005 7.86601292e+004 3.75125624e+004 1.48696492e+004 5.43656546e+003 2.14939998e+003 9.24385267e+002 3.97774337e+002 1.55998807e+002 5.83129098e+001 2.80975250e+001 1.94028248e+001 1.67406879e+001 1.33367619e+001 1.02392885e+001 8.61943706e+000
61441.10833333 0.000000 0.000000 0.000000 6.38555811e+005 6.37919515e+005 3.00509628e+005 5.74005824e+005 2.94545791e+005 1.64992429e+005 9.89344789e+004 4.73974187e+004 1.86243325e+004 6.87329353e+003 2.74922220e+003 1.18814587e+003 5.03473340e+002 1.95501990e+002 7.33866307e+001 3.60689402e+001 2.55028203e+001 2.22845991e+001 1.77209705e+001 1.36125706e+001 1.14513466e+001
61450.90833333 0.000000 0.000000 0.000000 6.66152097e+006 5.31189734e+006 1.88778140e+006 1.46861742e+006 6.63306370e+005 3.89526221e+005 2.36433421e+005 1.08483687e+005 4.12350135e+004 1.40402294e+004 5.42391956e+003 2.43803372e+003 1.04982359e+003 3.98346735e+002 1.37754153e+002 5.79182667e+001 3.35577013e+001 2.48844822e+001 1.67042814e+001 9.55426318e+000 6.47691967e+000
61460.70833333 0.000000 0.000000 0.000000 4.61828594e+006 4.01119553e+006 1.74850860e+006 1.94725417e+006 7.54362766e+005 3.95745187e+005 2.41404214e+005 1.16077524e+005 3.98430295e+004 1.14682936e+004 3.95393859e+003 1.62484680e+003 6.69699959e+002 2.53098568e+002 9.19777127e+001 4.17143994e+001 2.62945802e+001 2.05645834e+001 1.47980739e+001 9.78704026e+000 7.41467791e+000
61470.50833333 0.000000 0.000000 0.000000 0.00000000e+000 0.00000000e+000 0.00000000e+000 0.00000000e+000 0.00000000e+000 0.00000000e+000 0.00000000e+000 0.00000000e+000 0.00000000e+000 0.00000000e+000 0.00000000e+000 0.00000000e+000 0.00000000e+000 0.00000000e+000 0.00000000e+000 0.00000000e+000 0.00000000e+000 0.00000000e+000 0.00000000e+000 0.00000000e+000 0.00000000e+000
61480.30833333 0.000000 0.000000 0.000000 8.78178530e+006 6.70167140e+006 2.11119817e+006 6.14524128e+005 2.41922954e+005 1.29033766e+005 7.00736335e+004 2.77987550e+004 7.19205636e+003 1.61972096e+003 4.55567160e+002 1.55352410e+002 5.46545405e+001 1.88178690e+001 6.56002670e+000 2.62030338e+000 1.33574096e+000 8.14552028e-001 4.50102820e-001 2.31288174e-001 1.58642335e-001
61490.10833333 0.000000 0.000000 0.000000 2.89816242e+007 1.80048759e+007 4.69022371e+006 7.46725329e+005 1.51199941e+005 5.90217060e+004 2.38642285e+004 7.24162966e+003 1.78203987e+003 4.51627746e+002 1.32362421e+002 4.34539708e+001 1.42229558e+001 4.65443924e+000 1.64803919e+000 6.65285012e-001 3.32622983e-001 1.87886484e-001 9.33620494e-002 4.26624737e-002 2.74378180e-002
61499.90833333 0.000000 0.000000 0.000000 3.59835110e+006 2.74850021e+006 8.80726470e+005 1.66733498e+005 7.47231964e+004 3.79740062e+004 1.63861861e+004 5.32860991e+003 1.67768601e+003 5.27080471e+002 1.66520169e+002 5.20190986e+001 1.59161255e+001 4.92225375e+000 1.66588592e+000 6.56927354e-001 3.28386170e-001 1.91498980e-001 9.88775352e-002 4.89968830e-002 3.37485353e-002
61509.70833333 0.000000 0.000000 0.000000 4.42477668e+004 3.29524168e+004 8.46816024e+003 6.92177533e+002 9.18213484e+001 1.34932401e+001 2.58508505e+000 4.18782529e-001 5.55092844e-002 1.19426818e-002 4.44257699e-003 2.16192692e-003 1.25432716e-003 6.99237091e-004 3.96199264e-004 2.14087574e-004 1.36886001e-004 9.30590467e-005 4.49413448e-005 1.56842342e-005 5.80091885e-006
61519.50833333 0.000000 0.000000 0.000000 1.64368898e+007 8.69828465e+006 2.35659353e+006 7.30928640e+005 1.80374262e+005 7.25300624e+004 3.17672150e+004 1.25974255e+004 4.91964401e+003 1.67871715e+003 4.81900238e+002 1.25032856e+002 2.93170771e+001 7.05256931e+000 2.06001320e+000 7.69319959e-001 3.54868916e-001 1.85141394e-001 8.20833500e-002 2.65690978e-002 1.16526452e-002
61529.30833333 0.000000 0.000000 0.000000 6.36919767e+006 4.62702814e+006 1.55581637e+006 6.78267726e+005 2.15241376e+005 8.18854345e+004 3.33973202e+004 1.14449475e+004 4.31922208e+003 1.79489021e+003 7.13275232e+002 2.49396577e+002 7.97469788e+001 2.57693296e+001 9.41187511e+000 4.46829197e+000 2.75680129e+000 1.94489983e+000 1.21391422e+000 7.35293272e-001 5.61246249e-001
61531.10244374 0.000000 0.000000 0.000000 0.00000000e+000 0.00000000e+000 0.00000000e+000 0.00000000e+000 0.00000000e+000 0.00000000e+000 0.00000000e+000 0.00000000e+000 0.00000000e+000 0.00000000e+000 0.00000000e+000 0.00000000e+000 0.00000000e+000 0.00000000e+000 0.00000000e+000 0.00000000e+000 0.00000000e+000 0.00000000e+000 0.00000000e+000 0.00000000e+000 0.00000000e+000
