# Ae9Ap9 Model output file: MoonBEAM_trajectory_trade/Rp30408_22N.AP9.output_mc_fluenceIntv_022.txt
# Ae9Ap9 Software Version:  1.50.001
#
# Model type:               AP9
# Particle species:         H+
# Flux type:                1PtDiff
# Flux direction:           Omnidirectional
# Energy levels (MeV):       0.1 0.2 0.4 0.6 0.8 1 2 4 6 8 10 15 20 30 50 60 80 100 150 200 300 400 700 1200 2000
#
# Accumulation mode:        Interval, length = 846720 seconds (9.8 days)
#
# Time format:              Modified Julian Date
# Coordinate system:        GEI (Geocentric Equatorial Inertial) Cartesian in km
# Data Delimiter:           space
#
# datetime(mjd),posx(km),posy(km),posz(km),fluence,fluence,fluence,fluence,fluence,fluence,fluence,fluence,fluence,fluence,fluence,fluence,fluence,fluence,fluence,fluence,fluence,fluence,fluence,fluence,fluence,fluence,fluence,fluence,fluence(#/cm^2/MeV)
61421.50833333 0.000000 0.000000 0.000000 2.32610878e+012 1.30099390e+012 8.98360951e+011 5.96541475e+011 3.73228599e+011 1.00047937e+011 1.67351217e+010 2.12610501e+009 4.77285843e+008 1.65286043e+008 5.35993265e+007 1.70789193e+007 4.96418616e+006 1.77203056e+006 8.87188156e+005 5.78991350e+005 4.27592516e+005 2.42976916e+005 1.18999573e+005 4.15297277e+004 1.30287094e+004 1.14983020e+003 5.09839694e+001 7.79961674e-001 1.59770274e-002
61431.30833333 0.000000 0.000000 0.000000 2.38521890e+012 1.32554688e+012 9.07078557e+011 5.99448731e+011 3.74286891e+011 1.00275416e+011 1.67542045e+010 2.12643949e+009 4.77288210e+008 1.65286061e+008 5.35993265e+007 1.70789193e+007 4.96418616e+006 1.77203056e+006 8.87188156e+005 5.78991350e+005 4.27592516e+005 2.42976916e+005 1.18999573e+005 4.15297277e+004 1.30287094e+004 1.14983020e+003 5.09839694e+001 7.79961674e-001 1.59770274e-002
61441.10833333 0.000000 0.000000 0.000000 2.46318500e+012 1.35826874e+012 9.18756050e+011 6.03383980e+011 3.75732694e+011 1.00587607e+011 1.67805190e+010 2.12692600e+009 4.77291771e+008 1.65286088e+008 5.35993265e+007 1.70789193e+007 4.96418616e+006 1.77203056e+006 8.87188156e+005 5.78991350e+005 4.27592516e+005 2.42976916e+005 1.18999573e+005 4.15297277e+004 1.30287094e+004 1.14983020e+003 5.09839694e+001 7.79961674e-001 1.59770274e-002
61450.90833333 0.000000 0.000000 0.000000 3.40771160e+012 1.86015607e+012 1.09182754e+012 6.57682940e+011 3.95559014e+011 1.03728407e+011 1.69396629e+010 2.12788098e+009 4.77299897e+008 1.65286242e+008 5.35993325e+007 1.70789193e+007 4.96418616e+006 1.77203056e+006 8.87188156e+005 5.78991350e+005 4.27592516e+005 2.42976916e+005 1.18999573e+005 4.15297277e+004 1.30287094e+004 1.14983020e+003 5.09839694e+001 7.79961674e-001 1.59770274e-002
61460.70833333 0.000000 0.000000 0.000000 4.04995078e+012 2.17095467e+012 1.17734256e+012 6.78399547e+011 4.01409358e+011 1.04583539e+011 1.70133272e+010 2.12962968e+009 4.77320518e+008 1.65286546e+008 5.35993416e+007 1.70789193e+007 4.96418616e+006 1.77203056e+006 8.87188156e+005 5.78991350e+005 4.27592516e+005 2.42976916e+005 1.18999573e+005 4.15297277e+004 1.30287094e+004 1.14983020e+003 5.09839694e+001 7.79961674e-001 1.59770274e-002
61470.50833333 0.000000 0.000000 0.000000 4.04995078e+012 2.17095467e+012 1.17734256e+012 6.78399547e+011 4.01409358e+011 1.04583539e+011 1.70133272e+010 2.12962968e+009 4.77320518e+008 1.65286546e+008 5.35993416e+007 1.70789193e+007 4.96418616e+006 1.77203056e+006 8.87188156e+005 5.78991350e+005 4.27592516e+005 2.42976916e+005 1.18999573e+005 4.15297277e+004 1.30287094e+004 1.14983020e+003 5.09839694e+001 7.79961674e-001 1.59770274e-002
61480.30833333 0.000000 0.000000 0.000000 4.45215550e+012 2.42079108e+012 1.33117627e+012 7.47533465e+011 4.33046193e+011 1.10196019e+011 1.74820232e+010 2.13538231e+009 4.77391205e+008 1.65288205e+008 5.35994154e+007 1.70789193e+007 4.96418616e+006 1.77203056e+006 8.87188156e+005 5.78991350e+005 4.27592516e+005 2.42976916e+005 1.18999573e+005 4.15297277e+004 1.30287094e+004 1.14983020e+003 5.09839694e+001 7.79961674e-001 1.59770274e-002
61490.10833333 0.000000 0.000000 0.000000 4.68828837e+012 2.52797771e+012 1.38932869e+012 7.74530092e+011 4.45869899e+011 1.12874751e+011 1.77617618e+010 2.13891122e+009 4.77415006e+008 1.65288461e+008 5.35994222e+007 1.70789193e+007 4.96418616e+006 1.77203056e+006 8.87188156e+005 5.78991350e+005 4.27592516e+005 2.42976916e+005 1.18999573e+005 4.15297277e+004 1.30287094e+004 1.14983020e+003 5.09839694e+001 7.79961674e-001 1.59770274e-002
61499.90833333 0.000000 0.000000 0.000000 5.54058036e+012 3.08425345e+012 1.65089758e+012 8.60069403e+011 4.75547199e+011 1.17323860e+011 1.79609900e+010 2.14038672e+009 4.77427070e+008 1.65288666e+008 5.35994296e+007 1.70789193e+007 4.96418616e+006 1.77203056e+006 8.87188156e+005 5.78991350e+005 4.27592516e+005 2.42976916e+005 1.18999573e+005 4.15297277e+004 1.30287094e+004 1.14983020e+003 5.09839694e+001 7.79961674e-001 1.59770274e-002
61509.70833333 0.000000 0.000000 0.000000 5.54092755e+012 3.08440201e+012 1.65092629e+012 8.60074928e+011 4.75548869e+011 1.17324123e+011 1.79609932e+010 2.14038673e+009 4.77427070e+008 1.65288666e+008 5.35994296e+007 1.70789193e+007 4.96418616e+006 1.77203056e+006 8.87188156e+005 5.78991350e+005 4.27592516e+005 2.42976916e+005 1.18999573e+005 4.15297277e+004 1.30287094e+004 1.14983020e+003 5.09839694e+001 7.79961674e-001 1.59770274e-002
61519.50833333 0.000000 0.000000 0.000000 6.14220103e+012 3.33468013e+012 1.71069905e+012 8.72994069e+011 4.79255394e+011 1.18049027e+011 1.80222107e+010 2.14076078e+009 4.77427888e+008 1.65288670e+008 5.35994296e+007 1.70789193e+007 4.96418616e+006 1.77203056e+006 8.87188156e+005 5.78991350e+005 4.27592516e+005 2.42976916e+005 1.18999573e+005 4.15297277e+004 1.30287094e+004 1.14983020e+003 5.09839694e+001 7.79961674e-001 1.59770274e-002
61529.30833333 0.000000 0.000000 0.000000 6.53100338e+012 3.46782906e+012 1.73923017e+012 8.79806565e+011 4.81417254e+011 1.18510624e+011 1.80465011e+010 2.14092296e+009 4.77428504e+008 1.65288673e+008 5.35994296e+007 1.70789193e+007 4.96418616e+006 1.77203056e+006 8.87188156e+005 5.78991350e+005 4.27592516e+005 2.42976916e+005 1.18999573e+005 4.15297277e+004 1.30287094e+004 1.14983020e+003 5.09839694e+001 7.79961674e-001 1.59770274e-002
61531.10244374 0.000000 0.000000 0.000000 6.53100338e+012 3.46782906e+012 1.73923017e+012 8.79806565e+011 4.81417254e+011 1.18510624e+011 1.80465011e+010 2.14092296e+009 4.77428504e+008 1.65288673e+008 5.35994296e+007 1.70789193e+007 4.96418616e+006 1.77203056e+006 8.87188156e+005 5.78991350e+005 4.27592516e+005 2.42976916e+005 1.18999573e+005 4.15297277e+004 1.30287094e+004 1.14983020e+003 5.09839694e+001 7.79961674e-001 1.59770274e-002
