# Ae9Ap9 Model output file: MoonBEAM_trajectory_trade/Rp30408_22N.AP9.output_mc_fluenceIntv_014.txt
# Ae9Ap9 Software Version:  1.50.001
#
# Model type:               AP9
# Particle species:         H+
# Flux type:                1PtDiff
# Flux direction:           Omnidirectional
# Energy levels (MeV):       0.1 0.2 0.4 0.6 0.8 1 2 4 6 8 10 15 20 30 50 60 80 100 150 200 300 400 700 1200 2000
#
# Accumulation mode:        Interval, length = 846720 seconds (9.8 days)
#
# Time format:              Modified Julian Date
# Coordinate system:        GEI (Geocentric Equatorial Inertial) Cartesian in km
# Data Delimiter:           space
#
# datetime(mjd),posx(km),posy(km),posz(km),fluence,fluence,fluence,fluence,fluence,fluence,fluence,fluence,fluence,fluence,fluence,fluence,fluence,fluence,fluence,fluence,fluence,fluence,fluence,fluence,fluence,fluence,fluence,fluence,fluence(#/cm^2/MeV)
61421.50833333 0.000000 0.000000 0.000000 8.95385000e+012 5.49412517e+012 2.40788373e+012 1.13670294e+012 6.05493191e+011 1.41145380e+011 1.71577110e+010 1.47000460e+009 2.07631547e+008 6.17767863e+007 2.37586483e+007 9.82480607e+006 3.68889994e+006 1.41013109e+006 6.95085576e+005 4.44131610e+005 3.39504959e+005 2.16706961e+005 1.26278386e+005 5.69240628e+004 2.25938124e+004 2.47298983e+003 1.46472874e+002 2.90147350e+000 3.72398821e-002
61431.30833333 0.000000 0.000000 0.000000 9.71134225e+012 5.82036042e+012 2.45537870e+012 1.14328258e+012 6.06866375e+011 1.41295158e+011 1.71609042e+010 1.47004492e+009 2.07631929e+008 6.17767919e+007 2.37586483e+007 9.82480607e+006 3.68889994e+006 1.41013109e+006 6.95085576e+005 4.44131610e+005 3.39504959e+005 2.16706961e+005 1.26278386e+005 5.69240628e+004 2.25938124e+004 2.47298983e+003 1.46472874e+002 2.90147350e+000 3.72398821e-002
61441.10833333 0.000000 0.000000 0.000000 1.06898451e+013 6.24879634e+012 2.51966548e+012 1.15237710e+012 6.08804588e+011 1.41506828e+011 1.71653860e+010 1.47010505e+009 2.07632503e+008 6.17768007e+007 2.37586483e+007 9.82480607e+006 3.68889994e+006 1.41013109e+006 6.95085576e+005 4.44131610e+005 3.39504959e+005 2.16706961e+005 1.26278386e+005 5.69240628e+004 2.25938124e+004 2.47298983e+003 1.46472874e+002 2.90147350e+000 3.72398821e-002
61450.90833333 0.000000 0.000000 0.000000 1.36823927e+013 7.83130693e+012 2.88215760e+012 1.23352566e+012 6.32708148e+011 1.44124920e+011 1.72196062e+010 1.47038656e+009 2.07635976e+008 6.17768876e+007 2.37586525e+007 9.82480607e+006 3.68889994e+006 1.41013109e+006 6.95085576e+005 4.44131610e+005 3.39504959e+005 2.16706961e+005 1.26278386e+005 5.69240628e+004 2.25938124e+004 2.47298983e+003 1.46472874e+002 2.90147350e+000 3.72398821e-002
61460.70833333 0.000000 0.000000 0.000000 1.88147841e+013 9.96557317e+012 3.20940482e+012 1.28817850e+012 6.45147280e+011 1.45302567e+011 1.72362222e+010 1.47050132e+009 2.07637336e+008 6.17769160e+007 2.37586535e+007 9.82480607e+006 3.68889994e+006 1.41013109e+006 6.95085576e+005 4.44131610e+005 3.39504959e+005 2.16706961e+005 1.26278386e+005 5.69240628e+004 2.25938124e+004 2.47298983e+003 1.46472874e+002 2.90147350e+000 3.72398821e-002
61470.50833333 0.000000 0.000000 0.000000 1.88147841e+013 9.96557317e+012 3.20940482e+012 1.28817850e+012 6.45147280e+011 1.45302567e+011 1.72362222e+010 1.47050132e+009 2.07637336e+008 6.17769160e+007 2.37586535e+007 9.82480607e+006 3.68889994e+006 1.41013109e+006 6.95085576e+005 4.44131610e+005 3.39504959e+005 2.16706961e+005 1.26278386e+005 5.69240628e+004 2.25938124e+004 2.47298983e+003 1.46472874e+002 2.90147350e+000 3.72398821e-002
61480.30833333 0.000000 0.000000 0.000000 2.18464343e+013 1.18484465e+013 3.86311245e+012 1.47809482e+012 7.10699193e+011 1.52734844e+011 1.73956053e+010 1.47108505e+009 2.07644451e+008 6.17771544e+007 2.37586673e+007 9.82480607e+006 3.68889994e+006 1.41013109e+006 6.95085576e+005 4.44131610e+005 3.39504959e+005 2.16706961e+005 1.26278386e+005 5.69240628e+004 2.25938124e+004 2.47298983e+003 1.46472874e+002 2.90147350e+000 3.72398821e-002
61490.10833333 0.000000 0.000000 0.000000 2.35390164e+013 1.25547612e+013 4.00665899e+012 1.50945527e+012 7.19926567e+011 1.53832898e+011 1.74201219e+010 1.47124189e+009 2.07645983e+008 6.17771829e+007 2.37586684e+007 9.82480607e+006 3.68889994e+006 1.41013109e+006 6.95085576e+005 4.44131610e+005 3.39504959e+005 2.16706961e+005 1.26278386e+005 5.69240628e+004 2.25938124e+004 2.47298983e+003 1.46472874e+002 2.90147350e+000 3.72398821e-002
61499.90833333 0.000000 0.000000 0.000000 2.56465560e+013 1.35513283e+013 4.24447254e+012 1.56674554e+012 7.37599095e+011 1.55864448e+011 1.74676159e+010 1.47168469e+009 2.07651649e+008 6.17773265e+007 2.37586751e+007 9.82480607e+006 3.68889994e+006 1.41013109e+006 6.95085576e+005 4.44131610e+005 3.39504959e+005 2.16706961e+005 1.26278386e+005 5.69240628e+004 2.25938124e+004 2.47298983e+003 1.46472874e+002 2.90147350e+000 3.72398821e-002
61509.70833333 0.000000 0.000000 0.000000 2.56470228e+013 1.35514521e+013 4.24448652e+012 1.56674784e+012 7.37599758e+011 1.55864497e+011 1.74676165e+010 1.47168470e+009 2.07651649e+008 6.17773265e+007 2.37586751e+007 9.82480607e+006 3.68889994e+006 1.41013109e+006 6.95085576e+005 4.44131610e+005 3.39504959e+005 2.16706961e+005 1.26278386e+005 5.69240628e+004 2.25938124e+004 2.47298983e+003 1.46472874e+002 2.90147350e+000 3.72398821e-002
61519.50833333 0.000000 0.000000 0.000000 2.76587451e+013 1.43124416e+013 4.36451269e+012 1.58755833e+012 7.43017205e+011 1.56586327e+011 1.74808954e+010 1.47174466e+009 2.07651945e+008 6.17773288e+007 2.37586751e+007 9.82480607e+006 3.68889994e+006 1.41013109e+006 6.95085576e+005 4.44131610e+005 3.39504959e+005 2.16706961e+005 1.26278386e+005 5.69240628e+004 2.25938124e+004 2.47298983e+003 1.46472874e+002 2.90147350e+000 3.72398821e-002
61529.30833333 0.000000 0.000000 0.000000 2.89247848e+013 1.48490819e+013 4.45060900e+012 1.60052191e+012 7.45898976e+011 1.56943363e+011 1.74872539e+010 1.47182878e+009 2.07652537e+008 6.17773353e+007 2.37586751e+007 9.82480607e+006 3.68889994e+006 1.41013109e+006 6.95085576e+005 4.44131610e+005 3.39504959e+005 2.16706961e+005 1.26278386e+005 5.69240628e+004 2.25938124e+004 2.47298983e+003 1.46472874e+002 2.90147350e+000 3.72398821e-002
61531.10244374 0.000000 0.000000 0.000000 2.89247848e+013 1.48490819e+013 4.45060900e+012 1.60052191e+012 7.45898976e+011 1.56943363e+011 1.74872539e+010 1.47182878e+009 2.07652537e+008 6.17773353e+007 2.37586751e+007 9.82480607e+006 3.68889994e+006 1.41013109e+006 6.95085576e+005 4.44131610e+005 3.39504959e+005 2.16706961e+005 1.26278386e+005 5.69240628e+004 2.25938124e+004 2.47298983e+003 1.46472874e+002 2.90147350e+000 3.72398821e-002
