# Ae9Ap9 Model output file: MoonBEAM_trajectory_trade/Rp30408_22N.AE9.output_mc_fluxIntvAvg_083.txt
# Ae9Ap9 Software Version:  1.50.001
#
# Model type:               AE9
# Particle species:         e-
# Flux type:                1PtDiff
# Flux direction:           Omnidirectional
# Energy levels (MeV):       0.04 0.07 0.1 0.25 0.5 0.75 1 1.5 2 2.5 3 3.5 4 4.5 5 5.5 6 6.5 7 8.5 10
#
# Accumulation mode:        Interval, length = 846720 seconds (9.8 days)
#
# Time format:              Modified Julian Date
# Coordinate system:        GEI (Geocentric Equatorial Inertial) Cartesian in km
# Data Delimiter:           space
#
# datetime(mjd),posx(km),posy(km),posz(km),flux,flux,flux,flux,flux,flux,flux,flux,flux,flux,flux,flux,flux,flux,flux,flux,flux,flux,flux,flux,flux(#/cm^2/s/MeV)
61421.50833333 0.000000 0.000000 0.000000 1.48014553e+008 9.05941670e+007 2.45304364e+007 4.91460251e+006 5.73305813e+005 1.38070738e+005 4.12412114e+004 8.17031146e+003 1.10033182e+003 2.27720155e+002 7.55705535e+001 3.27829135e+001 1.67580339e+001 8.71822475e+000 4.92187851e+000 2.95947649e+000 2.04720067e+000 1.53925821e+000 9.13905647e-001 5.02681337e-001 3.29544492e-001
61431.30833333 0.000000 0.000000 0.000000 2.74746846e+006 2.64443109e+006 8.75387118e+005 7.49703208e+004 1.21077541e+004 4.43024398e+003 1.24090838e+003 1.75901870e+002 1.21216052e+001 1.34117010e+000 2.85294532e-001 7.73942150e-002 2.08356327e-002 5.64169437e-003 2.39698671e-003 1.43920854e-003 1.15773016e-003 8.53686232e-004 5.21505797e-004 2.04435419e-004 1.03725082e-004
61441.10833333 0.000000 0.000000 0.000000 3.15400772e+006 3.09552765e+006 1.04284673e+006 1.00431232e+005 1.58290577e+004 5.69840171e+003 1.63766057e+003 2.49769915e+002 1.91422679e+001 2.04678055e+000 4.45685335e-001 1.20803408e-001 3.29712490e-002 9.08205054e-003 3.79302843e-003 2.15356156e-003 1.58452876e-003 1.11154266e-003 6.43316313e-004 2.46779934e-004 1.28385466e-004
61450.90833333 0.000000 0.000000 0.000000 8.67574672e+006 4.99650359e+006 1.52179050e+006 3.88381679e+005 6.63445054e+004 2.51791140e+004 9.84954228e+003 2.49370371e+003 3.53256909e+002 4.17405140e+001 1.06147244e+001 3.57505236e+000 1.36722153e+000 5.61210965e-001 2.69016419e-001 1.42704039e-001 8.34270169e-002 5.08950538e-002 2.72140733e-002 1.41492795e-002 9.70136498e-003
61460.70833333 0.000000 0.000000 0.000000 6.56471718e+006 5.48365742e+006 2.06039793e+006 1.49363684e+006 4.55073296e+005 2.01401923e+005 8.79757320e+004 2.70990142e+004 5.41959427e+003 1.10815873e+003 3.50988053e+002 1.40106863e+002 5.99401790e+001 2.87712105e+001 1.32095509e+001 6.56866129e+000 3.35158247e+000 1.99870849e+000 9.73246256e-001 3.85446061e-001 2.05813030e-001
61470.50833333 0.000000 0.000000 0.000000 0.00000000e+000 0.00000000e+000 0.00000000e+000 0.00000000e+000 0.00000000e+000 0.00000000e+000 0.00000000e+000 0.00000000e+000 0.00000000e+000 0.00000000e+000 0.00000000e+000 0.00000000e+000 0.00000000e+000 0.00000000e+000 0.00000000e+000 0.00000000e+000 0.00000000e+000 0.00000000e+000 0.00000000e+000 0.00000000e+000 0.00000000e+000
61480.30833333 0.000000 0.000000 0.000000 2.48811957e+007 1.84828803e+007 5.96177579e+006 8.15621069e+005 1.65770253e+005 6.20917909e+004 2.07017918e+004 3.61156363e+003 4.69157521e+002 7.68198819e+001 1.91963231e+001 5.86937411e+000 1.98315419e+000 7.29123855e-001 3.15130468e-001 1.56441907e-001 8.60906759e-002 5.01772644e-002 2.48981028e-002 9.85884718e-003 5.28180079e-003
61490.10833333 0.000000 0.000000 0.000000 1.17959896e+006 9.53115338e+005 3.28073500e+005 2.41155795e+005 8.04758630e+004 3.99027897e+004 1.76061387e+004 5.39904242e+003 1.12361737e+003 2.03070977e+002 6.16944557e+001 2.21928281e+001 8.65320393e+000 3.73166373e+000 1.72745021e+000 8.91558785e-001 4.90567778e-001 2.92709193e-001 1.46888691e-001 6.59476664e-002 4.10827810e-002
61499.90833333 0.000000 0.000000 0.000000 6.67004772e+007 5.32065270e+007 1.67582037e+007 2.15831965e+006 4.30025396e+005 1.53879479e+005 5.54969996e+004 1.60901350e+004 3.01381743e+003 4.50980402e+002 7.60724657e+001 1.75792757e+001 4.37800267e+000 1.21025122e+000 3.96798538e-001 1.62786736e-001 7.56077867e-002 3.93429761e-002 1.78930916e-002 6.65425709e-003 3.69792003e-003
61509.70833333 0.000000 0.000000 0.000000 2.05151468e+006 1.85613655e+006 4.61043239e+005 3.63605825e+004 5.39818277e+002 4.16347496e+001 8.48793363e+000 2.16285369e+000 2.89088190e-001 4.37528682e-002 1.19343525e-002 3.97516664e-003 1.39974469e-003 4.67323624e-004 2.07543102e-004 1.18970727e-004 8.91875818e-005 6.16801059e-005 3.11066198e-005 7.86996920e-006 2.56225573e-006
61519.50833333 0.000000 0.000000 0.000000 5.98391404e+004 4.36318992e+004 1.76578237e+004 7.81612293e+003 7.07608760e+003 3.98568138e+003 1.55454602e+003 5.05031596e+002 1.46453752e+002 6.33709671e+001 2.92409426e+001 1.35833610e+001 6.06572537e+000 2.66457231e+000 1.24942238e+000 6.60823108e-001 3.74634679e-001 2.28411252e-001 1.13617180e-001 4.31865553e-002 2.13960548e-002
61529.30833333 0.000000 0.000000 0.000000 4.97114434e+006 3.70708860e+006 9.60216803e+005 3.57692057e+005 9.66664367e+004 3.82315713e+004 1.40571789e+004 2.82372146e+003 4.59681705e+002 1.65191131e+002 9.23909672e+001 4.98488664e+001 2.62392362e+001 1.46662795e+001 7.91719800e+000 4.54236143e+000 2.63919050e+000 1.70176938e+000 8.95205117e-001 4.12920566e-001 2.46601250e-001
61531.10244374 0.000000 0.000000 0.000000 0.00000000e+000 0.00000000e+000 0.00000000e+000 0.00000000e+000 0.00000000e+000 0.00000000e+000 0.00000000e+000 0.00000000e+000 0.00000000e+000 0.00000000e+000 0.00000000e+000 0.00000000e+000 0.00000000e+000 0.00000000e+000 0.00000000e+000 0.00000000e+000 0.00000000e+000 0.00000000e+000 0.00000000e+000 0.00000000e+000 0.00000000e+000
