# Ae9Ap9 Model output file: MoonBEAM_trajectory_trade/Rp30408_22N.AP9.output_mc_fluxIntvAvg_048.txt
# Ae9Ap9 Software Version:  1.50.001
#
# Model type:               AP9
# Particle species:         H+
# Flux type:                1PtDiff
# Flux direction:           Omnidirectional
# Energy levels (MeV):       0.1 0.2 0.4 0.6 0.8 1 2 4 6 8 10 15 20 30 50 60 80 100 150 200 300 400 700 1200 2000
#
# Accumulation mode:        Interval, length = 846720 seconds (9.8 days)
#
# Time format:              Modified Julian Date
# Coordinate system:        GEI (Geocentric Equatorial Inertial) Cartesian in km
# Data Delimiter:           space
#
# datetime(mjd),posx(km),posy(km),posz(km),flux,flux,flux,flux,flux,flux,flux,flux,flux,flux,flux,flux,flux,flux,flux,flux,flux,flux,flux,flux,flux,flux,flux,flux,flux(#/cm^2/s/MeV)
61421.50833333 0.000000 0.000000 0.000000 3.40849425e+006 1.81483554e+006 7.54725952e+005 3.78638316e+005 1.98429387e+005 4.17669542e+004 4.12636194e+003 5.61878005e+002 1.87343790e+002 8.17330986e+001 3.56865158e+001 1.80260207e+001 7.39399204e+000 2.73168191e+000 1.18499749e+000 6.71263360e-001 4.72330909e-001 2.50707099e-001 1.20919685e-001 4.75234855e-002 1.83092614e-002 2.00589987e-003 1.36344254e-004 2.08808943e-006 3.18136493e-008
61431.30833333 0.000000 0.000000 0.000000 4.54345954e+005 1.88809984e+005 3.20572040e+004 6.13221371e+003 1.55949124e+003 1.62481270e+002 1.98779786e+001 1.34459081e-001 8.97558909e-004 1.61993189e-005 0.00000000e+000 0.00000000e+000 0.00000000e+000 0.00000000e+000 0.00000000e+000 0.00000000e+000 0.00000000e+000 0.00000000e+000 0.00000000e+000 0.00000000e+000 0.00000000e+000 0.00000000e+000 0.00000000e+000 0.00000000e+000 0.00000000e+000
61441.10833333 0.000000 0.000000 0.000000 5.71539031e+005 2.40836416e+005 4.30062912e+004 8.41329838e+003 2.16303948e+003 2.24636009e+002 2.77934866e+001 1.93958098e-001 1.29045755e-003 2.41690481e-005 0.00000000e+000 0.00000000e+000 0.00000000e+000 0.00000000e+000 0.00000000e+000 0.00000000e+000 0.00000000e+000 0.00000000e+000 0.00000000e+000 0.00000000e+000 0.00000000e+000 0.00000000e+000 0.00000000e+000 0.00000000e+000 0.00000000e+000
61450.90833333 0.000000 0.000000 0.000000 1.01345171e+006 3.98211422e+005 8.02397237e+004 1.80283472e+004 5.33400636e+003 5.04576181e+002 6.69490702e+001 1.06681051e+000 1.09133800e-002 2.71901827e-004 1.52485448e-005 0.00000000e+000 0.00000000e+000 0.00000000e+000 0.00000000e+000 0.00000000e+000 0.00000000e+000 0.00000000e+000 0.00000000e+000 0.00000000e+000 0.00000000e+000 0.00000000e+000 0.00000000e+000 0.00000000e+000 0.00000000e+000
61460.70833333 0.000000 0.000000 0.000000 8.26271625e+005 4.03081662e+005 9.80500939e+004 2.29169724e+004 6.69085779e+003 6.26405310e+002 6.56221863e+001 4.94924929e-001 3.55527892e-003 7.60693534e-005 3.61315750e-006 0.00000000e+000 0.00000000e+000 0.00000000e+000 0.00000000e+000 0.00000000e+000 0.00000000e+000 0.00000000e+000 0.00000000e+000 0.00000000e+000 0.00000000e+000 0.00000000e+000 0.00000000e+000 0.00000000e+000 0.00000000e+000
61470.50833333 0.000000 0.000000 0.000000 0.00000000e+000 0.00000000e+000 0.00000000e+000 0.00000000e+000 0.00000000e+000 0.00000000e+000 0.00000000e+000 0.00000000e+000 0.00000000e+000 0.00000000e+000 0.00000000e+000 0.00000000e+000 0.00000000e+000 0.00000000e+000 0.00000000e+000 0.00000000e+000 0.00000000e+000 0.00000000e+000 0.00000000e+000 0.00000000e+000 0.00000000e+000 0.00000000e+000 0.00000000e+000 0.00000000e+000 0.00000000e+000
61480.30833333 0.000000 0.000000 0.000000 6.75363053e+005 2.94834186e+005 8.75523012e+004 2.71384783e+004 1.02081920e+004 1.07194821e+003 1.19771314e+002 1.59468163e+000 1.72649963e-002 5.41084656e-004 3.54549382e-005 0.00000000e+000 0.00000000e+000 0.00000000e+000 0.00000000e+000 0.00000000e+000 0.00000000e+000 0.00000000e+000 0.00000000e+000 0.00000000e+000 0.00000000e+000 0.00000000e+000 0.00000000e+000 0.00000000e+000 0.00000000e+000
61490.10833333 0.000000 0.000000 0.000000 7.16965412e+005 2.76828023e+005 6.49184940e+004 1.68293653e+004 5.65747008e+003 5.96349255e+002 6.46359147e+001 4.91470652e-001 3.78681520e-003 7.77407540e-005 3.49067515e-006 0.00000000e+000 0.00000000e+000 0.00000000e+000 0.00000000e+000 0.00000000e+000 0.00000000e+000 0.00000000e+000 0.00000000e+000 0.00000000e+000 0.00000000e+000 0.00000000e+000 0.00000000e+000 0.00000000e+000 0.00000000e+000
61499.90833333 0.000000 0.000000 0.000000 8.02774821e+005 3.52233448e+005 8.18578288e+004 1.97192684e+004 6.11460330e+003 5.88325865e+002 6.72040519e+001 6.44066326e-001 5.51922680e-003 1.26896062e-004 6.83167141e-006 0.00000000e+000 0.00000000e+000 0.00000000e+000 0.00000000e+000 0.00000000e+000 0.00000000e+000 0.00000000e+000 0.00000000e+000 0.00000000e+000 0.00000000e+000 0.00000000e+000 0.00000000e+000 0.00000000e+000 0.00000000e+000
61509.70833333 0.000000 0.000000 0.000000 1.96371312e+002 4.82601280e+001 5.27186453e+000 9.47287588e-001 3.78810770e-001 9.38166535e-002 9.65712497e-004 2.00369386e-006 0.00000000e+000 0.00000000e+000 0.00000000e+000 0.00000000e+000 0.00000000e+000 0.00000000e+000 0.00000000e+000 0.00000000e+000 0.00000000e+000 0.00000000e+000 0.00000000e+000 0.00000000e+000 0.00000000e+000 0.00000000e+000 0.00000000e+000 0.00000000e+000 0.00000000e+000
61519.50833333 0.000000 0.000000 0.000000 1.06112434e+006 4.05509749e+005 6.27769427e+004 1.10882964e+004 2.67354008e+003 3.03415442e+002 3.76324462e+001 2.34237355e-001 9.00931322e-004 1.02165739e-005 0.00000000e+000 0.00000000e+000 0.00000000e+000 0.00000000e+000 0.00000000e+000 0.00000000e+000 0.00000000e+000 0.00000000e+000 0.00000000e+000 0.00000000e+000 0.00000000e+000 0.00000000e+000 0.00000000e+000 0.00000000e+000 0.00000000e+000
61529.30833333 0.000000 0.000000 0.000000 6.95647332e+005 3.21276569e+005 6.69179470e+004 1.51342656e+004 4.52949067e+003 6.09843809e+002 8.90460269e+001 5.27044829e-001 1.96826157e-003 2.09725069e-005 0.00000000e+000 0.00000000e+000 0.00000000e+000 0.00000000e+000 0.00000000e+000 0.00000000e+000 0.00000000e+000 0.00000000e+000 0.00000000e+000 0.00000000e+000 0.00000000e+000 0.00000000e+000 0.00000000e+000 0.00000000e+000 0.00000000e+000
61531.10244374 0.000000 0.000000 0.000000 0.00000000e+000 0.00000000e+000 0.00000000e+000 0.00000000e+000 0.00000000e+000 0.00000000e+000 0.00000000e+000 0.00000000e+000 0.00000000e+000 0.00000000e+000 0.00000000e+000 0.00000000e+000 0.00000000e+000 0.00000000e+000 0.00000000e+000 0.00000000e+000 0.00000000e+000 0.00000000e+000 0.00000000e+000 0.00000000e+000 0.00000000e+000 0.00000000e+000 0.00000000e+000 0.00000000e+000 0.00000000e+000
