# Ae9Ap9 Model output file: MoonBEAM_trajectory_trade/Rp30408_22N.AP9.output_mc_fluxIntvAvg_070.txt
# Ae9Ap9 Software Version:  1.50.001
#
# Model type:               AP9
# Particle species:         H+
# Flux type:                1PtDiff
# Flux direction:           Omnidirectional
# Energy levels (MeV):       0.1 0.2 0.4 0.6 0.8 1 2 4 6 8 10 15 20 30 50 60 80 100 150 200 300 400 700 1200 2000
#
# Accumulation mode:        Interval, length = 846720 seconds (9.8 days)
#
# Time format:              Modified Julian Date
# Coordinate system:        GEI (Geocentric Equatorial Inertial) Cartesian in km
# Data Delimiter:           space
#
# datetime(mjd),posx(km),posy(km),posz(km),flux,flux,flux,flux,flux,flux,flux,flux,flux,flux,flux,flux,flux,flux,flux,flux,flux,flux,flux,flux,flux,flux,flux,flux,flux(#/cm^2/s/MeV)
61421.50833333 0.000000 0.000000 0.000000 4.72571097e+006 2.72751151e+006 1.29993247e+006 6.07607113e+005 2.98465469e+005 6.49563123e+004 7.14518230e+003 1.09273230e+003 3.16997450e+002 1.37687611e+002 5.58519235e+001 2.22040477e+001 7.48748544e+000 3.03710231e+000 1.65559291e+000 1.05952259e+000 7.86847799e-001 4.40786432e-001 2.21371288e-001 8.46717850e-002 3.10164642e-002 4.03811852e-003 2.72221303e-004 6.16736856e-006 9.03246941e-008
61431.30833333 0.000000 0.000000 0.000000 2.71929564e+005 8.89846578e+004 1.76883416e+004 3.71617511e+003 1.05774626e+003 1.49338807e+002 9.13352541e+000 7.78809380e-002 4.53124445e-004 8.20571342e-006 0.00000000e+000 0.00000000e+000 0.00000000e+000 0.00000000e+000 0.00000000e+000 0.00000000e+000 0.00000000e+000 0.00000000e+000 0.00000000e+000 0.00000000e+000 0.00000000e+000 0.00000000e+000 0.00000000e+000 0.00000000e+000 0.00000000e+000
61441.10833333 0.000000 0.000000 0.000000 3.55616686e+005 1.17835843e+005 2.38780090e+004 5.09860598e+003 1.46345946e+003 2.04910817e+002 1.24505024e+001 1.05805135e-001 6.29346039e-004 1.17024404e-005 0.00000000e+000 0.00000000e+000 0.00000000e+000 0.00000000e+000 0.00000000e+000 0.00000000e+000 0.00000000e+000 0.00000000e+000 0.00000000e+000 0.00000000e+000 0.00000000e+000 0.00000000e+000 0.00000000e+000 0.00000000e+000 0.00000000e+000
61450.90833333 0.000000 0.000000 0.000000 3.55137236e+005 1.57928016e+005 6.49753645e+004 2.01266239e+004 6.82449578e+003 7.59341892e+002 4.80616423e+001 1.30240989e+000 1.49184403e-002 4.29636701e-004 2.64156669e-005 0.00000000e+000 0.00000000e+000 0.00000000e+000 0.00000000e+000 0.00000000e+000 0.00000000e+000 0.00000000e+000 0.00000000e+000 0.00000000e+000 0.00000000e+000 0.00000000e+000 0.00000000e+000 0.00000000e+000 0.00000000e+000
61460.70833333 0.000000 0.000000 0.000000 5.58243649e+005 1.95036588e+005 5.14595299e+004 1.32526216e+004 4.13017050e+003 4.79878438e+002 2.75289157e+001 3.38503970e-001 2.89524008e-003 6.60589317e-005 3.00786625e-006 0.00000000e+000 0.00000000e+000 0.00000000e+000 0.00000000e+000 0.00000000e+000 0.00000000e+000 0.00000000e+000 0.00000000e+000 0.00000000e+000 0.00000000e+000 0.00000000e+000 0.00000000e+000 0.00000000e+000 0.00000000e+000
61470.50833333 0.000000 0.000000 0.000000 0.00000000e+000 0.00000000e+000 0.00000000e+000 0.00000000e+000 0.00000000e+000 0.00000000e+000 0.00000000e+000 0.00000000e+000 0.00000000e+000 0.00000000e+000 0.00000000e+000 0.00000000e+000 0.00000000e+000 0.00000000e+000 0.00000000e+000 0.00000000e+000 0.00000000e+000 0.00000000e+000 0.00000000e+000 0.00000000e+000 0.00000000e+000 0.00000000e+000 0.00000000e+000 0.00000000e+000 0.00000000e+000
61480.30833333 0.000000 0.000000 0.000000 1.12398009e+006 3.87776119e+005 8.83891926e+004 2.35667412e+004 7.72811624e+003 7.64419228e+002 3.13772769e+001 3.43265256e-001 3.58628093e-003 1.34107408e-004 9.31470611e-006 0.00000000e+000 0.00000000e+000 0.00000000e+000 0.00000000e+000 0.00000000e+000 0.00000000e+000 0.00000000e+000 0.00000000e+000 0.00000000e+000 0.00000000e+000 0.00000000e+000 0.00000000e+000 0.00000000e+000 0.00000000e+000
61490.10833333 0.000000 0.000000 0.000000 1.01734831e+006 3.35391268e+005 6.67635478e+004 1.41313213e+004 3.83114776e+003 3.97025084e+002 2.12586064e+001 2.06259831e-001 1.50426931e-003 3.75913335e-005 1.97515639e-006 0.00000000e+000 0.00000000e+000 0.00000000e+000 0.00000000e+000 0.00000000e+000 0.00000000e+000 0.00000000e+000 0.00000000e+000 0.00000000e+000 0.00000000e+000 0.00000000e+000 0.00000000e+000 0.00000000e+000 0.00000000e+000
61499.90833333 0.000000 0.000000 0.000000 1.54540960e+006 4.83498376e+005 7.61398580e+004 1.41858908e+004 3.44596925e+003 3.03792820e+002 1.06080174e+001 8.43476441e-002 6.63754857e-004 1.89208852e-005 1.09122848e-006 0.00000000e+000 0.00000000e+000 0.00000000e+000 0.00000000e+000 0.00000000e+000 0.00000000e+000 0.00000000e+000 0.00000000e+000 0.00000000e+000 0.00000000e+000 0.00000000e+000 0.00000000e+000 0.00000000e+000 0.00000000e+000
61509.70833333 0.000000 0.000000 0.000000 1.46640229e+002 4.08022917e+001 5.39759118e+000 1.04062841e+000 3.44675957e-001 5.04167542e-002 3.67321205e-004 1.06003195e-006 0.00000000e+000 0.00000000e+000 0.00000000e+000 0.00000000e+000 0.00000000e+000 0.00000000e+000 0.00000000e+000 0.00000000e+000 0.00000000e+000 0.00000000e+000 0.00000000e+000 0.00000000e+000 0.00000000e+000 0.00000000e+000 0.00000000e+000 0.00000000e+000 0.00000000e+000
61519.50833333 0.000000 0.000000 0.000000 6.13028023e+005 1.64623945e+005 2.87885335e+004 6.07250107e+003 1.90753500e+003 3.35115377e+002 2.21845326e+001 1.53432733e-001 7.81334755e-004 1.10690422e-005 0.00000000e+000 0.00000000e+000 0.00000000e+000 0.00000000e+000 0.00000000e+000 0.00000000e+000 0.00000000e+000 0.00000000e+000 0.00000000e+000 0.00000000e+000 0.00000000e+000 0.00000000e+000 0.00000000e+000 0.00000000e+000 0.00000000e+000
61529.30833333 0.000000 0.000000 0.000000 5.20057329e+005 1.43442486e+005 2.30642896e+004 4.44390931e+003 1.28447602e+003 2.23132037e+002 1.25048413e+001 8.07945538e-002 4.35612935e-004 6.08099824e-006 0.00000000e+000 0.00000000e+000 0.00000000e+000 0.00000000e+000 0.00000000e+000 0.00000000e+000 0.00000000e+000 0.00000000e+000 0.00000000e+000 0.00000000e+000 0.00000000e+000 0.00000000e+000 0.00000000e+000 0.00000000e+000 0.00000000e+000
61531.10244374 0.000000 0.000000 0.000000 0.00000000e+000 0.00000000e+000 0.00000000e+000 0.00000000e+000 0.00000000e+000 0.00000000e+000 0.00000000e+000 0.00000000e+000 0.00000000e+000 0.00000000e+000 0.00000000e+000 0.00000000e+000 0.00000000e+000 0.00000000e+000 0.00000000e+000 0.00000000e+000 0.00000000e+000 0.00000000e+000 0.00000000e+000 0.00000000e+000 0.00000000e+000 0.00000000e+000 0.00000000e+000 0.00000000e+000 0.00000000e+000
