# Ae9Ap9 Model output file: MoonBEAM_trajectory_trade/Rp30408_22N.AE9.output_mc_fluxIntvAvg_065.txt
# Ae9Ap9 Software Version:  1.50.001
#
# Model type:               AE9
# Particle species:         e-
# Flux type:                1PtDiff
# Flux direction:           Omnidirectional
# Energy levels (MeV):       0.04 0.07 0.1 0.25 0.5 0.75 1 1.5 2 2.5 3 3.5 4 4.5 5 5.5 6 6.5 7 8.5 10
#
# Accumulation mode:        Interval, length = 846720 seconds (9.8 days)
#
# Time format:              Modified Julian Date
# Coordinate system:        GEI (Geocentric Equatorial Inertial) Cartesian in km
# Data Delimiter:           space
#
# datetime(mjd),posx(km),posy(km),posz(km),flux,flux,flux,flux,flux,flux,flux,flux,flux,flux,flux,flux,flux,flux,flux,flux,flux,flux,flux,flux,flux(#/cm^2/s/MeV)
61421.50833333 0.000000 0.000000 0.000000 7.03695800e+007 5.43387580e+007 2.52135527e+007 5.03001203e+006 8.92489752e+005 2.72290477e+005 1.07300441e+005 3.30363278e+004 8.65751340e+003 2.46197636e+003 9.32901609e+002 4.00541140e+002 1.85808176e+002 9.11273984e+001 4.46829342e+001 2.33803152e+001 1.37671772e+001 9.45999834e+000 6.03279385e+000 3.57782369e+000 2.59092567e+000
61431.30833333 0.000000 0.000000 0.000000 1.04300341e+006 1.45842112e+006 1.02973235e+006 9.05902592e+005 3.06788717e+005 1.23900537e+005 6.10515883e+004 2.44615488e+004 7.00721180e+003 1.66106287e+003 5.34079538e+002 2.18734336e+002 9.08316035e+001 3.57787274e+001 1.36343452e+001 6.47394232e+000 3.94347547e+000 2.97747594e+000 1.95732868e+000 1.15288082e+000 8.09702880e-001
61441.10833333 0.000000 0.000000 0.000000 1.26513647e+006 1.75015940e+006 1.23515700e+006 1.08555664e+006 3.69281372e+005 1.50907073e+005 7.39572613e+004 3.02611237e+004 9.23456465e+003 2.31335458e+003 7.25218004e+002 2.88476445e+002 1.16353155e+002 4.46099813e+001 1.70021039e+001 8.27508602e+000 5.22702564e+000 4.02885726e+000 2.67483239e+000 1.58612851e+000 1.12288545e+000
61450.90833333 0.000000 0.000000 0.000000 4.82915058e+005 3.75993950e+005 1.71451507e+005 6.05061506e+004 4.20607877e+004 2.16740592e+004 9.01588288e+003 3.19882384e+003 1.09242506e+003 2.99825405e+002 8.10281221e+001 2.42855000e+001 7.91728180e+000 2.97324914e+000 1.30857107e+000 6.51181625e-001 3.57625317e-001 2.14280318e-001 1.23805188e-001 6.80942333e-002 4.95868256e-002
61460.70833333 0.000000 0.000000 0.000000 1.32365357e+006 1.56910278e+006 9.93491316e+005 3.90547853e+005 1.04373804e+005 3.63938779e+004 1.30854644e+004 3.07039422e+003 3.72090463e+002 3.85712431e+001 8.36730742e+000 3.05983294e+000 1.61493191e+000 9.76943079e-001 6.20354799e-001 3.87874020e-001 2.56670991e-001 1.81503190e-001 1.16315324e-001 7.26787224e-002 5.27086323e-002
61470.50833333 0.000000 0.000000 0.000000 0.00000000e+000 0.00000000e+000 0.00000000e+000 0.00000000e+000 0.00000000e+000 0.00000000e+000 0.00000000e+000 0.00000000e+000 0.00000000e+000 0.00000000e+000 0.00000000e+000 0.00000000e+000 0.00000000e+000 0.00000000e+000 0.00000000e+000 0.00000000e+000 0.00000000e+000 0.00000000e+000 0.00000000e+000 0.00000000e+000 0.00000000e+000
61480.30833333 0.000000 0.000000 0.000000 3.34063024e+005 2.25891624e+005 7.79046758e+004 1.22337399e+004 6.35658126e+003 3.08067405e+003 9.67344236e+002 2.49808532e+002 7.78382959e+001 2.28460951e+001 6.61031234e+000 2.14345420e+000 7.84157930e-001 3.34565507e-001 1.78209935e-001 9.88610105e-002 5.53691459e-002 3.04845850e-002 1.68343026e-002 8.48597084e-003 5.59357459e-003
61490.10833333 0.000000 0.000000 0.000000 2.42120943e+005 3.61442743e+005 2.42850348e+005 1.79669230e+005 9.41619262e+004 4.98383748e+004 2.35831262e+004 7.93687610e+003 1.42432394e+003 2.23948022e+002 4.79350854e+001 1.39500863e+001 4.88404547e+000 2.09737058e+000 1.08611205e+000 6.07979438e-001 3.61085607e-001 2.23729479e-001 1.25431008e-001 5.72307227e-002 3.30207878e-002
61499.90833333 0.000000 0.000000 0.000000 1.87955498e+006 1.67154169e+006 8.64763528e+005 1.99016849e+005 3.63475815e+004 1.13500800e+004 3.22368600e+003 5.80651007e+002 6.00052220e+001 6.86556069e+000 1.90575537e+000 9.43955278e-001 6.47724157e-001 4.50635931e-001 3.05668747e-001 1.94041607e-001 1.30237932e-001 9.38540725e-002 6.16196803e-002 4.06809435e-002 3.04550681e-002
61509.70833333 0.000000 0.000000 0.000000 8.35684227e+004 7.35245286e+004 2.40122507e+004 2.69315452e+003 1.02642282e+002 1.08675819e+001 3.43092494e+000 1.09856111e+000 3.01059330e-001 1.06345554e-001 5.68756631e-002 3.97191063e-002 3.07165326e-002 2.27732729e-002 1.46945796e-002 7.77783317e-003 4.68074359e-003 3.62850967e-003 2.31987860e-003 1.42375800e-003 7.41273374e-004
61519.50833333 0.000000 0.000000 0.000000 1.31173538e+006 1.33490857e+006 8.33824272e+005 7.69952006e+005 3.19034435e+005 1.29203357e+005 5.67082140e+004 1.96116017e+004 5.63216928e+003 1.54762166e+003 5.34437224e+002 2.14814655e+002 8.86067164e+001 3.62431416e+001 1.54339230e+001 8.01932850e+000 5.14989846e+000 3.87638834e+000 2.51382757e+000 1.43959478e+000 9.74318449e-001
61529.30833333 0.000000 0.000000 0.000000 1.09993012e+006 8.46150290e+005 3.65329943e+005 1.47194921e+005 8.05924458e+004 3.62622304e+004 1.29885437e+004 2.85246184e+003 6.20138208e+002 2.11353365e+002 9.22530282e+001 4.04265133e+001 1.77519609e+001 8.16754376e+000 4.07802449e+000 2.29770621e+000 1.44650879e+000 1.00475965e+000 6.07824221e-001 3.08724112e-001 1.91490947e-001
61531.10244374 0.000000 0.000000 0.000000 0.00000000e+000 0.00000000e+000 0.00000000e+000 0.00000000e+000 0.00000000e+000 0.00000000e+000 0.00000000e+000 0.00000000e+000 0.00000000e+000 0.00000000e+000 0.00000000e+000 0.00000000e+000 0.00000000e+000 0.00000000e+000 0.00000000e+000 0.00000000e+000 0.00000000e+000 0.00000000e+000 0.00000000e+000 0.00000000e+000 0.00000000e+000
