# Ae9Ap9 Model output file: MoonBEAM_trajectory_trade/Rp30408_22N.AE9.output_mc_fluenceIntv_092.txt
# Ae9Ap9 Software Version:  1.50.001
#
# Model type:               AE9
# Particle species:         e-
# Flux type:                1PtDiff
# Flux direction:           Omnidirectional
# Energy levels (MeV):       0.04 0.07 0.1 0.25 0.5 0.75 1 1.5 2 2.5 3 3.5 4 4.5 5 5.5 6 6.5 7 8.5 10
#
# Accumulation mode:        Interval, length = 846720 seconds (9.8 days)
#
# Time format:              Modified Julian Date
# Coordinate system:        GEI (Geocentric Equatorial Inertial) Cartesian in km
# Data Delimiter:           space
#
# datetime(mjd),posx(km),posy(km),posz(km),fluence,fluence,fluence,fluence,fluence,fluence,fluence,fluence,fluence,fluence,fluence,fluence,fluence,fluence,fluence,fluence,fluence,fluence,fluence,fluence,fluence(#/cm^2/MeV)
61421.50833333 0.000000 0.000000 0.000000 1.34242338e+014 1.07756715e+014 3.33152123e+013 7.60602034e+012 1.55602139e+012 4.83075308e+011 1.88345893e+011 7.32647872e+010 2.55185256e+010 8.03435193e+009 2.74951701e+009 1.05012239e+009 4.29116091e+008 1.74483939e+008 7.41571331e+007 3.61883506e+007 2.12699674e+007 1.41802052e+007 8.33936975e+006 4.36381425e+006 2.85516320e+006
61431.30833333 0.000000 0.000000 0.000000 1.37779277e+014 1.10806049e+014 3.42399054e+013 7.83077576e+012 1.63792336e+012 5.21528876e+011 2.04597422e+011 7.88189395e+010 2.74208546e+010 8.75347801e+009 3.02694453e+009 1.16235210e+009 4.72844880e+008 1.90504414e+008 8.01516049e+007 3.89191385e+007 2.28201124e+007 1.52033081e+007 8.92827604e+006 4.64402070e+006 3.02255980e+006
61441.10833333 0.000000 0.000000 0.000000 1.41765889e+014 1.14191616e+014 3.52683066e+013 8.10792896e+012 1.74355554e+012 5.71479848e+011 2.25936835e+011 8.61511314e+010 2.98774335e+010 9.69801856e+009 3.39572268e+009 1.31217008e+009 5.30941570e+008 2.11667493e+008 8.81216744e+007 4.26195222e+007 2.49570686e+007 1.66242741e+007 9.74827270e+006 5.03620648e+006 3.25733101e+006
61450.90833333 0.000000 0.000000 0.000000 1.48791623e+014 1.17791040e+014 3.62321395e+013 8.46902407e+012 1.83055516e+012 6.00757021e+011 2.37482329e+011 9.09820611e+010 3.22318899e+010 1.07073208e+010 3.84286998e+009 1.52110035e+009 6.26921688e+008 2.52911576e+008 1.05237792e+008 5.05177260e+007 2.93692900e+007 1.95057965e+007 1.13893929e+007 5.87519086e+006 3.80690634e+006
61460.70833333 0.000000 0.000000 0.000000 1.97340658e+014 1.43313943e+014 4.17938357e+013 9.09506273e+012 1.89282256e+012 6.12664412e+011 2.40629955e+011 9.18233837e+010 3.24722801e+010 1.07811207e+010 3.87002228e+009 1.53184701e+009 6.31425718e+008 2.54782032e+008 1.06061481e+008 5.09158844e+007 2.96001515e+007 1.96563305e+007 1.14742507e+007 5.92586494e+006 3.84616179e+006
61470.50833333 0.000000 0.000000 0.000000 1.97340658e+014 1.43313943e+014 4.17938357e+013 9.09506273e+012 1.89282256e+012 6.12664412e+011 2.40629955e+011 9.18233837e+010 3.24722801e+010 1.07811207e+010 3.87002228e+009 1.53184701e+009 6.31425718e+008 2.54782032e+008 1.06061481e+008 5.09158844e+007 2.96001515e+007 1.96563305e+007 1.14742507e+007 5.92586494e+006 3.84616179e+006
61480.30833333 0.000000 0.000000 0.000000 2.12396922e+014 1.55762976e+014 4.58626081e+013 1.03334388e+013 2.18316108e+012 7.31697137e+011 2.98633743e+011 1.11317837e+011 3.57711562e+010 1.13755699e+010 4.04479056e+009 1.59390665e+009 6.55839364e+008 2.64488653e+008 1.10136332e+008 5.28581893e+007 3.07311223e+007 2.04201101e+007 1.19234759e+007 6.16764259e+006 4.00137571e+006
61490.10833333 0.000000 0.000000 0.000000 2.19835621e+014 1.62005723e+014 4.78466686e+013 1.07639381e+013 2.29180464e+012 7.72657667e+011 3.15468757e+011 1.17748605e+011 3.77031577e+010 1.19308210e+010 4.22024076e+009 1.65567708e+009 6.77742231e+008 2.72090987e+008 1.12956966e+008 5.40959413e+007 3.13985431e+007 2.08344908e+007 1.21470084e+007 6.27322971e+006 4.06658916e+006
61499.90833333 0.000000 0.000000 0.000000 3.11371807e+014 2.11310964e+014 5.77127287e+013 1.20215212e+013 2.57932561e+012 8.96907998e+011 3.67861472e+011 1.33029142e+011 4.24072683e+010 1.34675794e+010 4.77960547e+009 1.88400667e+009 7.70333641e+008 3.08002425e+008 1.26695368e+008 6.00888482e+007 3.45886057e+007 2.28329475e+007 1.32465641e+007 6.78935683e+006 4.38054370e+006
61509.70833333 0.000000 0.000000 0.000000 3.13020230e+014 2.12280337e+014 5.78602007e+013 1.20263915e+013 2.57940935e+012 8.96915550e+011 3.67862637e+011 1.33029302e+011 4.24072924e+010 1.34675847e+010 4.77960742e+009 1.88400754e+009 7.70334061e+008 3.08002616e+008 1.26695462e+008 6.00888959e+007 3.45886364e+007 2.28329681e+007 1.32465740e+007 6.78936133e+006 4.38054624e+006
61519.50833333 0.000000 0.000000 0.000000 3.16471433e+014 2.16564200e+014 5.98920886e+013 1.28224164e+013 2.77096278e+012 9.65830389e+011 3.97909426e+011 1.45987969e+011 4.59336345e+010 1.41306687e+010 4.92525280e+009 1.92221931e+009 7.80999281e+008 3.11207601e+008 1.27871713e+008 6.06288270e+007 3.48952622e+007 2.30261916e+007 1.33504058e+007 6.83935691e+006 4.41340811e+006
61529.30833333 0.000000 0.000000 0.000000 3.21435330e+014 2.19111309e+014 6.05329850e+013 1.29494244e+013 2.80725685e+012 9.75632517e+011 4.00720800e+011 1.46768412e+011 4.63617695e+010 1.44462763e+010 5.12195234e+009 2.01504742e+009 8.19263755e+008 3.26431730e+008 1.34292673e+008 6.39034190e+007 3.69123282e+007 2.44086175e+007 1.41722145e+007 7.29737059e+006 4.74346833e+006
61531.10244374 0.000000 0.000000 0.000000 3.21435330e+014 2.19111309e+014 6.05329850e+013 1.29494244e+013 2.80725685e+012 9.75632517e+011 4.00720800e+011 1.46768412e+011 4.63617695e+010 1.44462763e+010 5.12195234e+009 2.01504742e+009 8.19263755e+008 3.26431730e+008 1.34292673e+008 6.39034190e+007 3.69123282e+007 2.44086175e+007 1.41722145e+007 7.29737059e+006 4.74346833e+006
