# Ae9Ap9 Model output file: MoonBEAM_trajectory_trade/Rp30408_22N.AP9.output_mc_fluxIntvAvg_097.txt
# Ae9Ap9 Software Version:  1.50.001
#
# Model type:               AP9
# Particle species:         H+
# Flux type:                1PtDiff
# Flux direction:           Omnidirectional
# Energy levels (MeV):       0.1 0.2 0.4 0.6 0.8 1 2 4 6 8 10 15 20 30 50 60 80 100 150 200 300 400 700 1200 2000
#
# Accumulation mode:        Interval, length = 846720 seconds (9.8 days)
#
# Time format:              Modified Julian Date
# Coordinate system:        GEI (Geocentric Equatorial Inertial) Cartesian in km
# Data Delimiter:           space
#
# datetime(mjd),posx(km),posy(km),posz(km),flux,flux,flux,flux,flux,flux,flux,flux,flux,flux,flux,flux,flux,flux,flux,flux,flux,flux,flux,flux,flux,flux,flux,flux,flux(#/cm^2/s/MeV)
61421.50833333 0.000000 0.000000 0.000000 9.37284267e+006 6.53190902e+006 3.87598913e+006 2.02453548e+006 1.05064379e+006 2.24757662e+005 2.00620921e+004 1.98507814e+003 3.76339777e+002 1.24073512e+002 4.95865155e+001 2.24390017e+001 9.31654869e+000 3.83956244e+000 1.90015819e+000 1.09521162e+000 7.71052798e-001 4.23843299e-001 2.10525228e-001 7.62424821e-002 2.76612592e-002 4.07375275e-003 3.32233685e-004 5.48830488e-006 6.92966125e-008
61431.30833333 0.000000 0.000000 0.000000 1.04237964e+006 4.51706793e+005 9.14015727e+004 1.79975815e+004 4.58304419e+003 5.01729357e+002 9.16652269e+000 3.03397533e-002 1.09467435e-004 1.30369053e-006 0.00000000e+000 0.00000000e+000 0.00000000e+000 0.00000000e+000 0.00000000e+000 0.00000000e+000 0.00000000e+000 0.00000000e+000 0.00000000e+000 0.00000000e+000 0.00000000e+000 0.00000000e+000 0.00000000e+000 0.00000000e+000 0.00000000e+000
61441.10833333 0.000000 0.000000 0.000000 1.34982212e+006 5.95648952e+005 1.23362459e+005 2.48888185e+004 6.46832312e+003 7.09257909e+002 1.27287096e+001 4.15062878e-002 1.43636991e-004 1.77761144e-006 0.00000000e+000 0.00000000e+000 0.00000000e+000 0.00000000e+000 0.00000000e+000 0.00000000e+000 0.00000000e+000 0.00000000e+000 0.00000000e+000 0.00000000e+000 0.00000000e+000 0.00000000e+000 0.00000000e+000 0.00000000e+000 0.00000000e+000
61450.90833333 0.000000 0.000000 0.000000 2.00020705e+006 7.03571596e+005 1.39229815e+005 2.92303255e+004 7.19835706e+003 6.06152585e+002 7.11953752e+000 4.91936995e-002 3.86613662e-004 1.01043094e-005 6.00961449e-007 0.00000000e+000 0.00000000e+000 0.00000000e+000 0.00000000e+000 0.00000000e+000 0.00000000e+000 0.00000000e+000 0.00000000e+000 0.00000000e+000 0.00000000e+000 0.00000000e+000 0.00000000e+000 0.00000000e+000 0.00000000e+000
61460.70833333 0.000000 0.000000 0.000000 1.41219464e+006 5.89203936e+005 1.52924426e+005 3.88227445e+004 1.23874613e+004 1.35736079e+003 3.46929216e+001 2.58448121e-001 1.82005775e-003 3.89826983e-005 1.85918741e-006 0.00000000e+000 0.00000000e+000 0.00000000e+000 0.00000000e+000 0.00000000e+000 0.00000000e+000 0.00000000e+000 0.00000000e+000 0.00000000e+000 0.00000000e+000 0.00000000e+000 0.00000000e+000 0.00000000e+000 0.00000000e+000
61470.50833333 0.000000 0.000000 0.000000 0.00000000e+000 0.00000000e+000 0.00000000e+000 0.00000000e+000 0.00000000e+000 0.00000000e+000 0.00000000e+000 0.00000000e+000 0.00000000e+000 0.00000000e+000 0.00000000e+000 0.00000000e+000 0.00000000e+000 0.00000000e+000 0.00000000e+000 0.00000000e+000 0.00000000e+000 0.00000000e+000 0.00000000e+000 0.00000000e+000 0.00000000e+000 0.00000000e+000 0.00000000e+000 0.00000000e+000 0.00000000e+000
61480.30833333 0.000000 0.000000 0.000000 2.42044368e+006 1.19818650e+006 3.80149389e+005 1.08564758e+005 3.56430367e+004 3.44617650e+003 5.13080982e+001 2.02443160e-001 1.64532899e-003 5.75840606e-005 4.15607575e-006 0.00000000e+000 0.00000000e+000 0.00000000e+000 0.00000000e+000 0.00000000e+000 0.00000000e+000 0.00000000e+000 0.00000000e+000 0.00000000e+000 0.00000000e+000 0.00000000e+000 0.00000000e+000 0.00000000e+000 0.00000000e+000
61490.10833333 0.000000 0.000000 0.000000 7.29090163e+005 3.50527519e+005 1.45868118e+005 4.98319203e+004 1.88311345e+004 2.25522602e+003 6.24038572e+001 5.67080128e-001 4.08257950e-003 7.54798069e-005 3.26207784e-006 0.00000000e+000 0.00000000e+000 0.00000000e+000 0.00000000e+000 0.00000000e+000 0.00000000e+000 0.00000000e+000 0.00000000e+000 0.00000000e+000 0.00000000e+000 0.00000000e+000 0.00000000e+000 0.00000000e+000 0.00000000e+000
61499.90833333 0.000000 0.000000 0.000000 1.73125190e+006 8.93930293e+005 2.51690797e+005 6.51569864e+004 2.07049366e+004 2.12135595e+003 4.77550888e+001 3.44995237e-001 3.44891511e-003 8.74050263e-005 4.81402562e-006 0.00000000e+000 0.00000000e+000 0.00000000e+000 0.00000000e+000 0.00000000e+000 0.00000000e+000 0.00000000e+000 0.00000000e+000 0.00000000e+000 0.00000000e+000 0.00000000e+000 0.00000000e+000 0.00000000e+000 0.00000000e+000
61509.70833333 0.000000 0.000000 0.000000 5.73159574e+002 1.48843429e+002 1.61477375e+001 2.49318906e+000 7.20630686e-001 6.62376233e-002 3.65301038e-004 7.23033868e-007 0.00000000e+000 0.00000000e+000 0.00000000e+000 0.00000000e+000 0.00000000e+000 0.00000000e+000 0.00000000e+000 0.00000000e+000 0.00000000e+000 0.00000000e+000 0.00000000e+000 0.00000000e+000 0.00000000e+000 0.00000000e+000 0.00000000e+000 0.00000000e+000 0.00000000e+000
61519.50833333 0.000000 0.000000 0.000000 1.35615245e+006 5.41954630e+005 1.01823004e+005 1.98876366e+004 5.62468901e+003 7.68793874e+002 2.17003248e+001 9.89395773e-002 3.36048994e-004 4.16449080e-006 0.00000000e+000 0.00000000e+000 0.00000000e+000 0.00000000e+000 0.00000000e+000 0.00000000e+000 0.00000000e+000 0.00000000e+000 0.00000000e+000 0.00000000e+000 0.00000000e+000 0.00000000e+000 0.00000000e+000 0.00000000e+000 0.00000000e+000
61529.30833333 0.000000 0.000000 0.000000 9.09222748e+005 2.53468067e+005 3.23242738e+004 5.05251535e+003 1.27225832e+003 1.83802507e+002 4.32741590e+000 2.56673778e-002 1.28373441e-004 2.03059795e-006 0.00000000e+000 0.00000000e+000 0.00000000e+000 0.00000000e+000 0.00000000e+000 0.00000000e+000 0.00000000e+000 0.00000000e+000 0.00000000e+000 0.00000000e+000 0.00000000e+000 0.00000000e+000 0.00000000e+000 0.00000000e+000 0.00000000e+000
61531.10244374 0.000000 0.000000 0.000000 0.00000000e+000 0.00000000e+000 0.00000000e+000 0.00000000e+000 0.00000000e+000 0.00000000e+000 0.00000000e+000 0.00000000e+000 0.00000000e+000 0.00000000e+000 0.00000000e+000 0.00000000e+000 0.00000000e+000 0.00000000e+000 0.00000000e+000 0.00000000e+000 0.00000000e+000 0.00000000e+000 0.00000000e+000 0.00000000e+000 0.00000000e+000 0.00000000e+000 0.00000000e+000 0.00000000e+000 0.00000000e+000
