# Ae9Ap9 Model output file: MoonBEAM_trajectory_trade/Rp30408_22N.AE9.output_mc_fluxIntvAvg_029.txt
# Ae9Ap9 Software Version:  1.50.001
#
# Model type:               AE9
# Particle species:         e-
# Flux type:                1PtDiff
# Flux direction:           Omnidirectional
# Energy levels (MeV):       0.04 0.07 0.1 0.25 0.5 0.75 1 1.5 2 2.5 3 3.5 4 4.5 5 5.5 6 6.5 7 8.5 10
#
# Accumulation mode:        Interval, length = 846720 seconds (9.8 days)
#
# Time format:              Modified Julian Date
# Coordinate system:        GEI (Geocentric Equatorial Inertial) Cartesian in km
# Data Delimiter:           space
#
# datetime(mjd),posx(km),posy(km),posz(km),flux,flux,flux,flux,flux,flux,flux,flux,flux,flux,flux,flux,flux,flux,flux,flux,flux,flux,flux,flux,flux(#/cm^2/s/MeV)
61421.50833333 0.000000 0.000000 0.000000 1.24076232e+008 9.69045735e+007 3.13535679e+007 8.33181703e+006 1.77421110e+006 6.17595260e+005 2.46422693e+005 7.77381297e+004 2.05978469e+004 6.08020712e+003 2.21530244e+003 9.30484747e+002 4.12875177e+002 1.85953493e+002 8.41722843e+001 4.36688396e+001 2.63444047e+001 1.81350536e+001 1.04361997e+001 5.15341667e+000 3.14578362e+000
61431.30833333 0.000000 0.000000 0.000000 1.24195147e+006 1.34055827e+006 6.46133303e+005 1.90749275e+005 3.01569864e+004 7.47633288e+003 2.51623193e+003 8.76791030e+002 1.53419013e+002 1.98846424e+001 4.69275136e+000 1.66021662e+000 7.14615682e-001 3.35268978e-001 1.81689698e-001 1.05974871e-001 6.71583184e-002 4.45117298e-002 2.52052387e-002 1.33780371e-002 8.79765311e-003
61441.10833333 0.000000 0.000000 0.000000 1.35243224e+006 1.47156109e+006 7.43390992e+005 2.30719718e+005 3.71723825e+004 9.28357431e+003 3.14394399e+003 1.14126791e+003 2.27722839e+002 3.07056354e+001 6.62401587e+000 2.28811780e+000 9.98448688e-001 4.76209021e-001 2.58282764e-001 1.50024930e-001 9.46915115e-002 6.31214586e-002 3.59208581e-002 1.93738025e-002 1.31991672e-002
61450.90833333 0.000000 0.000000 0.000000 3.50447735e+007 1.57872143e+007 3.25981332e+006 2.43639209e+005 4.43233156e+004 2.03222012e+004 7.30060777e+003 1.33569976e+003 2.24245962e+002 4.20538753e+001 1.12587533e+001 3.66903790e+000 1.28250613e+000 4.88635058e-001 2.21083713e-001 1.07808471e-001 5.53399563e-002 2.80123056e-002 1.27184540e-002 5.12036369e-003 3.22420574e-003
61460.70833333 0.000000 0.000000 0.000000 9.66893377e+005 8.42288873e+005 3.48918997e+005 3.33602878e+005 1.63413486e+005 8.58949485e+004 4.43914572e+004 1.85295790e+004 5.26666380e+003 1.45676145e+003 4.82565523e+002 1.87649851e+002 7.29212066e+001 2.94805457e+001 1.15618938e+001 5.26360243e+000 2.73656817e+000 1.71766308e+000 9.10712881e-001 3.84905195e-001 2.06651319e-001
61470.50833333 0.000000 0.000000 0.000000 0.00000000e+000 0.00000000e+000 0.00000000e+000 0.00000000e+000 0.00000000e+000 0.00000000e+000 0.00000000e+000 0.00000000e+000 0.00000000e+000 0.00000000e+000 0.00000000e+000 0.00000000e+000 0.00000000e+000 0.00000000e+000 0.00000000e+000 0.00000000e+000 0.00000000e+000 0.00000000e+000 0.00000000e+000 0.00000000e+000 0.00000000e+000
61480.30833333 0.000000 0.000000 0.000000 4.37053273e+007 2.51169146e+007 6.17738862e+006 3.99573370e+005 4.85596807e+004 1.56108989e+004 6.01414152e+003 1.83733663e+003 4.40572190e+002 1.03375107e+002 3.05770299e+001 1.10730466e+001 4.38661314e+000 1.85289488e+000 8.45045498e-001 4.21623311e-001 2.28030246e-001 1.37936269e-001 7.42389851e-002 3.66306704e-002 2.29430200e-002
61490.10833333 0.000000 0.000000 0.000000 7.94041528e+006 7.57684865e+006 3.03134160e+006 1.76831102e+006 7.43861870e+005 3.40425611e+005 1.51241719e+005 5.24029518e+004 1.94183143e+004 7.51066640e+003 3.19975504e+003 1.49481999e+003 6.56146964e+002 2.80098786e+002 1.01823922e+002 4.34600642e+001 2.22154228e+001 1.52390270e+001 8.79963841e+000 4.13536908e+000 2.42436131e+000
61499.90833333 0.000000 0.000000 0.000000 1.47133736e+006 1.60268833e+006 8.82811332e+005 1.34087684e+006 4.63760955e+005 1.81041153e+005 8.58942229e+004 3.72069580e+004 1.25734392e+004 3.78532806e+003 1.45151448e+003 6.61916386e+002 3.01601835e+002 1.38311187e+002 5.54390929e+001 2.52404474e+001 1.34091536e+001 9.29193137e+000 5.46649977e+000 2.88194532e+000 1.91504306e+000
61509.70833333 0.000000 0.000000 0.000000 3.19993487e+004 3.54073190e+004 1.32848218e+004 5.60543676e+003 7.88714912e+002 1.31748850e+002 3.60683450e+001 8.84674908e+000 2.45731395e+000 8.06151194e-001 3.67688003e-001 1.90812190e-001 1.09434309e-001 7.20290997e-002 4.55807962e-002 2.28657759e-002 1.16014207e-002 7.62009434e-003 4.11034466e-003 2.04212378e-003 9.90062036e-004
61519.50833333 0.000000 0.000000 0.000000 2.13827565e+006 1.89808019e+006 8.43406425e+005 3.89847301e+005 1.19175392e+005 3.77907041e+004 1.29261865e+004 3.16600600e+003 5.58025858e+002 1.14208656e+002 4.02505789e+001 1.64107408e+001 7.34980080e+000 3.73555447e+000 2.09726349e+000 1.28556859e+000 8.43432595e-001 6.00469487e-001 3.58265780e-001 2.08606489e-001 1.44951210e-001
61529.30833333 0.000000 0.000000 0.000000 2.09237336e+007 1.40988844e+007 4.15245945e+006 1.06282346e+006 1.97459530e+005 6.01281492e+004 2.06648561e+004 6.30623889e+003 1.75958974e+003 4.66908545e+002 1.61301037e+002 6.34417004e+001 2.60282616e+001 1.12355988e+001 5.18063577e+000 2.77071311e+000 1.66251039e+000 1.11895114e+000 6.38186460e-001 3.46513135e-001 2.43735366e-001
61531.10244374 0.000000 0.000000 0.000000 0.00000000e+000 0.00000000e+000 0.00000000e+000 0.00000000e+000 0.00000000e+000 0.00000000e+000 0.00000000e+000 0.00000000e+000 0.00000000e+000 0.00000000e+000 0.00000000e+000 0.00000000e+000 0.00000000e+000 0.00000000e+000 0.00000000e+000 0.00000000e+000 0.00000000e+000 0.00000000e+000 0.00000000e+000 0.00000000e+000 0.00000000e+000
