# Ae9Ap9 Model output file: MoonBEAM_trajectory_trade/Rp30408_22N.AE9.output_mc_fluxIntvAvg_041.txt
# Ae9Ap9 Software Version:  1.50.001
#
# Model type:               AE9
# Particle species:         e-
# Flux type:                1PtDiff
# Flux direction:           Omnidirectional
# Energy levels (MeV):       0.04 0.07 0.1 0.25 0.5 0.75 1 1.5 2 2.5 3 3.5 4 4.5 5 5.5 6 6.5 7 8.5 10
#
# Accumulation mode:        Interval, length = 846720 seconds (9.8 days)
#
# Time format:              Modified Julian Date
# Coordinate system:        GEI (Geocentric Equatorial Inertial) Cartesian in km
# Data Delimiter:           space
#
# datetime(mjd),posx(km),posy(km),posz(km),flux,flux,flux,flux,flux,flux,flux,flux,flux,flux,flux,flux,flux,flux,flux,flux,flux,flux,flux,flux,flux(#/cm^2/s/MeV)
61421.50833333 0.000000 0.000000 0.000000 8.87415239e+007 5.72146755e+007 1.57657487e+007 3.49220470e+006 8.06473918e+005 2.79170847e+005 1.14338894e+005 4.90614710e+004 2.08180840e+004 8.31566785e+003 3.25586254e+003 1.27605502e+003 5.25001286e+002 2.22541413e+002 9.58702804e+001 4.85393804e+001 2.95509688e+001 2.06581901e+001 1.23385850e+001 6.72912082e+000 4.63132944e+000
61431.30833333 0.000000 0.000000 0.000000 2.74620823e+006 1.97164863e+006 6.63282703e+005 3.61946323e+005 1.68163395e+005 9.22279407e+004 4.50644200e+004 2.14061436e+004 1.23776479e+004 5.29366089e+003 1.94101179e+003 7.65692447e+002 3.02033953e+002 1.19514288e+002 4.15775551e+001 1.70120514e+001 8.21628175e+000 5.03027623e+000 2.62616599e+000 1.08236090e+000 6.04839753e-001
61441.10833333 0.000000 0.000000 0.000000 3.18409805e+006 2.22781865e+006 7.31736354e+005 4.00052558e+005 1.91503362e+005 1.07324357e+005 5.29089856e+004 2.46440300e+004 1.38799544e+004 6.33114993e+003 2.39310149e+003 9.36455445e+002 3.62824042e+002 1.41192601e+002 5.05106362e+001 2.17408575e+001 1.11035684e+001 6.88508469e+000 3.59996422e+000 1.46828527e+000 8.12114526e-001
61450.90833333 0.000000 0.000000 0.000000 2.70819639e+007 1.89578473e+007 5.65651687e+006 8.86505016e+005 1.21986666e+005 3.60301897e+004 1.34129837e+004 3.47642742e+003 6.18535740e+002 1.31193757e+002 4.15468625e+001 1.42966055e+001 5.19980356e+000 1.91166203e+000 7.92011271e-001 3.89877496e-001 2.48106970e-001 1.80870631e-001 1.18509459e-001 7.14724240e-002 5.08460364e-002
61460.70833333 0.000000 0.000000 0.000000 1.15933053e+006 7.90596880e+005 2.72852620e+005 1.68668555e+005 9.64619000e+004 4.89122519e+004 2.37483555e+004 1.18521039e+004 8.10440982e+003 4.18659762e+003 1.80853237e+003 7.49864596e+002 3.01773981e+002 1.20413608e+002 4.44615170e+001 1.92545655e+001 1.01181369e+001 6.63397838e+000 3.67295499e+000 1.72526688e+000 1.07817570e+000
61470.50833333 0.000000 0.000000 0.000000 0.00000000e+000 0.00000000e+000 0.00000000e+000 0.00000000e+000 0.00000000e+000 0.00000000e+000 0.00000000e+000 0.00000000e+000 0.00000000e+000 0.00000000e+000 0.00000000e+000 0.00000000e+000 0.00000000e+000 0.00000000e+000 0.00000000e+000 0.00000000e+000 0.00000000e+000 0.00000000e+000 0.00000000e+000 0.00000000e+000 0.00000000e+000
61480.30833333 0.000000 0.000000 0.000000 5.34441523e+005 3.22787864e+005 1.18926301e+005 4.02118139e+004 8.75064790e+003 1.85127252e+003 5.76343078e+002 2.22466821e+002 6.39563263e+001 1.75234378e+001 6.73935228e+000 2.41678128e+000 9.98145550e-001 4.20749135e-001 2.03782985e-001 1.07870998e-001 7.60548831e-002 6.20718521e-002 4.69199250e-002 3.96095192e-002 3.50420537e-002
61490.10833333 0.000000 0.000000 0.000000 4.81293342e+006 2.66854475e+006 7.39744519e+005 9.48109776e+004 7.33445469e+003 1.33024613e+003 3.69817382e+002 1.50127298e+002 4.93293133e+001 1.44157222e+001 4.07419790e+000 1.07590892e+000 2.93785857e-001 8.12690497e-002 2.89846121e-002 1.28319563e-002 8.53043046e-003 6.55257892e-003 4.91730047e-003 3.79902617e-003 3.32096005e-003
61499.90833333 0.000000 0.000000 0.000000 1.12165953e+007 7.73120823e+006 2.44660389e+006 3.74202017e+005 4.76865049e+004 1.16950360e+004 3.78252792e+003 1.01227074e+003 1.86971097e+002 3.33682232e+001 8.36359980e+000 2.19773482e+000 6.83438650e-001 2.34879621e-001 1.12522929e-001 6.78368344e-002 5.18415637e-002 4.17539353e-002 2.96271773e-002 1.93946642e-002 1.40377877e-002
61509.70833333 0.000000 0.000000 0.000000 1.83910233e+005 1.37419996e+005 3.44037522e+004 3.47362880e+003 1.21997173e+002 9.68804969e+000 2.63616064e+000 6.35617617e-001 1.38749883e-001 4.99187108e-002 2.45338466e-002 1.31269449e-002 7.53093283e-003 4.55370957e-003 2.93678677e-003 1.82845355e-003 1.31899485e-003 1.11164939e-003 7.59969689e-004 4.84716921e-004 2.63644020e-004
61519.50833333 0.000000 0.000000 0.000000 9.51222241e+006 7.38397633e+006 2.15161607e+006 3.44996584e+005 4.73081811e+004 1.68501898e+004 6.63389419e+003 2.25849403e+003 4.32874886e+002 8.27939766e+001 2.10190491e+001 5.62349810e+000 1.56118969e+000 4.77236824e-001 2.17386467e-001 1.33137760e-001 1.01168908e-001 8.05850352e-002 5.51512673e-002 3.24400812e-002 2.15569162e-002
61529.30833333 0.000000 0.000000 0.000000 6.46019014e+006 3.61857632e+006 9.07346373e+005 2.89806624e+005 1.27818271e+005 7.14417803e+004 3.22146402e+004 1.02792863e+004 4.10478985e+003 1.92103272e+003 7.40003242e+002 2.45491905e+002 7.63295039e+001 2.39654235e+001 8.13165458e+000 3.59533578e+000 1.97247984e+000 1.25157851e+000 6.80402605e-001 2.77597907e-001 1.47926849e-001
61531.10244374 0.000000 0.000000 0.000000 0.00000000e+000 0.00000000e+000 0.00000000e+000 0.00000000e+000 0.00000000e+000 0.00000000e+000 0.00000000e+000 0.00000000e+000 0.00000000e+000 0.00000000e+000 0.00000000e+000 0.00000000e+000 0.00000000e+000 0.00000000e+000 0.00000000e+000 0.00000000e+000 0.00000000e+000 0.00000000e+000 0.00000000e+000 0.00000000e+000 0.00000000e+000
