# Ae9Ap9 Model output file: MoonBEAM_trajectory_trade/Rp30408_22N.AE9.output_mc_fluxIntvAvg_080.txt
# Ae9Ap9 Software Version:  1.50.001
#
# Model type:               AE9
# Particle species:         e-
# Flux type:                1PtDiff
# Flux direction:           Omnidirectional
# Energy levels (MeV):       0.04 0.07 0.1 0.25 0.5 0.75 1 1.5 2 2.5 3 3.5 4 4.5 5 5.5 6 6.5 7 8.5 10
#
# Accumulation mode:        Interval, length = 846720 seconds (9.8 days)
#
# Time format:              Modified Julian Date
# Coordinate system:        GEI (Geocentric Equatorial Inertial) Cartesian in km
# Data Delimiter:           space
#
# datetime(mjd),posx(km),posy(km),posz(km),flux,flux,flux,flux,flux,flux,flux,flux,flux,flux,flux,flux,flux,flux,flux,flux,flux,flux,flux,flux,flux(#/cm^2/s/MeV)
61421.50833333 0.000000 0.000000 0.000000 4.63520613e+007 4.17801945e+007 1.84642723e+007 5.30578363e+006 1.28750684e+006 4.69990827e+005 2.00524146e+005 6.97776023e+004 2.05552810e+004 5.74401070e+003 1.76539684e+003 6.22261964e+002 2.41756810e+002 9.75704154e+001 3.95304994e+001 1.76067601e+001 9.30673275e+000 5.83527794e+000 3.23214915e+000 1.45297767e+000 8.37085349e-001
61431.30833333 0.000000 0.000000 0.000000 2.13952467e+006 2.09010644e+006 9.88261413e+005 2.99070818e+005 7.71080051e+004 2.59987134e+004 9.37273357e+003 2.59554424e+003 5.44917485e+002 1.32417293e+002 4.49046717e+001 1.73205708e+001 6.86433384e+000 2.91986773e+000 1.34814375e+000 7.05228489e-001 4.24343021e-001 2.87207734e-001 1.68287104e-001 9.20407984e-002 6.29697386e-002
61441.10833333 0.000000 0.000000 0.000000 2.79305086e+006 2.70164064e+006 1.25423453e+006 3.71121058e+005 9.57348124e+004 3.26964410e+004 1.17285301e+004 3.24126124e+003 6.91886449e+002 1.65201086e+002 5.47363622e+001 2.10883234e+001 8.29948622e+000 3.51088100e+000 1.63263270e+000 8.67858879e-001 5.28145201e-001 3.58983562e-001 2.11117822e-001 1.17664549e-001 8.14918270e-002
61450.90833333 0.000000 0.000000 0.000000 7.42080832e+005 5.18497792e+005 2.22635989e+005 1.05080547e+005 4.08685753e+004 1.65305869e+004 5.53454185e+003 1.56337564e+003 6.27285980e+002 2.76150711e+002 1.22421048e+002 5.68218228e+001 2.50591556e+001 1.07905687e+001 4.60874231e+000 2.13368588e+000 1.13895508e+000 6.93149362e-001 3.72481441e-001 1.74515173e-001 1.09768483e-001
61460.70833333 0.000000 0.000000 0.000000 4.85310202e+006 3.47329699e+006 1.31313206e+006 3.42929720e+005 1.07586836e+005 4.36067351e+004 1.81903412e+004 6.42511889e+003 1.84610366e+003 4.76210858e+002 1.44330878e+002 5.22219481e+001 1.94921072e+001 7.74098995e+000 3.19124971e+000 1.47958941e+000 8.01649853e-001 5.01279653e-001 2.79044437e-001 1.54285418e-001 1.15587817e-001
61470.50833333 0.000000 0.000000 0.000000 0.00000000e+000 0.00000000e+000 0.00000000e+000 0.00000000e+000 0.00000000e+000 0.00000000e+000 0.00000000e+000 0.00000000e+000 0.00000000e+000 0.00000000e+000 0.00000000e+000 0.00000000e+000 0.00000000e+000 0.00000000e+000 0.00000000e+000 0.00000000e+000 0.00000000e+000 0.00000000e+000 0.00000000e+000 0.00000000e+000 0.00000000e+000
61480.30833333 0.000000 0.000000 0.000000 4.63976205e+005 3.76429680e+005 1.81195747e+005 1.43205930e+005 5.71531815e+004 2.63572106e+004 1.20038698e+004 5.37016909e+003 2.09756674e+003 6.60896875e+002 2.45935722e+002 1.09290544e+002 4.89589543e+001 2.15172183e+001 9.09212756e+000 4.14401352e+000 2.21761152e+000 1.40515917e+000 7.93572983e-001 4.00486446e-001 2.59789652e-001
61490.10833333 0.000000 0.000000 0.000000 1.45811925e+007 1.05146645e+007 3.63237213e+006 1.62993794e+006 7.03705631e+005 3.80955308e+005 2.14667882e+005 8.47587008e+004 2.74939946e+004 8.76938982e+003 3.36801373e+003 1.51576686e+003 6.51075023e+002 2.63769536e+002 9.32931987e+001 3.91054279e+001 2.13537678e+001 1.53038878e+001 9.67132895e+000 5.19277473e+000 3.44483718e+000
61499.90833333 0.000000 0.000000 0.000000 2.29240154e+005 1.67935018e+005 7.96452382e+004 8.44888135e+004 3.63835370e+004 1.32649559e+004 4.74722112e+003 1.77439856e+003 9.90603316e+002 5.64890978e+002 3.08087573e+002 1.69477894e+002 8.79027796e+001 4.33421820e+001 1.94218945e+001 9.55932613e+000 5.64745885e+000 4.05776616e+000 2.55426585e+000 1.50101157e+000 1.09153308e+000
61509.70833333 0.000000 0.000000 0.000000 4.84811470e+003 4.42713965e+003 1.45887708e+003 1.54384459e+002 2.38883218e+001 3.25667711e+000 1.34054075e+000 6.82109221e-001 2.46408898e-001 1.11707339e-001 7.03733903e-002 5.23286832e-002 3.89738796e-002 2.70215104e-002 1.77560117e-002 1.08359639e-002 7.10718992e-003 5.41645421e-003 3.41875193e-003 2.33756062e-003 1.46984844e-003
61519.50833333 0.000000 0.000000 0.000000 1.16770838e+007 8.08336635e+006 2.83477678e+006 9.19067664e+005 2.96524779e+005 1.15985689e+005 4.58248601e+004 1.37338427e+004 4.53656911e+003 1.78868912e+003 7.69090071e+002 3.34592954e+002 1.39861438e+002 5.76650550e+001 2.37747070e+001 1.19219264e+001 7.45913158e+000 5.51773083e+000 3.54707927e+000 2.03565750e+000 1.41207161e+000
61529.30833333 0.000000 0.000000 0.000000 5.89142550e+006 3.52700348e+006 1.06943906e+006 1.33856021e+005 2.94978760e+004 8.09235952e+003 2.09711165e+003 4.77482920e+002 1.60122419e+002 7.61259248e+001 3.93350371e+001 1.68338886e+001 6.57427588e+000 2.75306422e+000 1.29028978e+000 6.85659308e-001 4.01917512e-001 2.58032027e-001 1.44141261e-001 8.04336986e-002 6.07452849e-002
61531.10244374 0.000000 0.000000 0.000000 0.00000000e+000 0.00000000e+000 0.00000000e+000 0.00000000e+000 0.00000000e+000 0.00000000e+000 0.00000000e+000 0.00000000e+000 0.00000000e+000 0.00000000e+000 0.00000000e+000 0.00000000e+000 0.00000000e+000 0.00000000e+000 0.00000000e+000 0.00000000e+000 0.00000000e+000 0.00000000e+000 0.00000000e+000 0.00000000e+000 0.00000000e+000
