# Ae9Ap9 Model output file: MoonBEAM_trajectory_trade/Rp30408_22N.AP9.output_mc_fluxIntvAvg_024.txt
# Ae9Ap9 Software Version:  1.50.001
#
# Model type:               AP9
# Particle species:         H+
# Flux type:                1PtDiff
# Flux direction:           Omnidirectional
# Energy levels (MeV):       0.1 0.2 0.4 0.6 0.8 1 2 4 6 8 10 15 20 30 50 60 80 100 150 200 300 400 700 1200 2000
#
# Accumulation mode:        Interval, length = 846720 seconds (9.8 days)
#
# Time format:              Modified Julian Date
# Coordinate system:        GEI (Geocentric Equatorial Inertial) Cartesian in km
# Data Delimiter:           space
#
# datetime(mjd),posx(km),posy(km),posz(km),flux,flux,flux,flux,flux,flux,flux,flux,flux,flux,flux,flux,flux,flux,flux,flux,flux,flux,flux,flux,flux,flux,flux,flux,flux(#/cm^2/s/MeV)
61421.50833333 0.000000 0.000000 0.000000 4.10368494e+006 1.65766178e+006 4.92351388e+005 1.91283660e+005 9.10824236e+004 2.07611977e+004 2.61117847e+003 4.99646251e+002 2.05317554e+002 1.16308895e+002 5.64891248e+001 2.35585027e+001 7.30699016e+000 2.46872313e+000 1.14718710e+000 6.76891578e-001 4.76193562e-001 2.46319667e-001 1.09469881e-001 3.41958611e-002 1.01089169e-002 8.12224118e-004 4.02629508e-005 8.48719775e-007 1.78662715e-008
61431.30833333 0.000000 0.000000 0.000000 1.77918097e+005 5.99829135e+004 1.26764676e+004 2.53875825e+003 6.27781152e+002 8.40083998e+001 9.16704027e+000 1.10120373e-001 8.94181769e-004 1.33457516e-005 0.00000000e+000 0.00000000e+000 0.00000000e+000 0.00000000e+000 0.00000000e+000 0.00000000e+000 0.00000000e+000 0.00000000e+000 0.00000000e+000 0.00000000e+000 0.00000000e+000 0.00000000e+000 0.00000000e+000 0.00000000e+000 0.00000000e+000
61441.10833333 0.000000 0.000000 0.000000 2.33573056e+005 8.00161348e+004 1.72398231e+004 3.51068191e+003 8.81813428e+002 1.18462452e+002 1.28869693e+001 1.42828826e-001 1.14949058e-003 1.68234378e-005 0.00000000e+000 0.00000000e+000 0.00000000e+000 0.00000000e+000 0.00000000e+000 0.00000000e+000 0.00000000e+000 0.00000000e+000 0.00000000e+000 0.00000000e+000 0.00000000e+000 0.00000000e+000 0.00000000e+000 0.00000000e+000 0.00000000e+000
61450.90833333 0.000000 0.000000 0.000000 3.76305067e+005 1.61693909e+005 6.15361174e+004 2.00128286e+004 6.95522698e+003 8.64206061e+002 7.56911289e+001 9.10985854e-001 9.04674949e-003 2.22584945e-004 1.10316648e-005 0.00000000e+000 0.00000000e+000 0.00000000e+000 0.00000000e+000 0.00000000e+000 0.00000000e+000 0.00000000e+000 0.00000000e+000 0.00000000e+000 0.00000000e+000 0.00000000e+000 0.00000000e+000 0.00000000e+000 0.00000000e+000
61460.70833333 0.000000 0.000000 0.000000 1.34584997e+006 4.69578549e+005 6.98648730e+004 1.21077418e+004 2.83248977e+003 2.97152346e+002 2.75535873e+001 2.18493026e-001 1.80096292e-003 4.14757843e-005 1.80655308e-006 0.00000000e+000 0.00000000e+000 0.00000000e+000 0.00000000e+000 0.00000000e+000 0.00000000e+000 0.00000000e+000 0.00000000e+000 0.00000000e+000 0.00000000e+000 0.00000000e+000 0.00000000e+000 0.00000000e+000 0.00000000e+000
61470.50833333 0.000000 0.000000 0.000000 0.00000000e+000 0.00000000e+000 0.00000000e+000 0.00000000e+000 0.00000000e+000 0.00000000e+000 0.00000000e+000 0.00000000e+000 0.00000000e+000 0.00000000e+000 0.00000000e+000 0.00000000e+000 0.00000000e+000 0.00000000e+000 0.00000000e+000 0.00000000e+000 0.00000000e+000 0.00000000e+000 0.00000000e+000 0.00000000e+000 0.00000000e+000 0.00000000e+000 0.00000000e+000 0.00000000e+000 0.00000000e+000
61480.30833333 0.000000 0.000000 0.000000 5.55353647e+005 2.52428819e+005 8.89288578e+004 2.62344772e+004 8.60136627e+003 9.36698641e+002 8.50084825e+001 2.13198402e+000 2.80132953e-002 9.03160101e-004 5.96234128e-005 0.00000000e+000 0.00000000e+000 0.00000000e+000 0.00000000e+000 0.00000000e+000 0.00000000e+000 0.00000000e+000 0.00000000e+000 0.00000000e+000 0.00000000e+000 0.00000000e+000 0.00000000e+000 0.00000000e+000 0.00000000e+000
61490.10833333 0.000000 0.000000 0.000000 8.22187658e+005 3.40782518e+005 8.11513342e+004 2.09286535e+004 6.93395533e+003 9.21341595e+002 8.85440194e+001 5.10200785e-001 4.26360781e-003 9.13969540e-005 3.73929602e-006 0.00000000e+000 0.00000000e+000 0.00000000e+000 0.00000000e+000 0.00000000e+000 0.00000000e+000 0.00000000e+000 0.00000000e+000 0.00000000e+000 0.00000000e+000 0.00000000e+000 0.00000000e+000 0.00000000e+000 0.00000000e+000
61499.90833333 0.000000 0.000000 0.000000 3.41614841e+005 1.34426059e+005 5.31800339e+004 1.87817837e+004 7.60790754e+003 1.16592715e+003 1.79610401e+002 3.10117103e+000 2.65222337e-002 5.34406722e-004 2.47624180e-005 0.00000000e+000 0.00000000e+000 0.00000000e+000 0.00000000e+000 0.00000000e+000 0.00000000e+000 0.00000000e+000 0.00000000e+000 0.00000000e+000 0.00000000e+000 0.00000000e+000 0.00000000e+000 0.00000000e+000 0.00000000e+000
61509.70833333 0.000000 0.000000 0.000000 2.51816229e+002 6.78801639e+001 9.06904218e+000 1.74889256e+000 7.15283108e-001 2.23078413e-001 5.30343682e-003 9.24510787e-006 0.00000000e+000 0.00000000e+000 0.00000000e+000 0.00000000e+000 0.00000000e+000 0.00000000e+000 0.00000000e+000 0.00000000e+000 0.00000000e+000 0.00000000e+000 0.00000000e+000 0.00000000e+000 0.00000000e+000 0.00000000e+000 0.00000000e+000 0.00000000e+000 0.00000000e+000
61519.50833333 0.000000 0.000000 0.000000 2.54275654e+005 6.13511194e+004 6.42903113e+003 9.87808323e+002 2.55214195e+002 4.75785510e+001 1.28932048e+001 7.64892373e-002 4.14800356e-004 6.18511665e-006 0.00000000e+000 0.00000000e+000 0.00000000e+000 0.00000000e+000 0.00000000e+000 0.00000000e+000 0.00000000e+000 0.00000000e+000 0.00000000e+000 0.00000000e+000 0.00000000e+000 0.00000000e+000 0.00000000e+000 0.00000000e+000 0.00000000e+000
61529.30833333 0.000000 0.000000 0.000000 3.86755273e+005 1.13697728e+005 1.69236662e+004 3.12617417e+003 8.75403960e+002 1.56081192e+002 3.66566446e+001 2.49347725e-001 9.09588084e-004 7.79253452e-006 0.00000000e+000 0.00000000e+000 0.00000000e+000 0.00000000e+000 0.00000000e+000 0.00000000e+000 0.00000000e+000 0.00000000e+000 0.00000000e+000 0.00000000e+000 0.00000000e+000 0.00000000e+000 0.00000000e+000 0.00000000e+000 0.00000000e+000
61531.10244374 0.000000 0.000000 0.000000 0.00000000e+000 0.00000000e+000 0.00000000e+000 0.00000000e+000 0.00000000e+000 0.00000000e+000 0.00000000e+000 0.00000000e+000 0.00000000e+000 0.00000000e+000 0.00000000e+000 0.00000000e+000 0.00000000e+000 0.00000000e+000 0.00000000e+000 0.00000000e+000 0.00000000e+000 0.00000000e+000 0.00000000e+000 0.00000000e+000 0.00000000e+000 0.00000000e+000 0.00000000e+000 0.00000000e+000 0.00000000e+000
