# Ae9Ap9 Model output file: MoonBEAM_trajectory_trade/Rp30408_22N.AE9.output_mc_fluenceIntv_085.txt
# Ae9Ap9 Software Version:  1.50.001
#
# Model type:               AE9
# Particle species:         e-
# Flux type:                1PtDiff
# Flux direction:           Omnidirectional
# Energy levels (MeV):       0.04 0.07 0.1 0.25 0.5 0.75 1 1.5 2 2.5 3 3.5 4 4.5 5 5.5 6 6.5 7 8.5 10
#
# Accumulation mode:        Interval, length = 846720 seconds (9.8 days)
#
# Time format:              Modified Julian Date
# Coordinate system:        GEI (Geocentric Equatorial Inertial) Cartesian in km
# Data Delimiter:           space
#
# datetime(mjd),posx(km),posy(km),posz(km),fluence,fluence,fluence,fluence,fluence,fluence,fluence,fluence,fluence,fluence,fluence,fluence,fluence,fluence,fluence,fluence,fluence,fluence,fluence,fluence,fluence(#/cm^2/MeV)
61421.50833333 0.000000 0.000000 0.000000 1.82387651e+013 1.62454716e+013 7.46694808e+012 3.40097252e+012 1.02697686e+012 3.99600704e+011 1.83252098e+011 8.01105152e+010 3.12767391e+010 1.17014843e+010 4.64252021e+009 1.92219642e+009 7.94743223e+008 3.15482948e+008 1.29289208e+008 6.52799393e+007 4.20970713e+007 3.10938612e+007 2.01505627e+007 1.17088474e+007 8.09699057e+006
61431.30833333 0.000000 0.000000 0.000000 1.86709620e+013 1.65552386e+013 7.58794953e+012 3.42874147e+012 1.03261517e+012 4.01076878e+011 1.83666543e+011 8.02163936e+010 3.12936715e+010 1.17039961e+010 4.64306300e+009 1.92233603e+009 7.94797234e+008 3.15508717e+008 1.29303499e+008 6.52877880e+007 4.21020554e+007 3.10973072e+007 2.01524920e+007 1.17098481e+007 8.09757619e+006
61441.10833333 0.000000 0.000000 0.000000 1.91608325e+013 1.69186813e+013 7.73626012e+012 3.46766351e+012 1.04021712e+012 4.03064671e+011 1.84252108e+011 8.03842214e+010 3.13218276e+010 1.17076296e+010 4.64374089e+009 1.92251536e+009 7.94872465e+008 3.15546178e+008 1.29324089e+008 6.52988934e+007 4.21090607e+007 3.11021918e+007 2.01552277e+007 1.17111764e+007 8.09833781e+006
61450.90833333 0.000000 0.000000 0.000000 2.03029374e+013 1.83240788e+013 8.64173679e+012 4.83506874e+012 1.56989545e+012 6.42708034e+011 3.21613797e+011 1.43443761e+011 4.90216383e+010 1.57393046e+010 5.86501634e+009 2.36375974e+009 9.63658606e+008 3.80459804e+008 1.53994565e+008 7.66266515e+007 4.87993782e+007 3.60555814e+007 2.34261356e+007 1.37751947e+007 9.63855847e+006
61460.70833333 0.000000 0.000000 0.000000 2.10653874e+013 1.86866300e+013 8.74397954e+012 4.84995387e+012 1.57272562e+012 6.43463883e+011 3.21915710e+011 1.43573083e+011 4.90385340e+010 1.57404473e+010 5.86516529e+009 2.36378647e+009 9.63665687e+008 3.80462875e+008 1.53996687e+008 7.66280733e+007 4.88002899e+007 3.60561056e+007 2.34263752e+007 1.37753095e+007 9.63863575e+006
61470.50833333 0.000000 0.000000 0.000000 2.10653874e+013 1.86866300e+013 8.74397954e+012 4.84995387e+012 1.57272562e+012 6.43463883e+011 3.21915710e+011 1.43573083e+011 4.90385340e+010 1.57404473e+010 5.86516529e+009 2.36378647e+009 9.63665687e+008 3.80462875e+008 1.53996687e+008 7.66280733e+007 4.88002899e+007 3.60561056e+007 2.34263752e+007 1.37753095e+007 9.63863575e+006
61480.30833333 0.000000 0.000000 0.000000 3.25525321e+013 2.72782751e+013 1.20697453e+013 6.05439112e+012 1.84386485e+012 7.51472850e+011 3.76084657e+011 1.62334147e+011 5.22302339e+010 1.62949588e+010 6.02109963e+009 2.42036918e+009 9.86236742e+008 3.89727569e+008 1.57888366e+008 7.84214925e+007 4.97889599e+007 3.66946886e+007 2.37884497e+007 1.39475860e+007 9.73923636e+006
61490.10833333 0.000000 0.000000 0.000000 4.75552123e+013 3.61155334e+013 1.46002992e+013 6.32151471e+012 1.86217160e+012 7.54577981e+011 3.76939148e+011 1.62504880e+011 5.22487272e+010 1.62974833e+010 6.02187499e+009 2.42067261e+009 9.86391566e+008 3.89823059e+008 1.57957069e+008 7.84677439e+007 4.98202535e+007 3.67154153e+007 2.37998295e+007 1.39546038e+007 9.74465456e+006
61499.90833333 0.000000 0.000000 0.000000 5.37780391e+013 4.31420143e+013 1.77796375e+013 8.25386838e+012 2.56500145e+012 1.07676711e+012 5.42919834e+011 2.27630755e+011 7.19048725e+010 2.17117278e+010 7.92763176e+009 3.20219604e+009 1.30385713e+009 5.11912976e+008 2.01077747e+008 9.70234464e+007 6.03423231e+007 4.45216133e+007 2.89534359e+007 1.71407153e+007 1.21408764e+007
61509.70833333 0.000000 0.000000 0.000000 5.38889498e+013 4.32674662e+013 1.78220547e+013 8.26012083e+012 2.56553511e+012 1.07686380e+012 5.42948880e+011 2.27639191e+011 7.19070934e+010 2.17123737e+010 7.92791908e+009 3.20234186e+009 1.30393496e+009 5.11956570e+008 2.01102848e+008 9.70375680e+007 6.03505744e+007 4.45271321e+007 2.89564413e+007 1.71419641e+007 1.21413926e+007
61519.50833333 0.000000 0.000000 0.000000 8.66413963e+013 6.15475975e+013 2.19283538e+013 8.49096868e+012 2.58901332e+012 1.08274089e+012 5.44233321e+011 2.27776841e+011 7.19227229e+010 2.17165589e+010 7.92992380e+009 3.20319543e+009 1.30428551e+009 5.12128385e+008 2.01203582e+008 9.70972746e+007 6.03836278e+007 4.45451428e+007 2.89648399e+007 1.71458362e+007 1.21438882e+007
61529.30833333 0.000000 0.000000 0.000000 1.12297579e+014 7.45528532e+013 2.46389502e+013 8.63824335e+012 2.61099844e+012 1.08939637e+012 5.46106281e+011 2.28230745e+011 7.21401780e+010 2.18525614e+010 8.00342539e+009 3.23543366e+009 1.31705005e+009 5.17128576e+008 2.03310247e+008 9.81433503e+007 6.09700011e+007 4.49055794e+007 2.91523316e+007 1.72289678e+007 1.21965574e+007
61531.10244374 0.000000 0.000000 0.000000 1.12297579e+014 7.45528532e+013 2.46389502e+013 8.63824335e+012 2.61099844e+012 1.08939637e+012 5.46106281e+011 2.28230745e+011 7.21401780e+010 2.18525614e+010 8.00342539e+009 3.23543366e+009 1.31705005e+009 5.17128576e+008 2.03310247e+008 9.81433503e+007 6.09700011e+007 4.49055794e+007 2.91523316e+007 1.72289678e+007 1.21965574e+007
