# Ae9Ap9 Model output file: MoonBEAM_trajectory_trade/Rp30408_22N.AP9.output_mc_fluxIntvAvg_046.txt
# Ae9Ap9 Software Version:  1.50.001
#
# Model type:               AP9
# Particle species:         H+
# Flux type:                1PtDiff
# Flux direction:           Omnidirectional
# Energy levels (MeV):       0.1 0.2 0.4 0.6 0.8 1 2 4 6 8 10 15 20 30 50 60 80 100 150 200 300 400 700 1200 2000
#
# Accumulation mode:        Interval, length = 846720 seconds (9.8 days)
#
# Time format:              Modified Julian Date
# Coordinate system:        GEI (Geocentric Equatorial Inertial) Cartesian in km
# Data Delimiter:           space
#
# datetime(mjd),posx(km),posy(km),posz(km),flux,flux,flux,flux,flux,flux,flux,flux,flux,flux,flux,flux,flux,flux,flux,flux,flux,flux,flux,flux,flux,flux,flux,flux,flux(#/cm^2/s/MeV)
61421.50833333 0.000000 0.000000 0.000000 4.90652356e+006 2.90591011e+006 1.73265536e+006 8.97743468e+005 4.46490943e+005 9.54934966e+004 7.52669008e+003 9.11984093e+002 1.77225455e+002 5.27237741e+001 1.61040550e+001 5.51492161e+000 2.25218455e+000 1.15348821e+000 7.95593463e-001 5.61083916e-001 4.35349049e-001 2.49558056e-001 1.18843233e-001 4.05583883e-002 1.30133169e-002 1.11111368e-003 4.49538792e-005 4.92640053e-007 1.10769269e-008
61431.30833333 0.000000 0.000000 0.000000 3.74647439e+005 1.54071017e+005 4.42062027e+004 1.13549497e+004 3.33437809e+003 5.42288749e+002 1.24168737e+001 1.50261225e-001 6.76398244e-004 4.28216823e-006 0.00000000e+000 0.00000000e+000 0.00000000e+000 0.00000000e+000 0.00000000e+000 0.00000000e+000 0.00000000e+000 0.00000000e+000 0.00000000e+000 0.00000000e+000 0.00000000e+000 0.00000000e+000 0.00000000e+000 0.00000000e+000 0.00000000e+000
61441.10833333 0.000000 0.000000 0.000000 4.78318877e+005 1.98720738e+005 5.85016263e+004 1.53116331e+004 4.57167972e+003 7.50306050e+002 1.71580855e+001 2.13769102e-001 9.89438409e-004 6.39574517e-006 0.00000000e+000 0.00000000e+000 0.00000000e+000 0.00000000e+000 0.00000000e+000 0.00000000e+000 0.00000000e+000 0.00000000e+000 0.00000000e+000 0.00000000e+000 0.00000000e+000 0.00000000e+000 0.00000000e+000 0.00000000e+000 0.00000000e+000
61450.90833333 0.000000 0.000000 0.000000 1.32555051e+006 5.85068638e+005 1.87545966e+005 5.71935878e+004 1.89022868e+004 2.58711327e+003 5.22558595e+001 4.58789448e-001 4.34396915e-003 6.43005052e-005 2.09082165e-006 0.00000000e+000 0.00000000e+000 0.00000000e+000 0.00000000e+000 0.00000000e+000 0.00000000e+000 0.00000000e+000 0.00000000e+000 0.00000000e+000 0.00000000e+000 0.00000000e+000 0.00000000e+000 0.00000000e+000 0.00000000e+000
61460.70833333 0.000000 0.000000 0.000000 1.00344726e+006 4.71116534e+005 1.76054992e+005 5.44868211e+004 1.74206510e+004 2.43918583e+003 4.61463382e+001 3.82805353e-001 2.44920739e-003 2.39867469e-005 5.70050749e-007 0.00000000e+000 0.00000000e+000 0.00000000e+000 0.00000000e+000 0.00000000e+000 0.00000000e+000 0.00000000e+000 0.00000000e+000 0.00000000e+000 0.00000000e+000 0.00000000e+000 0.00000000e+000 0.00000000e+000 0.00000000e+000
61470.50833333 0.000000 0.000000 0.000000 0.00000000e+000 0.00000000e+000 0.00000000e+000 0.00000000e+000 0.00000000e+000 0.00000000e+000 0.00000000e+000 0.00000000e+000 0.00000000e+000 0.00000000e+000 0.00000000e+000 0.00000000e+000 0.00000000e+000 0.00000000e+000 0.00000000e+000 0.00000000e+000 0.00000000e+000 0.00000000e+000 0.00000000e+000 0.00000000e+000 0.00000000e+000 0.00000000e+000 0.00000000e+000 0.00000000e+000 0.00000000e+000
61480.30833333 0.000000 0.000000 0.000000 1.11725741e+006 4.22340209e+005 1.30703564e+005 4.48020604e+004 1.68530695e+004 2.39222233e+003 7.02851828e+001 8.60163223e-001 1.17675673e-002 2.43372862e-004 9.52442541e-006 0.00000000e+000 0.00000000e+000 0.00000000e+000 0.00000000e+000 0.00000000e+000 0.00000000e+000 0.00000000e+000 0.00000000e+000 0.00000000e+000 0.00000000e+000 0.00000000e+000 0.00000000e+000 0.00000000e+000 0.00000000e+000
61490.10833333 0.000000 0.000000 0.000000 1.51757581e+006 6.96445372e+005 2.41274815e+005 8.14034082e+004 3.02486676e+004 4.61178264e+003 8.43506166e+001 5.07450453e-001 3.46018645e-003 3.92662407e-005 1.04161529e-006 0.00000000e+000 0.00000000e+000 0.00000000e+000 0.00000000e+000 0.00000000e+000 0.00000000e+000 0.00000000e+000 0.00000000e+000 0.00000000e+000 0.00000000e+000 0.00000000e+000 0.00000000e+000 0.00000000e+000 0.00000000e+000
61499.90833333 0.000000 0.000000 0.000000 1.73359536e+006 6.85571199e+005 1.88007275e+005 5.54006341e+004 1.88444741e+004 2.74081696e+003 6.39177630e+001 8.23129453e-001 8.69235963e-003 1.31071342e-004 4.46636074e-006 0.00000000e+000 0.00000000e+000 0.00000000e+000 0.00000000e+000 0.00000000e+000 0.00000000e+000 0.00000000e+000 0.00000000e+000 0.00000000e+000 0.00000000e+000 0.00000000e+000 0.00000000e+000 0.00000000e+000 0.00000000e+000
61509.70833333 0.000000 0.000000 0.000000 9.47002893e+002 3.14351538e+002 5.05061468e+001 9.95073418e+000 2.83116932e+000 2.54056526e-001 2.36316983e-003 5.00546144e-006 0.00000000e+000 0.00000000e+000 0.00000000e+000 0.00000000e+000 0.00000000e+000 0.00000000e+000 0.00000000e+000 0.00000000e+000 0.00000000e+000 0.00000000e+000 0.00000000e+000 0.00000000e+000 0.00000000e+000 0.00000000e+000 0.00000000e+000 0.00000000e+000 0.00000000e+000
61519.50833333 0.000000 0.000000 0.000000 8.96824070e+005 2.74501103e+005 5.50113616e+004 1.30291492e+004 4.08840066e+003 7.89168849e+002 1.61118170e+001 1.17510737e-001 3.21914000e-004 1.23827620e-006 0.00000000e+000 0.00000000e+000 0.00000000e+000 0.00000000e+000 0.00000000e+000 0.00000000e+000 0.00000000e+000 0.00000000e+000 0.00000000e+000 0.00000000e+000 0.00000000e+000 0.00000000e+000 0.00000000e+000 0.00000000e+000 0.00000000e+000
61529.30833333 0.000000 0.000000 0.000000 1.03384320e+006 3.45645868e+005 5.78453382e+004 1.15328844e+004 3.19267188e+003 5.94591304e+002 1.21724651e+001 9.09445214e-002 2.30967525e-004 9.49039870e-007 0.00000000e+000 0.00000000e+000 0.00000000e+000 0.00000000e+000 0.00000000e+000 0.00000000e+000 0.00000000e+000 0.00000000e+000 0.00000000e+000 0.00000000e+000 0.00000000e+000 0.00000000e+000 0.00000000e+000 0.00000000e+000 0.00000000e+000
61531.10244374 0.000000 0.000000 0.000000 0.00000000e+000 0.00000000e+000 0.00000000e+000 0.00000000e+000 0.00000000e+000 0.00000000e+000 0.00000000e+000 0.00000000e+000 0.00000000e+000 0.00000000e+000 0.00000000e+000 0.00000000e+000 0.00000000e+000 0.00000000e+000 0.00000000e+000 0.00000000e+000 0.00000000e+000 0.00000000e+000 0.00000000e+000 0.00000000e+000 0.00000000e+000 0.00000000e+000 0.00000000e+000 0.00000000e+000 0.00000000e+000
