# Ae9Ap9 Model output file: MoonBEAM_trajectory_trade/Rp30408_22N.AE9.output_mc_fluxIntvAvg_045.txt
# Ae9Ap9 Software Version:  1.50.001
#
# Model type:               AE9
# Particle species:         e-
# Flux type:                1PtDiff
# Flux direction:           Omnidirectional
# Energy levels (MeV):       0.04 0.07 0.1 0.25 0.5 0.75 1 1.5 2 2.5 3 3.5 4 4.5 5 5.5 6 6.5 7 8.5 10
#
# Accumulation mode:        Interval, length = 846720 seconds (9.8 days)
#
# Time format:              Modified Julian Date
# Coordinate system:        GEI (Geocentric Equatorial Inertial) Cartesian in km
# Data Delimiter:           space
#
# datetime(mjd),posx(km),posy(km),posz(km),flux,flux,flux,flux,flux,flux,flux,flux,flux,flux,flux,flux,flux,flux,flux,flux,flux,flux,flux,flux,flux(#/cm^2/s/MeV)
61421.50833333 0.000000 0.000000 0.000000 4.88696889e+007 3.98736407e+007 1.76871284e+007 3.41379392e+006 6.08768984e+005 2.10995929e+005 8.87802328e+004 3.31141110e+004 1.14170934e+004 3.78731073e+003 1.56828944e+003 6.40409558e+002 2.62298570e+002 1.21758702e+002 6.01458232e+001 3.32657148e+001 1.90736272e+001 1.25692075e+001 7.66274137e+000 4.97807953e+000 3.87034553e+000
61431.30833333 0.000000 0.000000 0.000000 2.44480260e+006 2.03833779e+006 9.42530411e+005 2.65531125e+005 7.62861753e+004 2.84594792e+004 1.14321980e+004 3.64478638e+003 9.41737711e+002 2.65836529e+002 9.06966704e+001 3.43130059e+001 1.30029058e+001 5.32229748e+000 2.26830627e+000 1.09227904e+000 6.03181985e-001 3.90516945e-001 2.12946574e-001 1.05378429e-001 6.69190603e-002
61441.10833333 0.000000 0.000000 0.000000 2.76353188e+006 2.31273646e+006 1.08034535e+006 3.18459534e+005 9.56154259e+004 3.57101636e+004 1.42251603e+004 4.41296611e+003 1.14186779e+003 3.23291620e+002 1.09511087e+002 4.09414226e+001 1.52789533e+001 6.21892566e+000 2.68378285e+000 1.32021455e+000 7.39282482e-001 4.79754351e-001 2.62950465e-001 1.33642857e-001 8.68556704e-002
61450.90833333 0.000000 0.000000 0.000000 3.59594002e+005 3.24632742e+005 2.00944430e+005 1.18520647e+005 3.28286101e+004 9.38250768e+003 3.39475607e+003 1.13497433e+003 2.25381992e+002 4.22773675e+001 1.07671469e+001 3.28992624e+000 1.24373983e+000 5.70867648e-001 3.05558654e-001 1.59805988e-001 8.30882222e-002 4.32669091e-002 1.71132236e-002 5.09856965e-003 2.14739762e-003
61460.70833333 0.000000 0.000000 0.000000 9.64724167e+005 8.91826472e+005 4.61829573e+005 7.82121553e+004 1.17585574e+004 3.13152186e+003 9.10181523e+002 2.29179430e+002 3.79997882e+001 7.49069818e+000 2.25238025e+000 8.36802131e-001 3.86212394e-001 2.13481224e-001 1.35137315e-001 7.86320414e-002 4.26948547e-002 2.21239299e-002 8.99981608e-003 3.41308843e-003 1.85815710e-003
61470.50833333 0.000000 0.000000 0.000000 0.00000000e+000 0.00000000e+000 0.00000000e+000 0.00000000e+000 0.00000000e+000 0.00000000e+000 0.00000000e+000 0.00000000e+000 0.00000000e+000 0.00000000e+000 0.00000000e+000 0.00000000e+000 0.00000000e+000 0.00000000e+000 0.00000000e+000 0.00000000e+000 0.00000000e+000 0.00000000e+000 0.00000000e+000 0.00000000e+000 0.00000000e+000
61480.30833333 0.000000 0.000000 0.000000 6.09050803e+004 1.33636692e+005 1.54262060e+005 5.85532643e+005 1.96703881e+005 6.94017190e+004 3.34464310e+004 1.34509073e+004 2.47686107e+003 4.64600903e+002 1.42059574e+002 5.53149982e+001 2.43947928e+001 1.15721633e+001 5.62389776e+000 2.92531929e+000 1.75912037e+000 1.23497560e+000 7.59136987e-001 4.65639862e-001 3.50884756e-001
61490.10833333 0.000000 0.000000 0.000000 1.54619733e+006 1.10046232e+006 4.56027919e+005 3.62393246e+005 2.01318521e+005 1.04816654e+005 4.84941353e+004 1.74490656e+004 6.26024437e+003 2.33641937e+003 9.11781010e+002 3.92602507e+002 1.58491951e+002 6.07601108e+001 2.08875475e+001 8.36642603e+000 4.27347316e+000 2.79725739e+000 1.59485395e+000 7.07918944e-001 3.99657965e-001
61499.90833333 0.000000 0.000000 0.000000 7.50060380e+006 4.47644511e+006 1.86218957e+006 4.31691068e+005 7.25709014e+004 2.22953035e+004 7.32501452e+003 1.59326011e+003 3.31051481e+002 7.95603547e+001 2.73127958e+001 1.08242773e+001 4.68430936e+000 2.28802485e+000 1.21138426e+000 6.29572177e-001 3.39946775e-001 1.94751936e-001 9.26633356e-002 4.43501583e-002 3.09215252e-002
61509.70833333 0.000000 0.000000 0.000000 2.63716540e+005 1.52908403e+005 3.64702437e+004 3.58530476e+003 1.12067174e+002 1.03689575e+001 2.97904408e+000 6.24411664e-001 1.59317085e-001 5.53616039e-002 2.65841137e-002 1.66722801e-002 1.16357465e-002 7.68135245e-003 4.63061330e-003 2.38755723e-003 1.57118464e-003 1.26962006e-003 8.07955139e-004 6.70157505e-004 4.75927603e-004
61519.50833333 0.000000 0.000000 0.000000 5.14569146e+006 4.34364311e+006 2.03966775e+006 1.11671912e+006 4.76518587e+005 1.96858555e+005 8.35050662e+004 2.88460582e+004 9.33768448e+003 3.05208959e+003 1.07068650e+003 3.95347413e+002 1.42509021e+002 5.00698270e+001 1.79220276e+001 8.34094179e+000 5.17066300e+000 3.92892714e+000 2.56948089e+000 1.52893156e+000 1.11058269e+000
61529.30833333 0.000000 0.000000 0.000000 3.42477979e+007 2.20945541e+007 6.90063321e+006 7.87737605e+005 1.67579492e+005 6.26991609e+004 1.93165546e+004 3.23064435e+003 4.76162665e+002 1.24026539e+002 4.27490422e+001 1.40717569e+001 4.53796707e+000 1.71727651e+000 7.68457578e-001 3.64951942e-001 1.61384532e-001 7.04598181e-002 2.49174490e-002 6.37390523e-003 2.63595634e-003
61531.10244374 0.000000 0.000000 0.000000 0.00000000e+000 0.00000000e+000 0.00000000e+000 0.00000000e+000 0.00000000e+000 0.00000000e+000 0.00000000e+000 0.00000000e+000 0.00000000e+000 0.00000000e+000 0.00000000e+000 0.00000000e+000 0.00000000e+000 0.00000000e+000 0.00000000e+000 0.00000000e+000 0.00000000e+000 0.00000000e+000 0.00000000e+000 0.00000000e+000 0.00000000e+000
