# Ae9Ap9 Model output file: MoonBEAM_trajectory_trade/Rp30408_22N.AE9.output_mc_fluenceIntv_098.txt
# Ae9Ap9 Software Version:  1.50.001
#
# Model type:               AE9
# Particle species:         e-
# Flux type:                1PtDiff
# Flux direction:           Omnidirectional
# Energy levels (MeV):       0.04 0.07 0.1 0.25 0.5 0.75 1 1.5 2 2.5 3 3.5 4 4.5 5 5.5 6 6.5 7 8.5 10
#
# Accumulation mode:        Interval, length = 846720 seconds (9.8 days)
#
# Time format:              Modified Julian Date
# Coordinate system:        GEI (Geocentric Equatorial Inertial) Cartesian in km
# Data Delimiter:           space
#
# datetime(mjd),posx(km),posy(km),posz(km),fluence,fluence,fluence,fluence,fluence,fluence,fluence,fluence,fluence,fluence,fluence,fluence,fluence,fluence,fluence,fluence,fluence,fluence,fluence,fluence,fluence(#/cm^2/MeV)
61421.50833333 0.000000 0.000000 0.000000 1.41970410e+014 9.26613168e+013 2.69517550e+013 3.82343470e+012 5.70058706e+011 1.61754894e+011 5.25000328e+010 1.24028093e+010 2.90239539e+009 8.36041641e+008 3.25151359e+008 1.37424081e+008 6.32950939e+007 2.92609090e+007 1.38755099e+007 7.01491991e+006 4.08948220e+006 2.65860653e+006 1.45463340e+006 7.31724524e+005 4.72143125e+005
61431.30833333 0.000000 0.000000 0.000000 1.43913725e+014 9.42465658e+013 2.75315952e+013 3.91299777e+012 5.82432334e+011 1.64951078e+011 5.35645130e+010 1.26989912e+010 2.95709259e+009 8.46818072e+008 3.29109933e+008 1.39157239e+008 6.41442868e+007 2.96985505e+007 1.41229394e+007 7.15675378e+006 4.17571094e+006 2.71328012e+006 1.48344297e+006 7.46739470e+005 4.82146666e+005
61441.10833333 0.000000 0.000000 0.000000 1.46856554e+014 9.64535051e+013 2.82789963e+013 4.03115217e+012 5.99537398e+011 1.69505744e+011 5.50958859e+010 1.31220267e+010 3.03865955e+009 8.62343815e+008 3.34391322e+008 1.41386015e+008 6.51979489e+007 3.02281061e+007 1.44174999e+007 7.32409369e+006 4.27571469e+006 2.77524460e+006 1.51539584e+006 7.62989503e+005 4.92981861e+005
61450.90833333 0.000000 0.000000 0.000000 1.51663305e+014 1.01934357e+014 3.09875974e+013 5.27595126e+012 9.19384993e+011 2.89544713e+011 1.10052759e+011 3.07268609e+010 5.86970110e+009 1.21998410e+009 4.12477276e+008 1.63446316e+008 7.30305615e+007 3.34658578e+007 1.59565280e+007 8.13144676e+006 4.75805207e+006 3.09333027e+006 1.69160287e+006 8.57801550e+005 5.58555605e+005
61460.70833333 0.000000 0.000000 0.000000 1.60433885e+014 1.07674505e+014 3.28864686e+013 5.64920371e+012 9.95815956e+011 3.11578001e+011 1.17131661e+011 3.29405715e+010 6.94064658e+009 1.74407771e+009 6.59774526e+008 2.76223038e+008 1.22178915e+008 5.39190427e+007 2.42472767e+007 1.18588155e+007 6.71934552e+006 4.31408234e+006 2.33851226e+006 1.14471242e+006 7.27308865e+005
61470.50833333 0.000000 0.000000 0.000000 1.60433885e+014 1.07674505e+014 3.28864686e+013 5.64920371e+012 9.95815956e+011 3.11578001e+011 1.17131661e+011 3.29405715e+010 6.94064658e+009 1.74407771e+009 6.59774526e+008 2.76223038e+008 1.22178915e+008 5.39190427e+007 2.42472767e+007 1.18588155e+007 6.71934552e+006 4.31408234e+006 2.33851226e+006 1.14471242e+006 7.27308865e+005
61480.30833333 0.000000 0.000000 0.000000 1.69634623e+014 1.14715170e+014 3.57916669e+013 6.93456269e+012 1.27154957e+012 4.02868751e+011 1.59253750e+011 4.83273504e+010 9.88742267e+009 2.19833585e+009 7.73353435e+008 3.11684885e+008 1.35679360e+008 5.96524174e+007 2.68967059e+007 1.31807672e+007 7.48439260e+006 4.82810194e+006 2.63553617e+006 1.32360800e+006 8.64036137e+005
61490.10833333 0.000000 0.000000 0.000000 1.73155221e+014 1.16608248e+014 3.63374588e+013 7.04359591e+012 1.30965512e+012 4.18661227e+011 1.66167231e+011 5.17431605e+010 1.20885660e+010 3.24438095e+009 1.15788145e+009 4.52588476e+008 1.86755706e+008 7.81242628e+007 3.35470614e+007 1.58795932e+007 8.78133357e+006 5.57244491e+006 3.00446709e+006 1.47629107e+006 9.51826246e+005
61499.90833333 0.000000 0.000000 0.000000 1.83269849e+014 1.25897107e+014 4.02514030e+013 8.44605359e+012 1.65350556e+012 5.47499861e+011 2.22424000e+011 7.03530657e+010 1.59427619e+010 3.88293483e+009 1.30917516e+009 4.98005584e+008 2.02362620e+008 8.39617473e+007 3.59513328e+007 1.69930304e+007 9.37824595e+006 5.93393672e+006 3.19119296e+006 1.56541253e+006 1.00991214e+006
61509.70833333 0.000000 0.000000 0.000000 1.83491837e+014 1.26094583e+014 4.03093975e+013 8.45602451e+012 1.65416796e+012 5.47598517e+011 2.22449551e+011 7.03582653e+010 1.59439018e+010 3.88325729e+009 1.30931058e+009 4.98072098e+008 2.02398648e+008 8.39825325e+007 3.59633003e+007 1.69992483e+007 9.38174564e+006 5.93632402e+006 3.19246306e+006 1.56594782e+006 1.01013051e+006
61519.50833333 0.000000 0.000000 0.000000 1.92261315e+014 1.33838057e+014 4.31652050e+013 9.18226367e+012 1.83093172e+012 6.10126466e+011 2.46373324e+011 7.88116874e+010 1.88376261e+010 4.77156164e+009 1.61051069e+009 6.10481811e+008 2.45729327e+008 1.00575245e+008 4.26276432e+007 2.01545827e+007 1.11322066e+007 7.02877004e+006 3.76701100e+006 1.82440585e+006 1.17002922e+006
61529.30833333 0.000000 0.000000 0.000000 1.93621687e+014 1.35275921e+014 4.39251243e+013 9.96347402e+012 2.19320596e+012 7.72211745e+011 3.21689520e+011 1.07626310e+011 2.88780399e+010 8.14921204e+009 2.80596062e+009 1.06037151e+009 4.21565251e+008 1.69079469e+008 6.98175488e+007 3.36088266e+007 1.94813851e+007 1.31706218e+007 7.62470569e+006 3.99476574e+006 2.63464122e+006
61531.10244374 0.000000 0.000000 0.000000 1.93621687e+014 1.35275921e+014 4.39251243e+013 9.96347402e+012 2.19320596e+012 7.72211745e+011 3.21689520e+011 1.07626310e+011 2.88780399e+010 8.14921204e+009 2.80596062e+009 1.06037151e+009 4.21565251e+008 1.69079469e+008 6.98175488e+007 3.36088266e+007 1.94813851e+007 1.31706218e+007 7.62470569e+006 3.99476574e+006 2.63464122e+006
