# Ae9Ap9 Model output file: MoonBEAM_trajectory_trade/Rp30408_22N.AP9.output_mc_fluenceIntv_098.txt
# Ae9Ap9 Software Version:  1.50.001
#
# Model type:               AP9
# Particle species:         H+
# Flux type:                1PtDiff
# Flux direction:           Omnidirectional
# Energy levels (MeV):       0.1 0.2 0.4 0.6 0.8 1 2 4 6 8 10 15 20 30 50 60 80 100 150 200 300 400 700 1200 2000
#
# Accumulation mode:        Interval, length = 846720 seconds (9.8 days)
#
# Time format:              Modified Julian Date
# Coordinate system:        GEI (Geocentric Equatorial Inertial) Cartesian in km
# Data Delimiter:           space
#
# datetime(mjd),posx(km),posy(km),posz(km),fluence,fluence,fluence,fluence,fluence,fluence,fluence,fluence,fluence,fluence,fluence,fluence,fluence,fluence,fluence,fluence,fluence,fluence,fluence,fluence,fluence,fluence,fluence,fluence,fluence(#/cm^2/MeV)
61421.50833333 0.000000 0.000000 0.000000 1.50028352e+012 7.64747699e+011 4.49661889e+011 2.81545274e+011 1.75624196e+011 5.05475526e+010 9.50812364e+009 1.67914840e+009 5.47491097e+008 2.21649842e+008 6.54998628e+007 1.73038698e+007 3.77121419e+006 1.16668377e+006 5.50996832e+005 3.80369609e+005 2.95527004e+005 1.89439629e+005 1.10743089e+005 4.88175335e+004 1.89615040e+004 1.87187166e+003 9.40859364e+001 1.50575360e+000 2.02000623e-002
61431.30833333 0.000000 0.000000 0.000000 1.63201097e+012 8.24284135e+011 4.66072289e+011 2.85945580e+011 1.77092656e+011 5.08327276e+010 9.55421780e+009 1.67936083e+009 5.47491730e+008 2.21649845e+008 6.54998628e+007 1.73038698e+007 3.77121419e+006 1.16668377e+006 5.50996832e+005 3.80369609e+005 2.95527004e+005 1.89439629e+005 1.10743089e+005 4.88175335e+004 1.89615040e+004 1.87187166e+003 9.40859364e+001 1.50575360e+000 2.02000623e-002
61441.10833333 0.000000 0.000000 0.000000 1.80251187e+012 9.02944859e+011 4.88444377e+011 2.92103010e+011 1.79183857e+011 5.12385591e+010 9.61848753e+009 1.67965149e+009 5.47492572e+008 2.21649850e+008 6.54998628e+007 1.73038698e+007 3.77121419e+006 1.16668377e+006 5.50996832e+005 3.80369609e+005 2.95527004e+005 1.89439629e+005 1.10743089e+005 4.88175335e+004 1.89615040e+004 1.87187166e+003 9.40859364e+001 1.50575360e+000 2.02000623e-002
61450.90833333 0.000000 0.000000 0.000000 1.95039589e+012 9.76653929e+011 5.28569228e+011 3.09396888e+011 1.87097070e+011 5.27476569e+010 9.84758138e+009 1.68258582e+009 5.47519834e+008 2.21650282e+008 6.54998792e+007 1.73038698e+007 3.77121419e+006 1.16668377e+006 5.50996832e+005 3.80369609e+005 2.95527004e+005 1.89439629e+005 1.10743089e+005 4.88175335e+004 1.89615040e+004 1.87187166e+003 9.40859364e+001 1.50575360e+000 2.02000623e-002
61460.70833333 0.000000 0.000000 0.000000 2.20253866e+012 1.09819625e+012 5.75376971e+011 3.24863039e+011 1.92762680e+011 5.37456139e+010 1.00010392e+010 1.68474752e+009 5.47537761e+008 2.21650475e+008 6.54998841e+007 1.73038698e+007 3.77121419e+006 1.16668377e+006 5.50996832e+005 3.80369609e+005 2.95527004e+005 1.89439629e+005 1.10743089e+005 4.88175335e+004 1.89615040e+004 1.87187166e+003 9.40859364e+001 1.50575360e+000 2.02000623e-002
61470.50833333 0.000000 0.000000 0.000000 2.20253866e+012 1.09819625e+012 5.75376971e+011 3.24863039e+011 1.92762680e+011 5.37456139e+010 1.00010392e+010 1.68474752e+009 5.47537761e+008 2.21650475e+008 6.54998841e+007 1.73038698e+007 3.77121419e+006 1.16668377e+006 5.50996832e+005 3.80369609e+005 2.95527004e+005 1.89439629e+005 1.10743089e+005 4.88175335e+004 1.89615040e+004 1.87187166e+003 9.40859364e+001 1.50575360e+000 2.02000623e-002
61480.30833333 0.000000 0.000000 0.000000 2.46843815e+012 1.23619895e+012 6.48292686e+011 3.56812989e+011 2.07595516e+011 5.64380708e+010 1.03824461e+010 1.68907932e+009 5.47576180e+008 2.21651248e+008 6.54999134e+007 1.73038698e+007 3.77121419e+006 1.16668377e+006 5.50996832e+005 3.80369609e+005 2.95527004e+005 1.89439629e+005 1.10743089e+005 4.88175335e+004 1.89615040e+004 1.87187166e+003 9.40859364e+001 1.50575360e+000 2.02000623e-002
61490.10833333 0.000000 0.000000 0.000000 2.92300409e+012 1.50891867e+012 7.57263227e+011 3.95685689e+011 2.23641016e+011 5.93097512e+010 1.07569121e+010 1.69076117e+009 5.47585749e+008 2.21651349e+008 6.54999159e+007 1.73038698e+007 3.77121419e+006 1.16668377e+006 5.50996832e+005 3.80369609e+005 2.95527004e+005 1.89439629e+005 1.10743089e+005 4.88175335e+004 1.89615040e+004 1.87187166e+003 9.40859364e+001 1.50575360e+000 2.02000623e-002
61499.90833333 0.000000 0.000000 0.000000 3.18560878e+012 1.65925479e+012 8.23903221e+011 4.19470598e+011 2.33087311e+011 6.09648988e+010 1.10140608e+010 1.69379964e+009 5.47612524e+008 2.21651757e+008 6.54999299e+007 1.73038698e+007 3.77121419e+006 1.16668377e+006 5.50996832e+005 3.80369609e+005 2.95527004e+005 1.89439629e+005 1.10743089e+005 4.88175335e+004 1.89615040e+004 1.87187166e+003 9.40859364e+001 1.50575360e+000 2.02000623e-002
61509.70833333 0.000000 0.000000 0.000000 3.18569896e+012 1.65928950e+012 8.23909824e+011 4.19472172e+011 2.33087969e+011 6.09650969e+010 1.10140635e+010 1.69379964e+009 5.47612524e+008 2.21651757e+008 6.54999299e+007 1.73038698e+007 3.77121419e+006 1.16668377e+006 5.50996832e+005 3.80369609e+005 2.95527004e+005 1.89439629e+005 1.10743089e+005 4.88175335e+004 1.89615040e+004 1.87187166e+003 9.40859364e+001 1.50575360e+000 2.02000623e-002
61519.50833333 0.000000 0.000000 0.000000 3.32068602e+012 1.72294575e+012 8.47583437e+011 4.27002673e+011 2.35868041e+011 6.15666976e+010 1.11202051e+010 1.69449827e+009 5.47614541e+008 2.21651767e+008 6.54999299e+007 1.73038698e+007 3.77121419e+006 1.16668377e+006 5.50996832e+005 3.80369609e+005 2.95527004e+005 1.89439629e+005 1.10743089e+005 4.88175335e+004 1.89615040e+004 1.87187166e+003 9.40859364e+001 1.50575360e+000 2.02000623e-002
61529.30833333 0.000000 0.000000 0.000000 3.48857848e+012 1.78777309e+012 8.63051743e+011 4.30903296e+011 2.37184447e+011 6.18696747e+010 1.11752676e+010 1.69479595e+009 5.47615211e+008 2.21651769e+008 6.54999299e+007 1.73038698e+007 3.77121419e+006 1.16668377e+006 5.50996832e+005 3.80369609e+005 2.95527004e+005 1.89439629e+005 1.10743089e+005 4.88175335e+004 1.89615040e+004 1.87187166e+003 9.40859364e+001 1.50575360e+000 2.02000623e-002
61531.10244374 0.000000 0.000000 0.000000 3.48857848e+012 1.78777309e+012 8.63051743e+011 4.30903296e+011 2.37184447e+011 6.18696747e+010 1.11752676e+010 1.69479595e+009 5.47615211e+008 2.21651769e+008 6.54999299e+007 1.73038698e+007 3.77121419e+006 1.16668377e+006 5.50996832e+005 3.80369609e+005 2.95527004e+005 1.89439629e+005 1.10743089e+005 4.88175335e+004 1.89615040e+004 1.87187166e+003 9.40859364e+001 1.50575360e+000 2.02000623e-002
