# Ae9Ap9 Model output file: MoonBEAM_trajectory_trade/Rp30408_22N.AE9.output_mc_fluenceIntv_078.txt
# Ae9Ap9 Software Version:  1.50.001
#
# Model type:               AE9
# Particle species:         e-
# Flux type:                1PtDiff
# Flux direction:           Omnidirectional
# Energy levels (MeV):       0.04 0.07 0.1 0.25 0.5 0.75 1 1.5 2 2.5 3 3.5 4 4.5 5 5.5 6 6.5 7 8.5 10
#
# Accumulation mode:        Interval, length = 846720 seconds (9.8 days)
#
# Time format:              Modified Julian Date
# Coordinate system:        GEI (Geocentric Equatorial Inertial) Cartesian in km
# Data Delimiter:           space
#
# datetime(mjd),posx(km),posy(km),posz(km),fluence,fluence,fluence,fluence,fluence,fluence,fluence,fluence,fluence,fluence,fluence,fluence,fluence,fluence,fluence,fluence,fluence,fluence,fluence,fluence,fluence(#/cm^2/MeV)
61421.50833333 0.000000 0.000000 0.000000 9.05699829e+013 7.64866258e+013 2.91526087e+013 9.83637956e+012 2.91200644e+012 1.19964467e+012 5.20340674e+011 1.94742099e+011 6.70999790e+010 2.06120259e+010 6.52177566e+009 2.30469387e+009 8.93348981e+008 3.63916693e+008 1.44924454e+008 6.57652525e+007 3.53696830e+007 2.22155311e+007 1.18004208e+007 5.03770493e+006 2.83163484e+006
61431.30833333 0.000000 0.000000 0.000000 9.22141671e+013 7.77068206e+013 2.96041715e+013 1.00052464e+013 2.96199508e+012 1.21970227e+012 5.28424703e+011 1.96906309e+011 6.75424711e+010 2.07263148e+010 6.56339922e+009 2.31986172e+009 8.99098919e+008 3.66314756e+008 1.46025001e+008 6.63303602e+007 3.56941341e+007 2.24240751e+007 1.19108567e+007 5.09015510e+006 2.86269084e+006
61441.10833333 0.000000 0.000000 0.000000 9.42378873e+013 7.91941719e+013 3.01509093e+013 1.02088637e+013 3.02097166e+012 1.24316876e+012 5.37952874e+011 1.99515769e+011 6.80739073e+010 2.08571585e+010 6.61070906e+009 2.33720649e+009 9.05612896e+008 3.69010691e+008 1.47272771e+008 6.69834206e+007 3.60760434e+007 2.26708942e+007 1.20421914e+007 5.15396145e+006 2.90109439e+006
61450.90833333 0.000000 0.000000 0.000000 9.76006601e+013 8.16336400e+013 3.11340003e+013 1.03780192e+013 3.04366154e+012 1.24771861e+012 5.39605365e+011 2.00313999e+011 6.83675876e+010 2.09494570e+010 6.64184577e+009 2.34821369e+009 9.09810561e+008 3.70750829e+008 1.48058448e+008 6.73625558e+007 3.62860108e+007 2.28032383e+007 1.21122942e+007 5.19620869e+006 2.93639294e+006
61460.70833333 0.000000 0.000000 0.000000 1.16982452e+014 9.95350606e+013 3.85842534e+013 1.31953237e+013 4.06179824e+012 1.70877058e+012 7.65999490e+011 2.95813156e+011 9.83744502e+010 2.84705142e+010 8.69428760e+009 3.02163170e+009 1.14637370e+009 4.59939769e+008 1.79782956e+008 8.06000045e+007 4.29686745e+007 2.71785230e+007 1.45914173e+007 6.52832351e+006 3.88479327e+006
61470.50833333 0.000000 0.000000 0.000000 1.16982452e+014 9.95350606e+013 3.85842534e+013 1.31953237e+013 4.06179824e+012 1.70877058e+012 7.65999490e+011 2.95813156e+011 9.83744502e+010 2.84705142e+010 8.69428760e+009 3.02163170e+009 1.14637370e+009 4.59939769e+008 1.79782956e+008 8.06000045e+007 4.29686745e+007 2.71785230e+007 1.45914173e+007 6.52832351e+006 3.88479327e+006
61480.30833333 0.000000 0.000000 0.000000 1.17829797e+014 1.00471832e+014 3.90629543e+013 1.33917251e+013 4.11759709e+012 1.72756939e+012 7.73905187e+011 2.98725338e+011 9.91491022e+010 2.86856033e+010 8.76895084e+009 3.04953785e+009 1.15744563e+009 4.64598008e+008 1.81854189e+008 8.15945452e+007 4.35101221e+007 2.75163938e+007 1.47668038e+007 6.61244148e+006 3.93851046e+006
61490.10833333 0.000000 0.000000 0.000000 1.68780962e+014 1.38204529e+014 5.28415206e+013 1.80197021e+013 5.46449787e+012 2.27935410e+012 1.03186172e+012 3.98917449e+011 1.29636958e+011 3.67668402e+010 1.12250053e+010 3.95054764e+009 1.51400505e+009 6.15478893e+008 2.39767403e+008 1.07093103e+008 5.69678806e+007 3.68751159e+007 2.03563572e+007 9.66203824e+006 6.03174067e+006
61499.90833333 0.000000 0.000000 0.000000 1.83218866e+014 1.50315824e+014 5.75659810e+013 1.90314225e+013 5.74847267e+012 2.40015762e+012 1.08548799e+012 4.16201963e+011 1.33525893e+011 3.75938415e+010 1.14440342e+010 4.01855273e+009 1.53642614e+009 6.23471974e+008 2.42787900e+008 1.08383051e+008 5.76102490e+007 3.72521829e+007 2.05423985e+007 9.74365279e+006 6.08057806e+006
61509.70833333 0.000000 0.000000 0.000000 1.83563939e+014 1.50590077e+014 5.76372407e+013 1.90353518e+013 5.74856062e+012 2.40016532e+012 1.08548944e+012 4.16202243e+011 1.33525946e+011 3.75938545e+010 1.14440391e+010 4.01855476e+009 1.53642702e+009 6.23472330e+008 2.42788081e+008 1.08383161e+008 5.76103301e+007 3.72522352e+007 2.05424202e+007 9.74365688e+006 6.08057916e+006
61519.50833333 0.000000 0.000000 0.000000 2.05758332e+014 1.62607875e+014 6.07329048e+013 1.94090937e+013 5.85853558e+012 2.44340031e+012 1.10010596e+012 4.19594216e+011 1.34739102e+011 3.81253385e+010 1.16542809e+010 4.08777290e+009 1.55772631e+009 6.30311944e+008 2.45224757e+008 1.09428809e+008 5.81277524e+007 3.75342039e+007 2.06702990e+007 9.78977914e+006 6.10648966e+006
61529.30833333 0.000000 0.000000 0.000000 2.17864623e+014 1.70923885e+014 6.36143031e+013 2.03197289e+013 6.15222949e+012 2.55770036e+012 1.14755468e+012 4.33979504e+011 1.38506306e+011 3.89988392e+010 1.18846042e+010 4.14649544e+009 1.57309048e+009 6.35085737e+008 2.47032846e+008 1.10259279e+008 5.85716064e+007 3.78023827e+007 2.08088361e+007 9.86378153e+006 6.16208980e+006
61531.10244374 0.000000 0.000000 0.000000 2.17864623e+014 1.70923885e+014 6.36143031e+013 2.03197289e+013 6.15222949e+012 2.55770036e+012 1.14755468e+012 4.33979504e+011 1.38506306e+011 3.89988392e+010 1.18846042e+010 4.14649544e+009 1.57309048e+009 6.35085737e+008 2.47032846e+008 1.10259279e+008 5.85716064e+007 3.78023827e+007 2.08088361e+007 9.86378153e+006 6.16208980e+006
