# Ae9Ap9 Model output file: MoonBEAM_trajectory_trade/Rp30408_22N.AE9.output_mc_fluenceIntv_040.txt
# Ae9Ap9 Software Version:  1.50.001
#
# Model type:               AE9
# Particle species:         e-
# Flux type:                1PtDiff
# Flux direction:           Omnidirectional
# Energy levels (MeV):       0.04 0.07 0.1 0.25 0.5 0.75 1 1.5 2 2.5 3 3.5 4 4.5 5 5.5 6 6.5 7 8.5 10
#
# Accumulation mode:        Interval, length = 846720 seconds (9.8 days)
#
# Time format:              Modified Julian Date
# Coordinate system:        GEI (Geocentric Equatorial Inertial) Cartesian in km
# Data Delimiter:           space
#
# datetime(mjd),posx(km),posy(km),posz(km),fluence,fluence,fluence,fluence,fluence,fluence,fluence,fluence,fluence,fluence,fluence,fluence,fluence,fluence,fluence,fluence,fluence,fluence,fluence,fluence,fluence(#/cm^2/MeV)
61421.50833333 0.000000 0.000000 0.000000 1.97830900e+013 1.22209353e+013 5.01776518e+012 1.78782602e+012 4.65639162e+011 1.48124548e+011 5.27832349e+010 1.37502175e+010 3.00587063e+009 8.40711424e+008 3.37984284e+008 1.61582351e+008 8.25254217e+007 4.23926290e+007 2.18083711e+007 1.21955806e+007 7.84831135e+006 5.74274202e+006 3.67141422e+006 2.18187986e+006 1.55043859e+006
61431.30833333 0.000000 0.000000 0.000000 1.99894810e+013 1.24291813e+013 5.15053765e+012 1.83755307e+012 4.76258443e+011 1.50785130e+011 5.34815499e+010 1.39113129e+010 3.02468333e+009 8.43142570e+008 3.38768284e+008 1.61991793e+008 8.27965477e+007 4.25784582e+007 2.19376462e+007 1.22832529e+007 7.91193639e+006 5.79222168e+006 3.70509666e+006 2.20574920e+006 1.56906693e+006
61441.10833333 0.000000 0.000000 0.000000 2.02478553e+013 1.26942446e+013 5.32073547e+012 1.90206011e+012 4.89867355e+011 1.54249522e+011 5.43953875e+010 1.41414747e+010 3.05601501e+009 8.47266308e+008 3.40002008e+008 1.62648666e+008 8.32397412e+007 4.28823568e+007 2.21450100e+007 1.24212335e+007 8.01082927e+006 5.86917386e+006 3.75749653e+006 2.24279369e+006 1.59872166e+006
61450.90833333 0.000000 0.000000 0.000000 2.04595383e+013 1.31488564e+013 5.79091294e+012 2.99469329e+012 9.67896076e+011 3.81626709e+011 1.81869714e+011 6.09354605e+010 1.29482336e+010 2.88712045e+009 1.03402379e+009 4.73206614e+008 2.25048739e+008 1.08401552e+008 5.02709054e+007 2.62476041e+007 1.60362895e+007 1.16306524e+007 7.42200030e+006 4.35737463e+006 3.07804900e+006
61460.70833333 0.000000 0.000000 0.000000 2.09957454e+013 1.35927146e+013 6.04448299e+012 3.27485747e+012 1.07041017e+012 4.24385305e+011 2.00541582e+011 6.64003412e+010 1.40102256e+010 3.11121717e+009 1.12245635e+009 5.15143807e+008 2.46889727e+008 1.20512687e+008 5.66868406e+007 2.98928544e+007 1.83802805e+007 1.34037794e+007 8.58773537e+006 5.10782837e+006 3.64806973e+006
61470.50833333 0.000000 0.000000 0.000000 2.09957454e+013 1.35927146e+013 6.04448299e+012 3.27485747e+012 1.07041017e+012 4.24385305e+011 2.00541582e+011 6.64003412e+010 1.40102256e+010 3.11121717e+009 1.12245635e+009 5.15143807e+008 2.46889727e+008 1.20512687e+008 5.66868406e+007 2.98928544e+007 1.83802805e+007 1.34037794e+007 8.58773537e+006 5.10782837e+006 3.64806973e+006
61480.30833333 0.000000 0.000000 0.000000 2.30566456e+013 1.50102563e+013 6.70762104e+012 3.54957066e+012 1.17571747e+012 4.73155496e+011 2.21772911e+011 7.34969095e+010 1.63374261e+010 3.83490491e+009 1.41690476e+009 6.67354073e+008 3.23494913e+008 1.57473994e+008 7.28890988e+007 3.78589914e+007 2.29684469e+007 1.65658095e+007 1.04521772e+007 6.04418120e+006 4.23991409e+006
61490.10833333 0.000000 0.000000 0.000000 2.63482736e+013 1.76248891e+013 8.01185511e+012 4.10413168e+012 1.38491698e+012 5.66688003e+011 2.62538234e+011 8.53080821e+010 1.94169339e+010 4.69835099e+009 1.72864449e+009 8.06644603e+008 3.85093010e+008 1.84845438e+008 8.44392832e+007 4.34094724e+007 2.60898905e+007 1.86888648e+007 1.17261949e+007 6.70450518e+006 4.67514256e+006
61499.90833333 0.000000 0.000000 0.000000 2.73716370e+013 1.85206265e+013 8.53708146e+012 4.62771997e+012 1.62886777e+012 6.90370672e+011 3.25581150e+011 1.04177273e+011 2.32268504e+010 5.55379268e+009 2.02495694e+009 9.34012972e+008 4.43055193e+008 2.12501735e+008 9.70430041e+007 4.98087983e+007 2.98417174e+007 2.13788096e+007 1.34341425e+007 7.65723810e+006 5.29711545e+006
61509.70833333 0.000000 0.000000 0.000000 2.74078881e+013 1.85507471e+013 8.54747602e+012 4.62947497e+012 1.62907094e+012 6.90394349e+011 3.25587935e+011 1.04179515e+011 2.32274030e+010 5.55396005e+009 2.02503604e+009 9.34063420e+008 4.43090575e+008 2.12525814e+008 9.70579461e+007 4.98178114e+007 2.98472369e+007 2.13825944e+007 1.34363440e+007 7.65821155e+006 5.29756415e+006
61519.50833333 0.000000 0.000000 0.000000 3.00046612e+013 2.06805012e+013 9.49528568e+012 4.98580279e+012 1.77404726e+012 7.56952559e+011 3.54066302e+011 1.12536595e+011 2.54531293e+010 6.25351489e+009 2.28610168e+009 1.04157192e+009 4.86311135e+008 2.30280153e+008 1.04605514e+008 5.36101231e+007 3.20810561e+007 2.29202347e+007 1.43583153e+007 8.12713364e+006 5.60025406e+006
61529.30833333 0.000000 0.000000 0.000000 3.11876433e+013 2.16647390e+013 9.96134034e+012 5.16334585e+012 1.83122379e+012 7.78173366e+011 3.61916694e+011 1.14770375e+011 2.59572243e+010 6.37619504e+009 2.32696159e+009 1.05719441e+009 4.92693270e+008 2.33247119e+008 1.06128337e+008 5.44692953e+007 3.26150963e+007 2.32942315e+007 1.45890702e+007 8.26592662e+006 5.70584812e+006
61531.10244374 0.000000 0.000000 0.000000 3.11876433e+013 2.16647390e+013 9.96134034e+012 5.16334585e+012 1.83122379e+012 7.78173366e+011 3.61916694e+011 1.14770375e+011 2.59572243e+010 6.37619504e+009 2.32696159e+009 1.05719441e+009 4.92693270e+008 2.33247119e+008 1.06128337e+008 5.44692953e+007 3.26150963e+007 2.32942315e+007 1.45890702e+007 8.26592662e+006 5.70584812e+006
