# Ae9Ap9 Model output file: MoonBEAM_trajectory_trade/Rp30408_22N.AE9.output_mc_fluxIntvAvg_057.txt
# Ae9Ap9 Software Version:  1.50.001
#
# Model type:               AE9
# Particle species:         e-
# Flux type:                1PtDiff
# Flux direction:           Omnidirectional
# Energy levels (MeV):       0.04 0.07 0.1 0.25 0.5 0.75 1 1.5 2 2.5 3 3.5 4 4.5 5 5.5 6 6.5 7 8.5 10
#
# Accumulation mode:        Interval, length = 846720 seconds (9.8 days)
#
# Time format:              Modified Julian Date
# Coordinate system:        GEI (Geocentric Equatorial Inertial) Cartesian in km
# Data Delimiter:           space
#
# datetime(mjd),posx(km),posy(km),posz(km),flux,flux,flux,flux,flux,flux,flux,flux,flux,flux,flux,flux,flux,flux,flux,flux,flux,flux,flux,flux,flux(#/cm^2/s/MeV)
61421.50833333 0.000000 0.000000 0.000000 2.13605219e+007 1.41278070e+007 5.00399296e+006 2.02809294e+006 3.56517283e+005 1.09683946e+005 4.32915327e+004 1.29824751e+004 2.60384820e+003 6.06274229e+002 1.86730559e+002 6.23650528e+001 2.35931992e+001 9.32706560e+000 4.24710729e+000 2.14704201e+000 1.30295746e+000 8.58909727e-001 4.45872676e-001 2.07113082e-001 1.25801122e-001
61431.30833333 0.000000 0.000000 0.000000 2.22286402e+006 1.76014823e+006 6.83908573e+005 6.64063758e+004 3.59965087e+003 5.52575929e+002 1.31205090e+002 2.88323448e+001 3.79339771e+000 7.23524704e-001 3.02009147e-001 1.57556194e-001 8.67516003e-002 4.47820012e-002 2.82915225e-002 1.92078931e-002 1.42969870e-002 1.03956411e-002 6.09127094e-003 3.41452178e-003 2.17092975e-003
61441.10833333 0.000000 0.000000 0.000000 2.76721705e+006 2.15766229e+006 8.22274118e+005 8.45441032e+004 5.27184635e+003 8.71959288e+002 2.13237795e+002 4.90790991e+001 7.19912284e+000 1.30986422e+000 4.74350953e-001 2.43486223e-001 1.38883737e-001 7.36232159e-002 4.60141943e-002 2.98929086e-002 2.12243567e-002 1.50221901e-002 8.40151241e-003 4.28827042e-003 2.74678520e-003
61450.90833333 0.000000 0.000000 0.000000 3.88556277e+005 2.67029237e+005 8.99838364e+004 1.50639545e+004 4.64569313e+003 1.72470658e+003 6.40510433e+002 1.81761011e+002 7.52353801e+001 3.86606853e+001 1.93422333e+001 8.40969743e+000 3.46927950e+000 1.45765333e+000 6.69316755e-001 3.24526759e-001 1.68879530e-001 9.32872999e-002 4.09859398e-002 1.48352499e-002 7.67785012e-003
61460.70833333 0.000000 0.000000 0.000000 1.22916316e+007 7.78649715e+006 2.63450002e+006 4.76698905e+005 6.19499466e+004 1.72329117e+004 6.60283713e+003 1.61755921e+003 2.02662486e+002 2.89106728e+001 8.03383132e+000 2.63878952e+000 9.95011276e-001 4.21996963e-001 2.18030915e-001 1.19338679e-001 7.16757561e-002 4.47598871e-002 2.17064577e-002 8.81407250e-003 4.51548510e-003
61470.50833333 0.000000 0.000000 0.000000 0.00000000e+000 0.00000000e+000 0.00000000e+000 0.00000000e+000 0.00000000e+000 0.00000000e+000 0.00000000e+000 0.00000000e+000 0.00000000e+000 0.00000000e+000 0.00000000e+000 0.00000000e+000 0.00000000e+000 0.00000000e+000 0.00000000e+000 0.00000000e+000 0.00000000e+000 0.00000000e+000 0.00000000e+000 0.00000000e+000 0.00000000e+000
61480.30833333 0.000000 0.000000 0.000000 6.55423028e+006 5.27866772e+006 1.85521065e+006 2.09722771e+005 5.17614510e+004 2.04598131e+004 7.23584495e+003 1.33470923e+003 1.89184978e+002 3.54475564e+001 9.12568197e+000 2.36834116e+000 6.71837031e-001 2.13043428e-001 8.56589565e-002 3.86192169e-002 2.07366204e-002 1.17983392e-002 5.31633221e-003 1.74833852e-003 7.77464611e-004
61490.10833333 0.000000 0.000000 0.000000 3.25917605e+007 2.49518246e+007 8.75542969e+006 1.49590415e+006 2.96734106e+005 1.13647444e+005 4.45094452e+004 9.86599691e+003 1.35933319e+003 2.38852580e+002 6.94514674e+001 2.36727600e+001 8.66639439e+000 3.52010250e+000 1.56271011e+000 7.56279796e-001 3.91958705e-001 2.23080876e-001 9.99732102e-002 3.46924438e-002 1.61719944e-002
61499.90833333 0.000000 0.000000 0.000000 5.56499811e+006 3.78557237e+006 1.02470154e+006 5.95382876e+004 2.51629970e+004 1.66931634e+004 7.55836406e+003 2.22532146e+003 6.85247521e+002 1.97122632e+002 5.68700473e+001 1.67002107e+001 4.82149845e+000 1.44603283e+000 4.87860033e-001 1.77718937e-001 7.03752208e-002 2.95909223e-002 1.00683947e-002 2.14003819e-003 7.02461355e-004
61509.70833333 0.000000 0.000000 0.000000 3.54586539e+004 1.74818503e+004 2.38717534e+003 3.21053022e+000 2.63504328e-002 1.75717820e-003 4.71507267e-004 4.25408348e-004 7.44982249e-004 5.94813573e-004 2.56261708e-004 5.38470407e-005 9.80160203e-006 1.32842499e-006 5.77121033e-007 8.52286835e-007 1.75260128e-006 1.88483278e-006 1.06287991e-006 2.83036430e-007 1.10326464e-007
61519.50833333 0.000000 0.000000 0.000000 2.12677670e+006 1.68445809e+006 7.57207907e+005 5.33920978e+005 2.00968850e+005 7.13742387e+004 2.93300227e+004 1.15645076e+004 4.91821505e+003 1.81941642e+003 6.81541372e+002 2.56100773e+002 1.02667583e+002 4.74869508e+001 2.17773356e+001 1.10395150e+001 5.89099985e+000 3.62141906e+000 1.84037251e+000 8.57488684e-001 5.54078615e-001
61529.30833333 0.000000 0.000000 0.000000 1.60382602e+007 1.04145051e+007 3.05789600e+006 3.35585308e+005 8.65553630e+004 3.12067880e+004 1.09106817e+004 2.39019716e+003 5.75902939e+002 1.71131471e+002 5.97951630e+001 1.89790985e+001 6.11502977e+000 2.19516860e+000 9.09824235e-001 4.31958227e-001 2.26543532e-001 1.29835444e-001 6.12370886e-002 2.61871624e-002 1.64501062e-002
61531.10244374 0.000000 0.000000 0.000000 0.00000000e+000 0.00000000e+000 0.00000000e+000 0.00000000e+000 0.00000000e+000 0.00000000e+000 0.00000000e+000 0.00000000e+000 0.00000000e+000 0.00000000e+000 0.00000000e+000 0.00000000e+000 0.00000000e+000 0.00000000e+000 0.00000000e+000 0.00000000e+000 0.00000000e+000 0.00000000e+000 0.00000000e+000 0.00000000e+000 0.00000000e+000
