# Ae9Ap9 Model output file: MoonBEAM_trajectory_trade/Rp30408_22N.AE9.output_mc_fluenceIntv_023.txt
# Ae9Ap9 Software Version:  1.50.001
#
# Model type:               AE9
# Particle species:         e-
# Flux type:                1PtDiff
# Flux direction:           Omnidirectional
# Energy levels (MeV):       0.04 0.07 0.1 0.25 0.5 0.75 1 1.5 2 2.5 3 3.5 4 4.5 5 5.5 6 6.5 7 8.5 10
#
# Accumulation mode:        Interval, length = 846720 seconds (9.8 days)
#
# Time format:              Modified Julian Date
# Coordinate system:        GEI (Geocentric Equatorial Inertial) Cartesian in km
# Data Delimiter:           space
#
# datetime(mjd),posx(km),posy(km),posz(km),fluence,fluence,fluence,fluence,fluence,fluence,fluence,fluence,fluence,fluence,fluence,fluence,fluence,fluence,fluence,fluence,fluence,fluence,fluence,fluence,fluence(#/cm^2/MeV)
61421.50833333 0.000000 0.000000 0.000000 7.38258479e+013 4.98945685e+013 1.69170682e+013 5.38345861e+012 1.58773429e+012 6.17735215e+011 3.09066485e+011 1.44717225e+011 5.91040049e+010 2.25115221e+010 9.20300106e+009 3.99317155e+009 1.73606975e+009 7.17556587e+008 3.00749855e+008 1.50001183e+008 9.69577602e+007 7.43928870e+007 5.53609846e+007 3.98145423e+007 3.24056451e+007
61431.30833333 0.000000 0.000000 0.000000 7.98523032e+013 5.49034784e+013 1.86672442e+013 5.81655037e+012 1.69259044e+012 6.56597402e+011 3.25229464e+011 1.50560666e+011 6.08517037e+010 2.29641110e+010 9.33932822e+009 4.03798049e+009 1.75086866e+009 7.22498220e+008 3.02568279e+008 1.50804926e+008 9.74030196e+007 7.46746357e+007 5.55156976e+007 3.99018175e+007 3.24732526e+007
61441.10833333 0.000000 0.000000 0.000000 8.77643905e+013 6.12739152e+013 2.08326050e+013 6.37790648e+012 1.83376975e+012 7.10521440e+011 3.47948739e+011 1.58805808e+011 6.33416097e+010 2.36177433e+010 9.53229870e+009 4.10097579e+009 1.77146256e+009 7.29358297e+008 3.05109894e+008 1.51952518e+008 9.80497598e+007 7.50870359e+007 5.57448686e+007 4.00325722e+007 3.25746846e+007
61450.90833333 0.000000 0.000000 0.000000 9.31507671e+013 6.47175089e+013 2.19135827e+013 6.67640407e+012 1.92160826e+012 7.44980447e+011 3.61100055e+011 1.62827101e+011 6.51042930e+010 2.44011251e+010 9.87030736e+009 4.24867069e+009 1.83346864e+009 7.53732569e+008 3.14696012e+008 1.56207835e+008 1.00438972e+008 7.66398789e+007 5.66350746e+007 4.05166221e+007 3.29225042e+007
61460.70833333 0.000000 0.000000 0.000000 9.65829802e+013 6.74163126e+013 2.29145332e+013 6.97287237e+012 2.03562657e+012 7.96056074e+011 3.85259536e+011 1.73191206e+011 6.87602950e+010 2.55150021e+010 1.01967727e+010 4.35019342e+009 1.86479507e+009 7.63491841e+008 3.18010658e+008 1.57522400e+008 1.01087030e+008 7.70139971e+007 5.68197624e+007 4.06028168e+007 3.29782551e+007
61470.50833333 0.000000 0.000000 0.000000 9.65829802e+013 6.74163126e+013 2.29145332e+013 6.97287237e+012 2.03562657e+012 7.96056074e+011 3.85259536e+011 1.73191206e+011 6.87602950e+010 2.55150021e+010 1.01967727e+010 4.35019342e+009 1.86479507e+009 7.63491841e+008 3.18010658e+008 1.57522400e+008 1.01087030e+008 7.70139971e+007 5.68197624e+007 4.06028168e+007 3.29782551e+007
61480.30833333 0.000000 0.000000 0.000000 9.78167816e+013 6.82016666e+013 2.32141229e+013 7.08784757e+012 2.05961930e+012 8.02710878e+011 3.87987245e+011 1.74440669e+011 6.91138478e+010 2.55960066e+010 1.02199653e+010 4.35755379e+009 1.86755762e+009 7.64638644e+008 3.18531049e+008 1.57760429e+008 1.01213497e+008 7.70890720e+007 5.68566358e+007 4.06244428e+007 3.29956209e+007
61490.10833333 0.000000 0.000000 0.000000 1.00576683e+014 7.05453190e+013 2.41837642e+013 7.48184598e+012 2.16154609e+012 8.39855015e+011 4.04355238e+011 1.79993660e+011 7.02502680e+010 2.58456543e+010 1.02904863e+010 4.37950276e+009 1.87504227e+009 7.67424738e+008 3.19690408e+008 1.58287875e+008 1.01498005e+008 7.72589060e+007 5.69377179e+007 4.06569069e+007 3.30122733e+007
61499.90833333 0.000000 0.000000 0.000000 1.10393452e+014 7.58704209e+013 2.56737410e+013 7.64818593e+012 2.17779685e+012 8.43787474e+011 4.05543105e+011 1.80293714e+011 7.03106314e+010 2.58607735e+010 1.02947609e+010 4.38077753e+009 1.87546067e+009 7.67582287e+008 3.19757457e+008 1.58314693e+008 1.01509012e+008 7.72634793e+007 5.69390951e+007 4.06572564e+007 3.30124368e+007
61509.70833333 0.000000 0.000000 0.000000 1.10570821e+014 7.59712047e+013 2.56933522e+013 7.64988598e+012 2.17785430e+012 8.43794199e+011 4.05544109e+011 1.80293791e+011 7.03106422e+010 2.58607767e+010 1.02947625e+010 4.38077839e+009 1.87546119e+009 7.67582577e+008 3.19757613e+008 1.58314763e+008 1.01509051e+008 7.72635063e+007 5.69391078e+007 4.06572640e+007 3.30124409e+007
61519.50833333 0.000000 0.000000 0.000000 1.17723121e+014 8.15651758e+013 2.75750707e+013 7.93829124e+012 2.21547862e+012 8.54299235e+011 4.08929280e+011 1.81358375e+011 7.05247322e+010 2.58952285e+010 1.03009008e+010 4.38196333e+009 1.87573390e+009 7.67665195e+008 3.19786763e+008 1.58324820e+008 1.01512726e+008 7.72650312e+007 5.69395410e+007 4.06573471e+007 3.30124671e+007
61529.30833333 0.000000 0.000000 0.000000 1.19288361e+014 8.39829505e+013 2.89652974e+013 8.76614460e+012 2.43995110e+012 9.44898277e+011 4.51031530e+011 1.99828002e+011 7.52830789e+010 2.67941814e+010 1.04937308e+010 4.43579224e+009 1.89333904e+009 7.74031053e+008 3.22514158e+008 1.59736096e+008 1.02407325e+008 7.78788093e+007 5.72952815e+007 4.08162229e+007 3.30975118e+007
61531.10244374 0.000000 0.000000 0.000000 1.19288361e+014 8.39829505e+013 2.89652974e+013 8.76614460e+012 2.43995110e+012 9.44898277e+011 4.51031530e+011 1.99828002e+011 7.52830789e+010 2.67941814e+010 1.04937308e+010 4.43579224e+009 1.89333904e+009 7.74031053e+008 3.22514158e+008 1.59736096e+008 1.02407325e+008 7.78788093e+007 5.72952815e+007 4.08162229e+007 3.30975118e+007
