# Ae9Ap9 Model output file: MoonBEAM_trajectory_trade/Rp30408_22N.AE9.output_mc_fluenceIntv_061.txt
# Ae9Ap9 Software Version:  1.50.001
#
# Model type:               AE9
# Particle species:         e-
# Flux type:                1PtDiff
# Flux direction:           Omnidirectional
# Energy levels (MeV):       0.04 0.07 0.1 0.25 0.5 0.75 1 1.5 2 2.5 3 3.5 4 4.5 5 5.5 6 6.5 7 8.5 10
#
# Accumulation mode:        Interval, length = 846720 seconds (9.8 days)
#
# Time format:              Modified Julian Date
# Coordinate system:        GEI (Geocentric Equatorial Inertial) Cartesian in km
# Data Delimiter:           space
#
# datetime(mjd),posx(km),posy(km),posz(km),fluence,fluence,fluence,fluence,fluence,fluence,fluence,fluence,fluence,fluence,fluence,fluence,fluence,fluence,fluence,fluence,fluence,fluence,fluence,fluence,fluence(#/cm^2/MeV)
61421.50833333 0.000000 0.000000 0.000000 1.87945065e+014 1.60719384e+014 5.38275378e+013 1.54651778e+013 2.83804074e+012 1.03127619e+012 4.19242415e+011 1.14401768e+011 2.12384918e+010 3.67834177e+009 8.37053941e+008 2.62300979e+008 1.00384109e+008 4.05137456e+007 1.69502548e+007 7.74868349e+006 4.07903286e+006 2.42072024e+006 1.18148832e+006 4.35215782e+005 2.15843279e+005
61431.30833333 0.000000 0.000000 0.000000 1.87972824e+014 1.60756059e+014 5.38518024e+013 1.54731407e+013 2.84028568e+012 1.03175742e+012 4.19369130e+011 1.14438158e+011 2.12436201e+010 3.67913034e+009 8.37292337e+008 2.62387531e+008 1.00424494e+008 4.05339472e+007 1.69631284e+007 7.75773336e+006 4.08647005e+006 2.42682978e+006 1.18547768e+006 4.37900318e+005 2.17667270e+005
61441.10833333 0.000000 0.000000 0.000000 1.88009559e+014 1.60804903e+014 5.38844168e+013 1.54841443e+013 2.84278280e+012 1.03229633e+012 4.19517491e+011 1.14485519e+011 2.12505371e+010 3.68002465e+009 8.37536392e+008 2.62481038e+008 1.00471138e+008 4.05588021e+007 1.69794386e+007 7.76902603e+006 4.09557056e+006 2.43425432e+006 1.19019030e+006 4.40745474e+005 2.19661624e+005
61450.90833333 0.000000 0.000000 0.000000 1.92352377e+014 1.62661435e+014 5.42767040e+013 1.55127267e+013 2.84944115e+012 1.03478418e+012 4.20520055e+011 1.14916723e+011 2.14979319e+010 3.80126205e+009 8.87353387e+008 2.83025887e+008 1.08801878e+008 4.39429064e+007 1.83962235e+007 8.40361681e+006 4.41026422e+006 2.60682618e+006 1.26819885e+006 4.69338265e+005 2.34354555e+005
61460.70833333 0.000000 0.000000 0.000000 1.94538053e+014 1.64802850e+014 5.51002996e+013 1.58580843e+013 2.97963108e+012 1.09081303e+012 4.44485098e+011 1.23330190e+011 2.43970376e+010 4.84447471e+009 1.29988563e+009 4.57594352e+008 1.81611001e+008 7.46965290e+007 3.09549242e+007 1.42566716e+007 7.51893947e+006 4.57394111e+006 2.30859450e+006 9.40716375e+005 5.17046219e+005
61470.50833333 0.000000 0.000000 0.000000 1.94538053e+014 1.64802850e+014 5.51002996e+013 1.58580843e+013 2.97963108e+012 1.09081303e+012 4.44485098e+011 1.23330190e+011 2.43970376e+010 4.84447471e+009 1.29988563e+009 4.57594352e+008 1.81611001e+008 7.46965290e+007 3.09549242e+007 1.42566716e+007 7.51893947e+006 4.57394111e+006 2.30859450e+006 9.40716375e+005 5.17046219e+005
61480.30833333 0.000000 0.000000 0.000000 1.95514410e+014 1.65919653e+014 5.55685890e+013 1.59195255e+013 2.98884048e+012 1.09340066e+012 4.45441427e+011 1.23692296e+011 2.44784925e+010 4.86689053e+009 1.30700147e+009 4.60092287e+008 1.82510904e+008 7.50233990e+007 3.10942758e+007 1.43233656e+007 7.55460000e+006 4.59383131e+006 2.31753387e+006 9.44198603e+005 5.18941821e+005
61490.10833333 0.000000 0.000000 0.000000 1.95597752e+014 1.65942956e+014 5.55741260e+013 1.59201549e+013 2.98979907e+012 1.09361869e+012 4.45484833e+011 1.23701443e+011 2.44842957e+010 4.87207550e+009 1.31058235e+009 4.61827120e+008 1.83293069e+008 7.53693903e+007 3.12701450e+007 1.44166442e+007 7.60837235e+006 4.62567838e+006 2.33240425e+006 9.49759755e+005 5.21586030e+005
61499.90833333 0.000000 0.000000 0.000000 1.98979095e+014 1.68151881e+014 5.61688575e+013 1.60633343e+013 3.02625342e+012 1.10770964e+012 4.51066511e+011 1.25169007e+011 2.49533414e+010 5.09990800e+009 1.44212270e+009 5.33968214e+008 2.20532239e+008 9.41298185e+007 4.01376877e+007 1.89324839e+007 1.01555810e+007 6.29407378e+006 3.22996903e+006 1.35235779e+006 7.50970203e+005
61509.70833333 0.000000 0.000000 0.000000 1.99031338e+014 1.68188626e+014 5.61761025e+013 1.60633601e+013 3.02625368e+012 1.10770966e+012 4.51066514e+011 1.25169009e+011 2.49533428e+010 5.09990939e+009 1.44212417e+009 5.33969558e+008 2.20533340e+008 9.41305277e+007 4.01381802e+007 1.89328379e+007 1.01558613e+007 6.29428292e+006 3.23008088e+006 1.35240821e+006 7.50995502e+005
61519.50833333 0.000000 0.000000 0.000000 2.02322395e+014 1.69907177e+014 5.65755496e+013 1.61143189e+013 3.05180333e+012 1.11961979e+012 4.55632718e+011 1.26355779e+011 2.55193661e+010 5.49667533e+009 1.64716983e+009 6.19272421e+008 2.52253436e+008 1.05996997e+008 4.47509241e+007 2.10346087e+007 1.12362668e+007 6.91649861e+006 3.52346082e+006 1.45859838e+006 8.05746983e+005
61529.30833333 0.000000 0.000000 0.000000 2.04142604e+014 1.71084097e+014 5.70136083e+013 1.62277559e+013 3.07601355e+012 1.12525316e+012 4.57227783e+011 1.26698315e+011 2.55815562e+010 5.51450396e+009 1.65533855e+009 6.22930857e+008 2.53973474e+008 1.06873095e+008 4.52562121e+007 2.13391567e+007 1.14308010e+007 7.04640934e+006 3.59272587e+006 1.49191322e+006 8.24604473e+005
61531.10244374 0.000000 0.000000 0.000000 2.04142604e+014 1.71084097e+014 5.70136083e+013 1.62277559e+013 3.07601355e+012 1.12525316e+012 4.57227783e+011 1.26698315e+011 2.55815562e+010 5.51450396e+009 1.65533855e+009 6.22930857e+008 2.53973474e+008 1.06873095e+008 4.52562121e+007 2.13391567e+007 1.14308010e+007 7.04640934e+006 3.59272587e+006 1.49191322e+006 8.24604473e+005
