# Ae9Ap9 Model output file: MoonBEAM_trajectory_trade/Rp30408_22N.AE9.output_mc_fluenceIntv_036.txt
# Ae9Ap9 Software Version:  1.50.001
#
# Model type:               AE9
# Particle species:         e-
# Flux type:                1PtDiff
# Flux direction:           Omnidirectional
# Energy levels (MeV):       0.04 0.07 0.1 0.25 0.5 0.75 1 1.5 2 2.5 3 3.5 4 4.5 5 5.5 6 6.5 7 8.5 10
#
# Accumulation mode:        Interval, length = 846720 seconds (9.8 days)
#
# Time format:              Modified Julian Date
# Coordinate system:        GEI (Geocentric Equatorial Inertial) Cartesian in km
# Data Delimiter:           space
#
# datetime(mjd),posx(km),posy(km),posz(km),fluence,fluence,fluence,fluence,fluence,fluence,fluence,fluence,fluence,fluence,fluence,fluence,fluence,fluence,fluence,fluence,fluence,fluence,fluence,fluence,fluence(#/cm^2/MeV)
61421.50833333 0.000000 0.000000 0.000000 3.06382503e+013 2.59669614e+013 1.16619932e+013 3.50830249e+012 1.02532525e+012 4.43841987e+011 2.44780963e+011 1.04099446e+011 2.69475462e+010 6.30393692e+009 1.88527569e+009 7.03047631e+008 2.86656244e+008 1.28079106e+008 5.70021959e+007 2.95199309e+007 1.71153620e+007 1.18128444e+007 7.08318352e+006 3.74398034e+006 2.44626004e+006
61431.30833333 0.000000 0.000000 0.000000 3.08608825e+013 2.61824473e+013 1.17789244e+013 3.56107601e+012 1.04611374e+012 4.51838231e+011 2.47725722e+011 1.04946559e+011 2.71528314e+010 6.36196573e+009 1.90698804e+009 7.12209513e+008 2.90674107e+008 1.29935940e+008 5.79030839e+007 2.99964305e+007 1.73901539e+007 1.19886661e+007 7.17823908e+006 3.78700656e+006 2.47082028e+006
61441.10833333 0.000000 0.000000 0.000000 3.12503098e+013 2.65564608e+013 1.19701575e+013 3.63506251e+012 1.07160577e+012 4.61646289e+011 2.51372300e+011 1.06023648e+011 2.74110669e+010 6.43190021e+009 1.93208064e+009 7.22620709e+008 2.95193205e+008 1.32001747e+008 5.89116682e+007 3.05365249e+007 1.77042230e+007 1.21886692e+007 7.28527704e+006 3.83476593e+006 2.49783873e+006
61450.90833333 0.000000 0.000000 0.000000 3.57854544e+013 3.01492508e+013 1.35256913e+013 3.88793732e+012 1.12891188e+012 4.80418202e+011 2.57324636e+011 1.07259061e+011 2.77376575e+010 6.53821938e+009 1.97300918e+009 7.39998480e+008 3.02766127e+008 1.35514152e+008 6.06007993e+007 3.14110741e+007 1.81987696e+007 1.25000276e+007 7.45462372e+006 3.92187840e+006 2.55733947e+006
61460.70833333 0.000000 0.000000 0.000000 3.81986326e+013 3.15196793e+013 1.39992713e+013 3.98704573e+012 1.16413964e+012 4.94704726e+011 2.62408092e+011 1.08621583e+011 2.83224878e+010 6.82106452e+009 2.10491129e+009 8.00080888e+008 3.29491188e+008 1.47645678e+008 6.59816294e+007 3.40302582e+007 1.96395854e+007 1.34262788e+007 7.95972047e+006 4.15235281e+006 2.69480043e+006
61470.50833333 0.000000 0.000000 0.000000 3.81986326e+013 3.15196793e+013 1.39992713e+013 3.98704573e+012 1.16413964e+012 4.94704726e+011 2.62408092e+011 1.08621583e+011 2.83224878e+010 6.82106452e+009 2.10491129e+009 8.00080888e+008 3.29491188e+008 1.47645678e+008 6.59816294e+007 3.40302582e+007 1.96395854e+007 1.34262788e+007 7.95972047e+006 4.15235281e+006 2.69480043e+006
61480.30833333 0.000000 0.000000 0.000000 4.21557997e+013 3.39691168e+013 1.50630183e+013 4.26731822e+012 1.20921918e+012 5.06538894e+011 2.66810622e+011 1.09965639e+011 2.85756450e+010 6.87034569e+009 2.12169475e+009 8.07254555e+008 3.33032303e+008 1.49547092e+008 6.70469761e+007 3.46267654e+007 1.99967174e+007 1.36633590e+007 8.09457879e+006 4.22693535e+006 2.74587557e+006
61490.10833333 0.000000 0.000000 0.000000 4.33124650e+013 3.48046273e+013 1.54183844e+013 4.31632344e+012 1.21976737e+012 5.09394721e+011 2.67567872e+011 1.10149672e+011 2.86242894e+010 6.88626099e+009 2.12842392e+009 8.10318356e+008 3.34522403e+008 1.50311200e+008 6.74705469e+007 3.48669641e+007 2.01403269e+007 1.37556548e+007 8.14570111e+006 4.25478820e+006 2.76505204e+006
61499.90833333 0.000000 0.000000 0.000000 4.65377966e+013 3.74325454e+013 1.66307417e+013 4.59718635e+012 1.28011075e+012 5.29303126e+011 2.74248114e+011 1.11436478e+011 2.88298359e+010 6.92815536e+009 2.14253077e+009 8.15905066e+008 3.37051516e+008 1.51605961e+008 6.81893821e+007 3.52812899e+007 2.03941744e+007 1.39242139e+007 8.24159502e+006 4.30889364e+006 2.80407851e+006
61509.70833333 0.000000 0.000000 0.000000 4.66031687e+013 3.74866082e+013 1.66476350e+013 4.59818360e+012 1.28013974e+012 5.29305707e+011 2.74248971e+011 1.11436783e+011 2.88299310e+010 6.92819321e+009 2.14255183e+009 8.15919320e+008 3.37061885e+008 1.51613314e+008 6.81942544e+007 3.52840201e+007 2.03958805e+007 1.39255255e+007 8.24240073e+006 4.30939025e+006 2.80434436e+006
61519.50833333 0.000000 0.000000 0.000000 4.85665048e+013 3.91868885e+013 1.74638782e+013 4.98199890e+012 1.40237743e+012 5.79502797e+011 2.96494265e+011 1.19050579e+011 3.02497583e+010 7.10272070e+009 2.17326460e+009 8.24135471e+008 3.39962028e+008 1.52854022e+008 6.88228068e+007 3.56286948e+007 2.06048523e+007 1.40636693e+007 8.31876910e+006 4.34538765e+006 2.82469053e+006
61529.30833333 0.000000 0.000000 0.000000 5.53044901e+013 4.50751468e+013 1.99512377e+013 5.96264936e+012 1.70598986e+012 7.19436980e+011 3.62046861e+011 1.43038937e+011 3.78960730e+010 9.23468701e+009 2.78422045e+009 1.01759533e+009 4.03399495e+008 1.75008293e+008 7.70847100e+007 3.93813599e+007 2.26115458e+007 1.52988345e+007 8.96796372e+006 4.62852229e+006 3.00003077e+006
61531.10244374 0.000000 0.000000 0.000000 5.53044901e+013 4.50751468e+013 1.99512377e+013 5.96264936e+012 1.70598986e+012 7.19436980e+011 3.62046861e+011 1.43038937e+011 3.78960730e+010 9.23468701e+009 2.78422045e+009 1.01759533e+009 4.03399495e+008 1.75008293e+008 7.70847100e+007 3.93813599e+007 2.26115458e+007 1.52988345e+007 8.96796372e+006 4.62852229e+006 3.00003077e+006
