# Ae9Ap9 Model output file: MoonBEAM_trajectory_trade/Rp30408_22N.AE9.output_mc_fluxIntvAvg_052.txt
# Ae9Ap9 Software Version:  1.50.001
#
# Model type:               AE9
# Particle species:         e-
# Flux type:                1PtDiff
# Flux direction:           Omnidirectional
# Energy levels (MeV):       0.04 0.07 0.1 0.25 0.5 0.75 1 1.5 2 2.5 3 3.5 4 4.5 5 5.5 6 6.5 7 8.5 10
#
# Accumulation mode:        Interval, length = 846720 seconds (9.8 days)
#
# Time format:              Modified Julian Date
# Coordinate system:        GEI (Geocentric Equatorial Inertial) Cartesian in km
# Data Delimiter:           space
#
# datetime(mjd),posx(km),posy(km),posz(km),flux,flux,flux,flux,flux,flux,flux,flux,flux,flux,flux,flux,flux,flux,flux,flux,flux,flux,flux,flux,flux(#/cm^2/s/MeV)
61421.50833333 0.000000 0.000000 0.000000 2.50613869e+007 1.77644165e+007 7.59027597e+006 1.34922411e+006 5.12447501e+005 2.44031779e+005 1.20329335e+005 6.16312422e+004 2.90896124e+004 1.13869283e+004 4.71266634e+003 2.02629645e+003 8.73461631e+002 3.91790235e+002 1.61947593e+002 7.12951896e+001 3.55995025e+001 2.21511291e+001 1.27749053e+001 6.42567644e+000 4.09205348e+000
61431.30833333 0.000000 0.000000 0.000000 5.35569016e+006 3.89695899e+006 1.49372225e+006 3.24510995e+005 7.79233096e+004 2.61583284e+004 9.73142435e+003 2.51382898e+003 5.66177300e+002 1.48789259e+002 5.51081120e+001 2.16050209e+001 8.86024319e+000 4.09327236e+000 1.94348748e+000 1.00950585e+000 5.72656553e-001 3.77675727e-001 2.07275254e-001 1.12683628e-001 8.13693317e-002
61441.10833333 0.000000 0.000000 0.000000 5.80861821e+006 4.34305016e+006 1.71432157e+006 4.04126794e+005 1.02603889e+005 3.48939085e+004 1.30610134e+004 3.34978005e+003 7.54529887e+002 1.95446121e+002 7.24322246e+001 2.82775975e+001 1.13839072e+001 5.15863165e+000 2.44072564e+000 1.28009511e+000 7.37290854e-001 4.89825519e-001 2.72181659e-001 1.52167909e-001 1.11791401e-001
61450.90833333 0.000000 0.000000 0.000000 8.27712837e+005 4.98746416e+005 2.16532536e+005 7.46316254e+004 2.62428274e+004 8.33356048e+003 2.73098522e+003 8.25808091e+002 3.05949119e+002 1.08456167e+002 4.11649766e+001 1.59090222e+001 6.39242761e+000 2.81345969e+000 1.36670383e+000 6.79167869e-001 3.53825181e-001 1.96552986e-001 8.99730163e-002 3.89418116e-002 2.44881646e-002
61460.70833333 0.000000 0.000000 0.000000 7.27561437e+006 4.03916758e+006 1.31073144e+006 1.92704840e+005 2.63619352e+004 7.48501599e+003 2.90371990e+003 8.61989196e+002 1.91900855e+002 5.55594134e+001 2.24387966e+001 1.02102806e+001 4.90687601e+000 2.63628128e+000 1.49803701e+000 8.38679099e-001 4.74015875e-001 2.87016016e-001 1.38710734e-001 5.88660664e-002 3.23946862e-002
61470.50833333 0.000000 0.000000 0.000000 0.00000000e+000 0.00000000e+000 0.00000000e+000 0.00000000e+000 0.00000000e+000 0.00000000e+000 0.00000000e+000 0.00000000e+000 0.00000000e+000 0.00000000e+000 0.00000000e+000 0.00000000e+000 0.00000000e+000 0.00000000e+000 0.00000000e+000 0.00000000e+000 0.00000000e+000 0.00000000e+000 0.00000000e+000 0.00000000e+000 0.00000000e+000
61480.30833333 0.000000 0.000000 0.000000 1.95012239e+005 3.04102781e+005 1.87707007e+005 2.63143011e+005 1.77220522e+005 9.20881247e+004 4.44025338e+004 1.59211584e+004 4.36157978e+003 1.28570640e+003 4.58860207e+002 1.76982190e+002 7.03312117e+001 2.95744680e+001 1.18675365e+001 5.25494411e+000 2.71112765e+000 1.76169665e+000 9.78980473e-001 4.59969464e-001 2.72272377e-001
61490.10833333 0.000000 0.000000 0.000000 3.44496613e+006 3.23800542e+006 1.60861913e+006 3.61270161e+005 9.41138736e+004 3.34393568e+004 1.17332134e+004 2.55191090e+003 3.80979278e+002 5.72682811e+001 1.35069314e+001 3.77220396e+000 1.24870575e+000 5.22090643e-001 2.84477760e-001 1.58405328e-001 8.70289583e-002 4.61632905e-002 1.96088972e-002 7.84567576e-003 4.56628178e-003
61499.90833333 0.000000 0.000000 0.000000 3.08972815e+005 6.64120040e+005 5.43624804e+005 1.04051508e+006 4.62407376e+005 2.09718693e+005 1.04970942e+005 3.94323760e+004 7.51359816e+003 1.17854970e+003 2.90455045e+002 9.07941230e+001 3.27386495e+001 1.36357516e+001 5.99506736e+000 2.96116699e+000 1.67050409e+000 1.11419663e+000 6.26019864e-001 3.29930037e-001 2.20422763e-001
61509.70833333 0.000000 0.000000 0.000000 9.51030881e+003 1.18939165e+004 5.33469961e+003 1.66358788e+003 3.81890452e+002 6.31198520e+001 1.37963973e+001 2.89145274e+000 8.05037495e-001 2.93680724e-001 1.38814148e-001 7.43326603e-002 4.51679778e-002 2.90612047e-002 1.76798954e-002 1.00719913e-002 5.61294564e-003 3.62471899e-003 1.84981099e-003 5.96621465e-004 1.96486933e-004
61519.50833333 0.000000 0.000000 0.000000 1.31356487e+007 1.03275619e+007 3.67362430e+006 5.95213192e+005 1.94046410e+005 9.27124545e+004 3.62192860e+004 1.02019893e+004 2.36983506e+003 5.49814579e+002 1.27986245e+002 3.24714899e+001 8.37038768e+000 2.46020633e+000 9.10116596e-001 3.86522267e-001 1.61075163e-001 6.55725713e-002 2.11220603e-002 4.55308490e-003 1.72935851e-003
61529.30833333 0.000000 0.000000 0.000000 2.01580628e+006 1.15765533e+006 3.97481125e+005 1.03384604e+005 6.06999639e+004 2.65481622e+004 9.66189828e+003 2.78665668e+003 9.60914442e+002 3.55787132e+002 1.28705805e+002 4.06972151e+001 1.24970286e+001 4.31652444e+000 1.75755605e+000 8.15248312e-001 3.93640446e-001 2.00497610e-001 8.32355703e-002 2.83829564e-002 1.51296133e-002
61531.10244374 0.000000 0.000000 0.000000 0.00000000e+000 0.00000000e+000 0.00000000e+000 0.00000000e+000 0.00000000e+000 0.00000000e+000 0.00000000e+000 0.00000000e+000 0.00000000e+000 0.00000000e+000 0.00000000e+000 0.00000000e+000 0.00000000e+000 0.00000000e+000 0.00000000e+000 0.00000000e+000 0.00000000e+000 0.00000000e+000 0.00000000e+000 0.00000000e+000 0.00000000e+000
