# Ae9Ap9 Model output file: MoonBEAM_trajectory_trade/Rp30408_22N.AE9.output_mc_fluenceIntv_044.txt
# Ae9Ap9 Software Version:  1.50.001
#
# Model type:               AE9
# Particle species:         e-
# Flux type:                1PtDiff
# Flux direction:           Omnidirectional
# Energy levels (MeV):       0.04 0.07 0.1 0.25 0.5 0.75 1 1.5 2 2.5 3 3.5 4 4.5 5 5.5 6 6.5 7 8.5 10
#
# Accumulation mode:        Interval, length = 846720 seconds (9.8 days)
#
# Time format:              Modified Julian Date
# Coordinate system:        GEI (Geocentric Equatorial Inertial) Cartesian in km
# Data Delimiter:           space
#
# datetime(mjd),posx(km),posy(km),posz(km),fluence,fluence,fluence,fluence,fluence,fluence,fluence,fluence,fluence,fluence,fluence,fluence,fluence,fluence,fluence,fluence,fluence,fluence,fluence,fluence,fluence(#/cm^2/MeV)
61421.50833333 0.000000 0.000000 0.000000 6.34475838e+013 5.16550873e+013 2.24092986e+013 5.05461816e+012 8.03042976e+011 2.50345876e+011 1.09018703e+011 3.86859161e+010 1.01614583e+010 2.45610543e+009 6.16024989e+008 1.74288718e+008 6.09276371e+007 2.34944470e+007 9.65147292e+006 4.13436384e+006 2.09474016e+006 1.22214417e+006 6.15871144e+005 2.58055218e+005 1.46323913e+005
61431.30833333 0.000000 0.000000 0.000000 6.76562029e+013 5.41795935e+013 2.31878518e+013 5.20771965e+012 8.38031921e+011 2.64436978e+011 1.14615453e+011 4.03644318e+010 1.08581949e+010 2.78063919e+009 7.56987911e+008 2.33897128e+008 8.42165340e+007 3.19735812e+007 1.27100701e+007 5.45083657e+006 2.81132550e+006 1.67996127e+006 8.69764356e+005 3.75904189e+005 2.22995639e+005
61441.10833333 0.000000 0.000000 0.000000 7.34991992e+013 5.76477469e+013 2.42174979e+013 5.41844787e+012 8.89626940e+011 2.86143607e+011 1.23439631e+011 4.28300327e+010 1.17581286e+010 3.19171814e+009 9.42165669e+008 3.12111977e+008 1.14527754e+008 4.30314019e+007 1.67936440e+007 7.27327942e+006 3.83727579e+006 2.34334759e+006 1.24051572e+006 5.46542775e+005 3.30926197e+005
61450.90833333 0.000000 0.000000 0.000000 7.40196115e+013 5.79346692e+013 2.43242213e+013 5.43869309e+012 8.93012438e+011 2.86852653e+011 1.23631291e+011 4.29147559e+010 1.17978308e+010 3.20544093e+009 9.45766739e+008 3.13066124e+008 1.14822403e+008 4.31416285e+007 1.68441310e+007 7.29488774e+006 3.84637904e+006 2.34717019e+006 1.24190223e+006 5.47076070e+005 3.31258705e+005
61460.70833333 0.000000 0.000000 0.000000 7.52153267e+013 5.92015629e+013 2.49488816e+013 6.05057288e+012 1.24553270e+012 5.15576397e+011 2.73280400e+011 1.09004683e+011 3.45184398e+010 1.03167399e+010 3.44099278e+009 1.26487001e+009 4.61781892e+008 1.57024663e+008 5.25610753e+007 2.18352330e+007 1.23908293e+007 8.76964236e+006 5.62636505e+006 3.03082340e+006 2.01622930e+006
61470.50833333 0.000000 0.000000 0.000000 7.52153267e+013 5.92015629e+013 2.49488816e+013 6.05057288e+012 1.24553270e+012 5.15576397e+011 2.73280400e+011 1.09004683e+011 3.45184398e+010 1.03167399e+010 3.44099278e+009 1.26487001e+009 4.61781892e+008 1.57024663e+008 5.25610753e+007 2.18352330e+007 1.23908293e+007 8.76964236e+006 5.62636505e+006 3.03082340e+006 2.01622930e+006
61480.30833333 0.000000 0.000000 0.000000 7.57511846e+013 5.97023854e+013 2.52076631e+013 6.22865250e+012 1.34557719e+012 5.64135173e+011 2.97097078e+011 1.21359355e+011 4.18138896e+010 1.34912313e+010 4.69624615e+009 1.79436708e+009 6.71608341e+008 2.31700898e+008 7.73642275e+007 3.17446559e+007 1.78446923e+007 1.26236332e+007 8.09869248e+006 4.41390721e+006 2.98109904e+006
61490.10833333 0.000000 0.000000 0.000000 7.69295923e+013 6.07050588e+013 2.56586270e+013 6.62285398e+012 1.54835846e+012 6.80567739e+011 3.64116359e+011 1.50136068e+011 5.42256865e+010 1.86096492e+010 6.93479091e+009 2.79670376e+009 1.08690707e+009 3.79527484e+008 1.24844795e+008 5.11070058e+007 2.94958880e+007 2.19234623e+007 1.48418907e+007 8.67349642e+006 6.16886446e+006
61499.90833333 0.000000 0.000000 0.000000 8.07328102e+013 6.31348868e+013 2.65700470e+013 6.82653657e+012 1.59478410e+012 6.98424273e+011 3.71360897e+011 1.52299001e+011 5.47352259e+010 1.87398688e+010 6.97673063e+009 2.81191867e+009 1.09279622e+009 3.81926396e+008 1.25883770e+008 5.15651535e+007 2.97263761e+007 2.20501214e+007 1.49016306e+007 8.69802452e+006 6.18254148e+006
61509.70833333 0.000000 0.000000 0.000000 8.08033734e+013 6.31799281e+013 2.65814919e+013 6.82769399e+012 1.59484354e+012 6.98431121e+011 3.71362178e+011 1.52299141e+011 5.47352500e+010 1.87398764e+010 6.97673430e+009 2.81192071e+009 1.09279746e+009 3.81927087e+008 1.25884160e+008 5.15653632e+007 2.97265148e+007 2.20502214e+007 1.49016822e+007 8.69805006e+006 6.18255529e+006
61519.50833333 0.000000 0.000000 0.000000 8.18977085e+013 6.37412529e+013 2.67358510e+013 6.84079220e+012 1.59824476e+012 6.99470713e+011 3.71622519e+011 1.52376122e+011 5.47734788e+010 1.87675644e+010 6.99403350e+009 2.82034630e+009 1.09659711e+009 3.83648749e+008 1.26703502e+008 5.19670882e+007 2.99348473e+007 2.21675899e+007 1.49579980e+007 8.72378823e+006 6.19857718e+006
61529.30833333 0.000000 0.000000 0.000000 8.25416207e+013 6.42299323e+013 2.69382063e+013 6.93755228e+012 1.63107020e+012 7.11398988e+011 3.75979673e+011 1.53816862e+011 5.52341377e+010 1.89382278e+010 7.06355395e+009 2.84618354e+009 1.10636987e+009 3.87632695e+008 1.28505507e+008 5.28791103e+007 3.04688825e+007 2.25192163e+007 1.51610825e+007 8.84576137e+006 6.28959342e+006
61531.10244374 0.000000 0.000000 0.000000 8.25416207e+013 6.42299323e+013 2.69382063e+013 6.93755228e+012 1.63107020e+012 7.11398988e+011 3.75979673e+011 1.53816862e+011 5.52341377e+010 1.89382278e+010 7.06355395e+009 2.84618354e+009 1.10636987e+009 3.87632695e+008 1.28505507e+008 5.28791103e+007 3.04688825e+007 2.25192163e+007 1.51610825e+007 8.84576137e+006 6.28959342e+006
