# Ae9Ap9 Model output file: MoonBEAM_trajectory_trade/Rp30408_22N.AE9.output_mc_fluenceIntv_054.txt
# Ae9Ap9 Software Version:  1.50.001
#
# Model type:               AE9
# Particle species:         e-
# Flux type:                1PtDiff
# Flux direction:           Omnidirectional
# Energy levels (MeV):       0.04 0.07 0.1 0.25 0.5 0.75 1 1.5 2 2.5 3 3.5 4 4.5 5 5.5 6 6.5 7 8.5 10
#
# Accumulation mode:        Interval, length = 846720 seconds (9.8 days)
#
# Time format:              Modified Julian Date
# Coordinate system:        GEI (Geocentric Equatorial Inertial) Cartesian in km
# Data Delimiter:           space
#
# datetime(mjd),posx(km),posy(km),posz(km),fluence,fluence,fluence,fluence,fluence,fluence,fluence,fluence,fluence,fluence,fluence,fluence,fluence,fluence,fluence,fluence,fluence,fluence,fluence,fluence,fluence(#/cm^2/MeV)
61421.50833333 0.000000 0.000000 0.000000 9.19058928e+013 4.78993571e+013 1.24831812e+013 1.69683015e+012 2.34349050e+011 5.39232890e+010 1.71198055e+010 6.45301529e+009 2.68577678e+009 1.12298320e+009 4.43057866e+008 1.66167818e+008 6.71528603e+007 2.75767499e+007 1.19006774e+007 5.65798303e+006 3.28969878e+006 2.21625418e+006 1.32586529e+006 7.35601297e+005 4.92680654e+005
61431.30833333 0.000000 0.000000 0.000000 9.58628386e+013 5.11286519e+013 1.36088852e+013 2.03951878e+012 2.92541221e+011 7.27088673e+010 2.48487408e+010 9.02405080e+009 3.29862094e+009 1.27687170e+009 4.89047674e+008 1.79897092e+008 7.14315105e+007 2.90034800e+007 1.24594147e+007 5.91434467e+006 3.43383219e+006 2.30505951e+006 1.37230593e+006 7.57025094e+005 5.05666128e+005
61441.10833333 0.000000 0.000000 0.000000 1.00648505e+014 5.50039558e+013 1.49686525e+013 2.45055852e+012 3.62372433e+011 9.54938964e+010 3.41569216e+010 1.21688767e+010 4.11711096e+009 1.48245356e+009 5.49429309e+008 1.97676031e+008 7.68695071e+007 3.07907611e+007 1.31591079e+007 6.23876735e+006 3.61642930e+006 2.41744246e+006 1.43121932e+006 7.84506691e+005 5.22634355e+005
61450.90833333 0.000000 0.000000 0.000000 1.23992214e+014 7.17710356e+013 1.96905519e+013 2.92930698e+012 4.44068613e+011 1.31562378e+011 5.11210761e+010 1.70271190e+010 4.71424626e+009 1.54664772e+009 5.59543380e+008 1.99620703e+008 7.72844361e+007 3.08880067e+007 1.31886945e+007 6.24836543e+006 3.62022668e+006 2.41901455e+006 1.43178191e+006 7.84669157e+005 5.22704481e+005
61460.70833333 0.000000 0.000000 0.000000 1.31372945e+014 7.63455339e+013 2.10367209e+013 3.17070165e+012 4.80186999e+011 1.42375141e+011 5.48829824e+010 1.81941860e+010 5.02532140e+009 1.61921315e+009 5.76031606e+008 2.03143409e+008 7.81176867e+007 3.11009716e+007 1.32587027e+007 6.27429756e+006 3.63224928e+006 2.42514371e+006 1.43427953e+006 7.85365183e+005 5.22980810e+005
61470.50833333 0.000000 0.000000 0.000000 1.31372945e+014 7.63455339e+013 2.10367209e+013 3.17070165e+012 4.80186999e+011 1.42375141e+011 5.48829824e+010 1.81941860e+010 5.02532140e+009 1.61921315e+009 5.76031606e+008 2.03143409e+008 7.81176867e+007 3.11009716e+007 1.32587027e+007 6.27429756e+006 3.63224928e+006 2.42514371e+006 1.43427953e+006 7.85365183e+005 5.22980810e+005
61480.30833333 0.000000 0.000000 0.000000 1.38858829e+014 8.26972481e+013 2.29491659e+013 3.35730052e+012 5.22301677e+011 1.60981811e+011 6.32155601e+010 2.06622652e+010 5.53111488e+009 1.74797749e+009 6.17934252e+008 2.17635262e+008 8.31390553e+007 3.27315981e+007 1.38229287e+007 6.48417702e+006 3.73024451e+006 2.47816424e+006 1.45991550e+006 7.95605112e+005 5.28058221e+005
61490.10833333 0.000000 0.000000 0.000000 1.64243588e+014 1.02714820e+014 2.90590812e+013 5.03421954e+012 1.01110379e+012 3.99068659e+011 1.87583446e+011 6.71876963e+010 1.87965949e+010 5.34161432e+009 1.76869430e+009 6.25766911e+008 2.31078344e+008 8.39847523e+007 3.15975735e+007 1.39202944e+007 7.87576643e+006 5.32891816e+006 3.19943562e+006 1.72895624e+006 1.14550154e+006
61499.90833333 0.000000 0.000000 0.000000 1.90709536e+014 1.17112263e+014 3.21994017e+013 5.10170778e+012 1.01311050e+012 3.99468155e+011 1.87644241e+011 6.71901444e+010 1.87967324e+010 5.34164635e+009 1.76870045e+009 6.25768177e+008 2.31078844e+008 8.39849828e+007 3.15977129e+007 1.39203712e+007 7.87582520e+006 5.32897125e+006 3.19947124e+006 1.72898942e+006 1.14552902e+006
61509.70833333 0.000000 0.000000 0.000000 1.91189376e+014 1.17392906e+014 3.22488036e+013 5.10219596e+012 1.01311155e+012 3.99468177e+011 1.87644243e+011 6.71901450e+010 1.87967328e+010 5.34164659e+009 1.76870061e+009 6.25768284e+008 2.31078920e+008 8.39850318e+007 3.15977422e+007 1.39203843e+007 7.87583389e+006 5.32897900e+006 3.19947604e+006 1.72899370e+006 1.14553100e+006
61519.50833333 0.000000 0.000000 0.000000 1.94592816e+014 1.21172700e+014 3.38744314e+013 5.57504277e+012 1.10152946e+012 4.28206062e+011 1.99561967e+011 7.23049226e+010 2.00940038e+010 5.56659786e+009 1.81474571e+009 6.37071353e+008 2.34551258e+008 8.52347965e+007 3.21568694e+007 1.42078502e+007 8.05276870e+006 5.44837815e+006 3.26668236e+006 1.76131803e+006 1.16410857e+006
61529.30833333 0.000000 0.000000 0.000000 2.36044908e+014 1.54658352e+014 4.32739975e+013 7.45730805e+012 1.41920895e+012 5.54871029e+011 2.56133693e+011 9.17398351e+010 2.45730957e+010 6.39871700e+009 1.99169530e+009 6.83495376e+008 2.48596612e+008 8.98507087e+007 3.39400859e+007 1.50331426e+007 8.51196594e+006 5.72639948e+006 3.40778858e+006 1.81667832e+006 1.19237819e+006
61531.10244374 0.000000 0.000000 0.000000 2.36044908e+014 1.54658352e+014 4.32739975e+013 7.45730805e+012 1.41920895e+012 5.54871029e+011 2.56133693e+011 9.17398351e+010 2.45730957e+010 6.39871700e+009 1.99169530e+009 6.83495376e+008 2.48596612e+008 8.98507087e+007 3.39400859e+007 1.50331426e+007 8.51196594e+006 5.72639948e+006 3.40778858e+006 1.81667832e+006 1.19237819e+006
