# Ae9Ap9 Model output file: MoonBEAM_trajectory_trade/Rp30408_22N.AP9.output_mc_fluenceIntv_090.txt
# Ae9Ap9 Software Version:  1.50.001
#
# Model type:               AP9
# Particle species:         H+
# Flux type:                1PtDiff
# Flux direction:           Omnidirectional
# Energy levels (MeV):       0.1 0.2 0.4 0.6 0.8 1 2 4 6 8 10 15 20 30 50 60 80 100 150 200 300 400 700 1200 2000
#
# Accumulation mode:        Interval, length = 846720 seconds (9.8 days)
#
# Time format:              Modified Julian Date
# Coordinate system:        GEI (Geocentric Equatorial Inertial) Cartesian in km
# Data Delimiter:           space
#
# datetime(mjd),posx(km),posy(km),posz(km),fluence,fluence,fluence,fluence,fluence,fluence,fluence,fluence,fluence,fluence,fluence,fluence,fluence,fluence,fluence,fluence,fluence,fluence,fluence,fluence,fluence,fluence,fluence,fluence,fluence(#/cm^2/MeV)
61421.50833333 0.000000 0.000000 0.000000 3.54723629e+012 1.45626568e+012 5.36279386e+011 2.70687941e+011 1.61204603e+011 4.38873097e+010 9.43292854e+009 1.42620992e+009 2.97782588e+008 1.17688906e+008 5.12727685e+007 2.09321395e+007 6.79264457e+006 2.47710873e+006 1.21415710e+006 7.52377815e+005 5.42473252e+005 3.16911970e+005 1.63188236e+005 6.10191694e+004 2.05277110e+004 1.60678218e+003 5.89634241e+001 1.06292723e+000 2.00782536e-002
61431.30833333 0.000000 0.000000 0.000000 3.92338432e+012 1.61576605e+012 5.76050056e+011 2.80620814e+011 1.64651312e+011 4.45146457e+010 9.45971689e+009 1.42635047e+009 2.97783473e+008 1.17688918e+008 5.12727685e+007 2.09321395e+007 6.79264457e+006 2.47710873e+006 1.21415710e+006 7.52377815e+005 5.42473252e+005 3.16911970e+005 1.63188236e+005 6.10191694e+004 2.05277110e+004 1.60678218e+003 5.89634241e+001 1.06292723e+000 2.00782536e-002
61441.10833333 0.000000 0.000000 0.000000 4.41303181e+012 1.82610681e+012 6.30049380e+011 2.94375115e+011 1.69464222e+011 4.53903916e+010 9.49747901e+009 1.42654219e+009 2.97784654e+008 1.17688935e+008 5.12727685e+007 2.09321395e+007 6.79264457e+006 2.47710873e+006 1.21415710e+006 7.52377815e+005 5.42473252e+005 3.16911970e+005 1.63188236e+005 6.10191694e+004 2.05277110e+004 1.60678218e+003 5.89634241e+001 1.06292723e+000 2.00782536e-002
61450.90833333 0.000000 0.000000 0.000000 4.99130458e+012 2.11160303e+012 7.47707658e+011 3.33037747e+011 1.84472742e+011 4.76691425e+010 9.61169863e+009 1.42756244e+009 2.97793474e+008 1.17689153e+008 5.12727805e+007 2.09321395e+007 6.79264457e+006 2.47710873e+006 1.21415710e+006 7.52377815e+005 5.42473252e+005 3.16911970e+005 1.63188236e+005 6.10191694e+004 2.05277110e+004 1.60678218e+003 5.89634241e+001 1.06292723e+000 2.00782536e-002
61460.70833333 0.000000 0.000000 0.000000 6.09634679e+012 2.75672444e+012 9.65787096e+011 3.92117450e+011 2.05358146e+011 5.08917548e+010 9.77791409e+009 1.42839442e+009 2.97799117e+008 1.17689263e+008 5.12727850e+007 2.09321395e+007 6.79264457e+006 2.47710873e+006 1.21415710e+006 7.52377815e+005 5.42473252e+005 3.16911970e+005 1.63188236e+005 6.10191694e+004 2.05277110e+004 1.60678218e+003 5.89634241e+001 1.06292723e+000 2.00782536e-002
61470.50833333 0.000000 0.000000 0.000000 6.09634679e+012 2.75672444e+012 9.65787096e+011 3.92117450e+011 2.05358146e+011 5.08917548e+010 9.77791409e+009 1.42839442e+009 2.97799117e+008 1.17689263e+008 5.12727850e+007 2.09321395e+007 6.79264457e+006 2.47710873e+006 1.21415710e+006 7.52377815e+005 5.42473252e+005 3.16911970e+005 1.63188236e+005 6.10191694e+004 2.05277110e+004 1.60678218e+003 5.89634241e+001 1.06292723e+000 2.00782536e-002
61480.30833333 0.000000 0.000000 0.000000 6.65405195e+012 2.99481227e+012 1.04970525e+012 4.20364554e+011 2.16182164e+011 5.22909679e+010 9.84204639e+009 1.42930206e+009 2.97812379e+008 1.17689820e+008 5.12728283e+007 2.09321395e+007 6.79264457e+006 2.47710873e+006 1.21415710e+006 7.52377815e+005 5.42473252e+005 3.16911970e+005 1.63188236e+005 6.10191694e+004 2.05277110e+004 1.60678218e+003 5.89634241e+001 1.06292723e+000 2.00782536e-002
61490.10833333 0.000000 0.000000 0.000000 7.92429538e+012 3.49659464e+012 1.14597681e+012 4.40856727e+011 2.22589043e+011 5.32038063e+010 9.88733433e+009 1.42951793e+009 2.97814001e+008 1.17689861e+008 5.12728304e+007 2.09321395e+007 6.79264457e+006 2.47710873e+006 1.21415710e+006 7.52377815e+005 5.42473252e+005 3.16911970e+005 1.63188236e+005 6.10191694e+004 2.05277110e+004 1.60678218e+003 5.89634241e+001 1.06292723e+000 2.00782536e-002
61499.90833333 0.000000 0.000000 0.000000 9.93962690e+012 4.26091419e+012 1.27496203e+012 4.66109578e+011 2.29890689e+011 5.41196188e+010 9.92252457e+009 1.42971667e+009 2.97815734e+008 1.17689912e+008 5.12728335e+007 2.09321395e+007 6.79264457e+006 2.47710873e+006 1.21415710e+006 7.52377815e+005 5.42473252e+005 3.16911970e+005 1.63188236e+005 6.10191694e+004 2.05277110e+004 1.60678218e+003 5.89634241e+001 1.06292723e+000 2.00782536e-002
61509.70833333 0.000000 0.000000 0.000000 9.93982401e+012 4.26096784e+012 1.27496861e+012 4.66110861e+011 2.29891141e+011 5.41196787e+010 9.92252527e+009 1.42971668e+009 2.97815734e+008 1.17689912e+008 5.12728335e+007 2.09321395e+007 6.79264457e+006 2.47710873e+006 1.21415710e+006 7.52377815e+005 5.42473252e+005 3.16911970e+005 1.63188236e+005 6.10191694e+004 2.05277110e+004 1.60678218e+003 5.89634241e+001 1.06292723e+000 2.00782536e-002
61519.50833333 0.000000 0.000000 0.000000 1.02773671e+013 4.36998034e+012 1.29458229e+012 4.70404652e+011 2.31398502e+011 5.44563442e+010 9.94514579e+009 1.42986215e+009 2.97816546e+008 1.17689922e+008 5.12728335e+007 2.09321395e+007 6.79264457e+006 2.47710873e+006 1.21415710e+006 7.52377815e+005 5.42473252e+005 3.16911970e+005 1.63188236e+005 6.10191694e+004 2.05277110e+004 1.60678218e+003 5.89634241e+001 1.06292723e+000 2.00782536e-002
61529.30833333 0.000000 0.000000 0.000000 1.09655924e+013 4.64183769e+012 1.34844498e+012 4.82033424e+011 2.35216046e+011 5.52472451e+010 9.98439594e+009 1.43010660e+009 2.97817735e+008 1.17689933e+008 5.12728335e+007 2.09321395e+007 6.79264457e+006 2.47710873e+006 1.21415710e+006 7.52377815e+005 5.42473252e+005 3.16911970e+005 1.63188236e+005 6.10191694e+004 2.05277110e+004 1.60678218e+003 5.89634241e+001 1.06292723e+000 2.00782536e-002
61531.10244374 0.000000 0.000000 0.000000 1.09655924e+013 4.64183769e+012 1.34844498e+012 4.82033424e+011 2.35216046e+011 5.52472451e+010 9.98439594e+009 1.43010660e+009 2.97817735e+008 1.17689933e+008 5.12728335e+007 2.09321395e+007 6.79264457e+006 2.47710873e+006 1.21415710e+006 7.52377815e+005 5.42473252e+005 3.16911970e+005 1.63188236e+005 6.10191694e+004 2.05277110e+004 1.60678218e+003 5.89634241e+001 1.06292723e+000 2.00782536e-002
