# Ae9Ap9 Model output file: MoonBEAM_trajectory_trade/Rp30408_22N.AP9.output_mc_fluenceIntv_070.txt
# Ae9Ap9 Software Version:  1.50.001
#
# Model type:               AP9
# Particle species:         H+
# Flux type:                1PtDiff
# Flux direction:           Omnidirectional
# Energy levels (MeV):       0.1 0.2 0.4 0.6 0.8 1 2 4 6 8 10 15 20 30 50 60 80 100 150 200 300 400 700 1200 2000
#
# Accumulation mode:        Interval, length = 846720 seconds (9.8 days)
#
# Time format:              Modified Julian Date
# Coordinate system:        GEI (Geocentric Equatorial Inertial) Cartesian in km
# Data Delimiter:           space
#
# datetime(mjd),posx(km),posy(km),posz(km),fluence,fluence,fluence,fluence,fluence,fluence,fluence,fluence,fluence,fluence,fluence,fluence,fluence,fluence,fluence,fluence,fluence,fluence,fluence,fluence,fluence,fluence,fluence,fluence,fluence(#/cm^2/MeV)
61421.50833333 0.000000 0.000000 0.000000 4.00135399e+012 2.30943855e+012 1.10067882e+012 5.14473095e+011 2.52716682e+011 5.49998088e+010 6.04996876e+009 9.25238295e+008 2.68408081e+008 1.16582854e+008 4.72909407e+007 1.88006113e+007 6.33980367e+006 2.57157527e+006 1.40182363e+006 8.97118968e+005 6.66239769e+005 3.73222688e+005 1.87439497e+005 7.16932938e+004 2.62622605e+004 3.41915572e+003 2.30495222e+002 5.22203431e+000 7.64797250e-002
61431.30833333 0.000000 0.000000 0.000000 4.23160219e+012 2.38478363e+012 1.11565590e+012 5.17619655e+011 2.53612297e+011 5.51262569e+010 6.05770229e+009 9.25304238e+008 2.68408464e+008 1.16582861e+008 4.72909407e+007 1.88006113e+007 6.33980367e+006 2.57157527e+006 1.40182363e+006 8.97118968e+005 6.66239769e+005 3.73222688e+005 1.87439497e+005 7.16932938e+004 2.62622605e+004 3.41915572e+003 2.30495222e+002 5.22203431e+000 7.64797250e-002
61441.10833333 0.000000 0.000000 0.000000 4.53270995e+012 2.48455760e+012 1.13587388e+012 5.21936746e+011 2.54851438e+011 5.52997590e+010 6.06824438e+009 9.25393825e+008 2.68408997e+008 1.16582871e+008 4.72909407e+007 1.88006113e+007 6.33980367e+006 2.57157527e+006 1.40182363e+006 8.97118968e+005 6.66239769e+005 3.73222688e+005 1.87439497e+005 7.16932938e+004 2.62622605e+004 3.41915572e+003 2.30495222e+002 5.22203431e+000 7.64797250e-002
61450.90833333 0.000000 0.000000 0.000000 4.83341175e+012 2.61827841e+012 1.19088982e+012 5.38978361e+011 2.60629875e+011 5.59427090e+010 6.10893914e+009 9.26496602e+008 2.68421629e+008 1.16583234e+008 4.72909631e+007 1.88006113e+007 6.33980367e+006 2.57157527e+006 1.40182363e+006 8.97118968e+005 6.66239769e+005 3.73222688e+005 1.87439497e+005 7.16932938e+004 2.62622605e+004 3.41915572e+003 2.30495222e+002 5.22203431e+000 7.64797250e-002
61460.70833333 0.000000 0.000000 0.000000 5.30608782e+012 2.78341979e+012 1.23446164e+012 5.50199621e+011 2.64126973e+011 5.63490317e+010 6.13224842e+009 9.26783220e+008 2.68424080e+008 1.16583290e+008 4.72909656e+007 1.88006113e+007 6.33980367e+006 2.57157527e+006 1.40182363e+006 8.97118968e+005 6.66239769e+005 3.73222688e+005 1.87439497e+005 7.16932938e+004 2.62622605e+004 3.41915572e+003 2.30495222e+002 5.22203431e+000 7.64797250e-002
61470.50833333 0.000000 0.000000 0.000000 5.30608782e+012 2.78341979e+012 1.23446164e+012 5.50199621e+011 2.64126973e+011 5.63490317e+010 6.13224842e+009 9.26783220e+008 2.68424080e+008 1.16583290e+008 4.72909656e+007 1.88006113e+007 6.33980367e+006 2.57157527e+006 1.40182363e+006 8.97118968e+005 6.66239769e+005 3.73222688e+005 1.87439497e+005 7.16932938e+004 2.62622605e+004 3.41915572e+003 2.30495222e+002 5.22203431e+000 7.64797250e-002
61480.30833333 0.000000 0.000000 0.000000 6.25778424e+012 3.11175759e+012 1.30930253e+012 5.70154052e+011 2.70670523e+011 5.69962807e+010 6.15881619e+009 9.27073869e+008 2.68427117e+008 1.16583404e+008 4.72909735e+007 1.88006113e+007 6.33980367e+006 2.57157527e+006 1.40182363e+006 8.97118968e+005 6.66239769e+005 3.73222688e+005 1.87439497e+005 7.16932938e+004 2.62622605e+004 3.41915572e+003 2.30495222e+002 5.22203431e+000 7.64797250e-002
61490.10833333 0.000000 0.000000 0.000000 7.11919340e+012 3.39574008e+012 1.36583257e+012 5.82119324e+011 2.73914433e+011 5.73324498e+010 6.17681628e+009 9.27248514e+008 2.68428391e+008 1.16583436e+008 4.72909752e+007 1.88006113e+007 6.33980367e+006 2.57157527e+006 1.40182363e+006 8.97118968e+005 6.66239769e+005 3.73222688e+005 1.87439497e+005 7.16932938e+004 2.62622605e+004 3.41915572e+003 2.30495222e+002 5.22203431e+000 7.64797250e-002
61499.90833333 0.000000 0.000000 0.000000 8.42772261e+012 3.80512782e+012 1.43030171e+012 5.94130802e+011 2.76832204e+011 5.75896772e+010 6.18579830e+009 9.27319933e+008 2.68428953e+008 1.16583452e+008 4.72909761e+007 1.88006113e+007 6.33980367e+006 2.57157527e+006 1.40182363e+006 8.97118968e+005 6.66239769e+005 3.73222688e+005 1.87439497e+005 7.16932938e+004 2.62622605e+004 3.41915572e+003 2.30495222e+002 5.22203431e+000 7.64797250e-002
61509.70833333 0.000000 0.000000 0.000000 8.42784678e+012 3.80516237e+012 1.43030628e+012 5.94131683e+011 2.76832496e+011 5.75897199e+010 6.18579861e+009 9.27319934e+008 2.68428953e+008 1.16583452e+008 4.72909761e+007 1.88006113e+007 6.33980367e+006 2.57157527e+006 1.40182363e+006 8.97118968e+005 6.66239769e+005 3.73222688e+005 1.87439497e+005 7.16932938e+004 2.62622605e+004 3.41915572e+003 2.30495222e+002 5.22203431e+000 7.64797250e-002
61519.50833333 0.000000 0.000000 0.000000 8.94690986e+012 3.94455276e+012 1.45468210e+012 5.99273391e+011 2.78447644e+011 5.78734688e+010 6.20458270e+009 9.27449848e+008 2.68429614e+008 1.16583461e+008 4.72909761e+007 1.88006113e+007 6.33980367e+006 2.57157527e+006 1.40182363e+006 8.97118968e+005 6.66239769e+005 3.73222688e+005 1.87439497e+005 7.16932938e+004 2.62622605e+004 3.41915572e+003 2.30495222e+002 5.22203431e+000 7.64797250e-002
61529.30833333 0.000000 0.000000 0.000000 9.38725281e+012 4.06600838e+012 1.47421110e+012 6.03036138e+011 2.79535235e+011 5.80623992e+010 6.21517079e+009 9.27518258e+008 2.68429983e+008 1.16583466e+008 4.72909761e+007 1.88006113e+007 6.33980367e+006 2.57157527e+006 1.40182363e+006 8.97118968e+005 6.66239769e+005 3.73222688e+005 1.87439497e+005 7.16932938e+004 2.62622605e+004 3.41915572e+003 2.30495222e+002 5.22203431e+000 7.64797250e-002
61531.10244374 0.000000 0.000000 0.000000 9.38725281e+012 4.06600838e+012 1.47421110e+012 6.03036138e+011 2.79535235e+011 5.80623992e+010 6.21517079e+009 9.27518258e+008 2.68429983e+008 1.16583466e+008 4.72909761e+007 1.88006113e+007 6.33980367e+006 2.57157527e+006 1.40182363e+006 8.97118968e+005 6.66239769e+005 3.73222688e+005 1.87439497e+005 7.16932938e+004 2.62622605e+004 3.41915572e+003 2.30495222e+002 5.22203431e+000 7.64797250e-002
