# Ae9Ap9 Model output file: MoonBEAM_trajectory_trade/Rp30408_22N.AE9.output_mc_fluxIntvAvg_069.txt
# Ae9Ap9 Software Version:  1.50.001
#
# Model type:               AE9
# Particle species:         e-
# Flux type:                1PtDiff
# Flux direction:           Omnidirectional
# Energy levels (MeV):       0.04 0.07 0.1 0.25 0.5 0.75 1 1.5 2 2.5 3 3.5 4 4.5 5 5.5 6 6.5 7 8.5 10
#
# Accumulation mode:        Interval, length = 846720 seconds (9.8 days)
#
# Time format:              Modified Julian Date
# Coordinate system:        GEI (Geocentric Equatorial Inertial) Cartesian in km
# Data Delimiter:           space
#
# datetime(mjd),posx(km),posy(km),posz(km),flux,flux,flux,flux,flux,flux,flux,flux,flux,flux,flux,flux,flux,flux,flux,flux,flux,flux,flux,flux,flux(#/cm^2/s/MeV)
61421.50833333 0.000000 0.000000 0.000000 7.73878751e+007 5.37279999e+007 1.78349683e+007 3.22519083e+006 6.11213411e+005 1.89286118e+005 7.69133781e+004 2.22079649e+004 3.25139030e+003 4.06155802e+002 7.26475226e+001 1.85689636e+001 6.61120278e+000 2.88021603e+000 1.44981482e+000 7.95645171e-001 4.79361825e-001 3.10584215e-001 1.62317421e-001 7.30278103e-002 4.35045693e-002
61431.30833333 0.000000 0.000000 0.000000 2.94352751e+005 1.66128356e+005 5.89255957e+004 4.33756904e+004 1.65298435e+004 6.16068437e+003 2.27762359e+003 5.62460312e+002 1.25303611e+002 3.89003590e+001 1.73493878e+001 8.13924740e+000 4.07038896e+000 2.27024385e+000 1.27313472e+000 7.42980309e-001 4.36034880e-001 2.84478594e-001 1.51035080e-001 7.22081263e-002 4.38209634e-002
61441.10833333 0.000000 0.000000 0.000000 3.60115317e+005 2.03026516e+005 7.28191195e+004 5.25365656e+004 1.94656321e+004 7.37068929e+003 2.78979631e+003 6.95723197e+002 1.54529749e+002 4.77387749e+001 2.22598902e+001 1.06067225e+001 5.23456713e+000 2.87259847e+000 1.61293522e+000 9.50587747e-001 5.66310077e-001 3.70229822e-001 1.96975568e-001 9.45647314e-002 5.74387869e-002
61450.90833333 0.000000 0.000000 0.000000 2.58559222e+005 4.23339800e+005 2.24618501e+005 3.79244865e+004 1.34489191e+004 5.12336527e+003 2.00129160e+003 5.01222543e+002 6.32376025e+001 8.97505048e+000 2.02026421e+000 5.33325612e-001 1.82169161e-001 8.39877046e-002 5.28304011e-002 3.74206519e-002 2.63915536e-002 1.77571730e-002 9.53112532e-003 5.04460270e-003 3.62712676e-003
61460.70833333 0.000000 0.000000 0.000000 1.87578076e+006 1.49448485e+006 5.55368128e+005 2.15927108e+005 1.13476464e+005 6.69795942e+004 3.06222331e+004 8.83803494e+003 1.72993927e+003 3.43676807e+002 8.77338110e+001 2.74197429e+001 9.26689665e+000 3.60102699e+000 1.53485113e+000 7.36277934e-001 3.68309654e-001 2.00899670e-001 8.98989681e-002 2.89962187e-002 1.27861403e-002
61470.50833333 0.000000 0.000000 0.000000 0.00000000e+000 0.00000000e+000 0.00000000e+000 0.00000000e+000 0.00000000e+000 0.00000000e+000 0.00000000e+000 0.00000000e+000 0.00000000e+000 0.00000000e+000 0.00000000e+000 0.00000000e+000 0.00000000e+000 0.00000000e+000 0.00000000e+000 0.00000000e+000 0.00000000e+000 0.00000000e+000 0.00000000e+000 0.00000000e+000 0.00000000e+000
61480.30833333 0.000000 0.000000 0.000000 2.61557077e+006 2.27093783e+006 1.03409847e+006 2.29830250e+005 2.52457091e+004 5.99188502e+003 1.80946321e+003 2.27062259e+002 6.48889171e+000 4.56805025e-001 1.58617122e-001 1.01816056e-001 7.94406309e-002 5.80234796e-002 4.54454963e-002 3.40632250e-002 2.63387715e-002 1.94563133e-002 1.12773615e-002 4.93150010e-003 2.53138709e-003
61490.10833333 0.000000 0.000000 0.000000 1.33236113e+006 7.99714395e+005 3.40773736e+005 1.70517514e+005 4.57629516e+004 1.28044774e+004 3.61432282e+003 5.36880988e+002 5.42288609e+001 9.27614352e+000 3.28541549e+000 1.40036088e+000 7.02141388e-001 3.92351760e-001 2.45901350e-001 1.54195299e-001 9.83860942e-002 6.41011249e-002 3.41495884e-002 1.61056152e-002 9.53763719e-003
61499.90833333 0.000000 0.000000 0.000000 2.31552900e+006 2.03225434e+006 9.73275779e+005 4.29482159e+005 1.21272412e+005 4.31732307e+004 1.81301359e+004 6.19745663e+003 1.39354013e+003 2.97388783e+002 8.77208684e+001 3.31695753e+001 1.37495981e+001 6.46431184e+000 3.13150024e+000 1.65707870e+000 9.04177156e-001 5.60170519e-001 2.85058388e-001 1.28707218e-001 7.72832177e-002
61509.70833333 0.000000 0.000000 0.000000 5.24020307e+004 4.73108785e+004 1.47226755e+004 2.30524131e+003 1.21014081e+002 1.12326368e+001 2.36106381e+000 5.01711894e-001 1.23489091e-001 4.21191988e-002 2.01178390e-002 1.09020650e-002 6.19821950e-003 3.39596807e-003 1.91953520e-003 1.13932279e-003 7.48487195e-004 5.21321591e-004 2.75414521e-004 1.04793863e-004 4.48865565e-005
61519.50833333 0.000000 0.000000 0.000000 1.27498969e+007 7.40190034e+006 2.02146355e+006 2.61766508e+005 6.18157564e+004 2.05770277e+004 5.38998807e+003 5.36241551e+002 7.46208454e+001 3.01178041e+001 1.87384941e+001 9.87754849e+000 4.90701559e+000 2.58995444e+000 1.39977469e+000 7.93060882e-001 4.52030931e-001 2.71107480e-001 1.33385617e-001 5.38489281e-002 3.05522878e-002
61529.30833333 0.000000 0.000000 0.000000 1.57142460e+007 1.27822668e+007 4.56809966e+006 1.26511426e+006 3.49707663e+005 1.48511730e+005 6.31138136e+004 2.18273353e+004 6.00920272e+003 1.52128485e+003 4.47018432e+002 1.68392733e+002 6.93581004e+001 3.03884391e+001 1.31476680e+001 6.49647837e+000 3.50364099e+000 2.20116540e+000 1.14806547e+000 5.08474101e-001 3.03941285e-001
61531.10244374 0.000000 0.000000 0.000000 0.00000000e+000 0.00000000e+000 0.00000000e+000 0.00000000e+000 0.00000000e+000 0.00000000e+000 0.00000000e+000 0.00000000e+000 0.00000000e+000 0.00000000e+000 0.00000000e+000 0.00000000e+000 0.00000000e+000 0.00000000e+000 0.00000000e+000 0.00000000e+000 0.00000000e+000 0.00000000e+000 0.00000000e+000 0.00000000e+000 0.00000000e+000
