# Ae9Ap9 Model output file: MoonBEAM_trajectory_trade/Rp30408_22N.AE9.output_mc_fluxIntvAvg_024.txt
# Ae9Ap9 Software Version:  1.50.001
#
# Model type:               AE9
# Particle species:         e-
# Flux type:                1PtDiff
# Flux direction:           Omnidirectional
# Energy levels (MeV):       0.04 0.07 0.1 0.25 0.5 0.75 1 1.5 2 2.5 3 3.5 4 4.5 5 5.5 6 6.5 7 8.5 10
#
# Accumulation mode:        Interval, length = 846720 seconds (9.8 days)
#
# Time format:              Modified Julian Date
# Coordinate system:        GEI (Geocentric Equatorial Inertial) Cartesian in km
# Data Delimiter:           space
#
# datetime(mjd),posx(km),posy(km),posz(km),flux,flux,flux,flux,flux,flux,flux,flux,flux,flux,flux,flux,flux,flux,flux,flux,flux,flux,flux,flux,flux(#/cm^2/s/MeV)
61421.50833333 0.000000 0.000000 0.000000 1.94463858e+007 1.63418574e+007 6.06502233e+006 1.44778891e+006 4.22849493e+005 1.63020424e+005 7.75148463e+004 4.06435391e+004 2.08516739e+004 9.05032784e+003 3.87943180e+003 1.63890937e+003 7.03991004e+002 3.06661779e+002 1.28757459e+002 6.16099267e+001 3.54149885e+001 2.43235300e+001 1.44486488e+001 7.58613041e+000 5.11989458e+000
61431.30833333 0.000000 0.000000 0.000000 7.71131176e+005 5.46499858e+005 1.96455884e+005 5.73839068e+004 1.66424564e+004 5.86216319e+003 2.04107397e+003 6.87533312e+002 2.65110688e+002 9.97361617e+001 3.71291408e+001 1.29819808e+001 4.36786533e+000 1.43203311e+000 5.38532424e-001 2.55004571e-001 1.49651024e-001 9.94640217e-002 5.86013294e-002 2.95343572e-002 1.86089068e-002
61441.10833333 0.000000 0.000000 0.000000 9.65231108e+005 6.70752168e+005 2.35554807e+005 7.28999510e+004 2.12736191e+004 7.67672188e+003 2.73378965e+003 9.36950455e+002 3.52843593e+002 1.34627976e+002 5.14876074e+001 1.82248351e+001 6.20134057e+000 2.06830702e+000 7.94376813e-001 3.84884335e-001 2.28047874e-001 1.52287618e-001 8.88230464e-002 4.36363708e-002 2.73688869e-002
61450.90833333 0.000000 0.000000 0.000000 1.39526897e+007 1.02199913e+007 3.59944494e+006 7.97787152e+005 1.44342371e+005 4.56822624e+004 1.85032557e+004 5.77216463e+003 1.31269332e+003 3.13673731e+002 1.00442258e+002 3.59112488e+001 1.36025168e+001 5.22181457e+000 2.11818626e+000 9.85753311e-001 5.67179572e-001 3.87860680e-001 2.34892823e-001 1.25863189e-001 8.16806215e-002
61460.70833333 0.000000 0.000000 0.000000 3.43793467e+006 2.86774825e+006 1.00145721e+006 1.66029793e+005 4.74827776e+004 2.06840022e+004 9.45674159e+003 3.29137886e+003 8.65536667e+002 2.51521099e+002 7.91541195e+001 2.49522340e+001 7.84228302e+000 2.50736475e+000 8.90915624e-001 3.83307886e-001 2.10949948e-001 1.38828959e-001 8.23695277e-002 4.20367168e-002 2.64339997e-002
61470.50833333 0.000000 0.000000 0.000000 0.00000000e+000 0.00000000e+000 0.00000000e+000 0.00000000e+000 0.00000000e+000 0.00000000e+000 0.00000000e+000 0.00000000e+000 0.00000000e+000 0.00000000e+000 0.00000000e+000 0.00000000e+000 0.00000000e+000 0.00000000e+000 0.00000000e+000 0.00000000e+000 0.00000000e+000 0.00000000e+000 0.00000000e+000 0.00000000e+000 0.00000000e+000
61480.30833333 0.000000 0.000000 0.000000 1.61622772e+006 9.63817997e+005 2.82882372e+005 2.75231807e+004 4.09195363e+003 1.03300319e+003 3.93836506e+002 2.35932016e+002 1.09305745e+002 3.25903196e+001 9.45609151e+000 3.13442870e+000 1.13505056e+000 4.14022837e-001 1.59284759e-001 6.51063947e-002 3.28689870e-002 2.01879979e-002 1.24758623e-002 7.94134227e-003 6.27614020e-003
61490.10833333 0.000000 0.000000 0.000000 2.06465890e+006 1.58645527e+006 5.86173033e+005 3.26909724e+005 1.23508932e+005 5.93374849e+004 3.12352824e+004 1.11800940e+004 2.63917366e+003 6.56832311e+002 2.26995624e+002 7.97791920e+001 2.97704424e+001 1.16931855e+001 4.81557852e+000 2.30870361e+000 1.35942636e+000 9.55166304e-001 5.81279937e-001 3.13023458e-001 2.01527867e-001
61499.90833333 0.000000 0.000000 0.000000 1.79377400e+006 1.39423221e+006 5.48303541e+005 2.09599468e+005 5.54183681e+004 2.10655881e+004 8.75518325e+003 2.99309264e+003 9.35876382e+002 2.77925810e+002 9.61468593e+001 3.43534179e+001 1.24763276e+001 4.52414399e+000 1.75031683e+000 7.86711830e-001 4.36910555e-001 2.83748606e-001 1.67691917e-001 9.05923962e-002 6.29896547e-002
61509.70833333 0.000000 0.000000 0.000000 2.60988517e+004 1.95611654e+004 5.58342116e+003 8.14925490e+002 9.13312273e+001 1.38873690e+001 4.10113719e+000 1.15349103e+000 4.45158536e-001 2.00244193e-001 1.05389240e-001 5.75186159e-002 3.41543190e-002 2.30937406e-002 1.50409044e-002 6.75060125e-003 3.80108252e-003 2.93611447e-003 1.84390414e-003 1.17052053e-003 6.22567090e-004
61519.50833333 0.000000 0.000000 0.000000 9.09322686e+006 4.24301117e+006 8.39375731e+005 4.75452647e+004 8.08351402e+003 2.64962551e+003 7.76147557e+002 1.28291590e+002 3.00379342e+001 1.89192775e+001 1.34895360e+001 6.47249828e+000 2.66553666e+000 1.05099506e+000 4.81677238e-001 2.73745340e-001 1.88290802e-001 1.41556973e-001 9.10048512e-002 5.12023316e-002 3.36037323e-002
61529.30833333 0.000000 0.000000 0.000000 3.61531202e+005 3.14794971e+005 1.28424304e+005 9.29294902e+004 5.96056604e+004 2.97036684e+004 1.42511454e+004 5.66730501e+003 1.83469639e+003 6.99778207e+002 3.06342819e+002 1.30982889e+002 5.68191416e+001 2.56376932e+001 1.21863225e+001 6.84486043e+000 4.39258302e+000 3.21032867e+000 1.99549485e+000 1.13137857e+000 7.43822192e-001
61531.10244374 0.000000 0.000000 0.000000 0.00000000e+000 0.00000000e+000 0.00000000e+000 0.00000000e+000 0.00000000e+000 0.00000000e+000 0.00000000e+000 0.00000000e+000 0.00000000e+000 0.00000000e+000 0.00000000e+000 0.00000000e+000 0.00000000e+000 0.00000000e+000 0.00000000e+000 0.00000000e+000 0.00000000e+000 0.00000000e+000 0.00000000e+000 0.00000000e+000 0.00000000e+000
