# Ae9Ap9 Model output file: MoonBEAM_trajectory_trade/Rp30408_22N.AE9.output_mc_fluenceIntv_056.txt
# Ae9Ap9 Software Version:  1.50.001
#
# Model type:               AE9
# Particle species:         e-
# Flux type:                1PtDiff
# Flux direction:           Omnidirectional
# Energy levels (MeV):       0.04 0.07 0.1 0.25 0.5 0.75 1 1.5 2 2.5 3 3.5 4 4.5 5 5.5 6 6.5 7 8.5 10
#
# Accumulation mode:        Interval, length = 846720 seconds (9.8 days)
#
# Time format:              Modified Julian Date
# Coordinate system:        GEI (Geocentric Equatorial Inertial) Cartesian in km
# Data Delimiter:           space
#
# datetime(mjd),posx(km),posy(km),posz(km),fluence,fluence,fluence,fluence,fluence,fluence,fluence,fluence,fluence,fluence,fluence,fluence,fluence,fluence,fluence,fluence,fluence,fluence,fluence,fluence,fluence(#/cm^2/MeV)
61421.50833333 0.000000 0.000000 0.000000 2.01072223e+014 1.47378947e+014 4.57512215e+013 9.49964542e+012 1.62265728e+012 5.19574430e+011 2.03731390e+011 6.79790887e+010 1.90999324e+010 4.94231126e+009 1.47666645e+009 5.35816894e+008 2.19133251e+008 9.10797625e+007 3.87721974e+007 1.85034814e+007 1.03323071e+007 6.54558894e+006 3.57107386e+006 1.48423536e+006 7.59745401e+005
61431.30833333 0.000000 0.000000 0.000000 2.01139022e+014 1.47448811e+014 4.57934271e+013 9.56029617e+012 1.66448718e+012 5.37590295e+011 2.10639663e+011 7.06167423e+010 2.03559506e+010 5.52263484e+009 1.72823110e+009 6.47049465e+008 2.65244529e+008 1.09166787e+008 4.57585849e+007 2.17085758e+007 1.20862613e+007 7.66900975e+006 4.19401722e+006 1.77371805e+006 9.38506067e+005
61441.10833333 0.000000 0.000000 0.000000 2.01262098e+014 1.47573128e+014 4.58619318e+013 9.63891937e+012 1.71356716e+012 5.59029068e+011 2.19003998e+011 7.37505916e+010 2.17782510e+010 6.20201292e+009 2.03712684e+009 7.85084240e+008 3.22097042e+008 1.31243195e+008 5.43736266e+007 2.57500140e+007 1.43533664e+007 9.13216144e+006 5.00354143e+006 2.14061439e+006 1.15908612e+006
61450.90833333 0.000000 0.000000 0.000000 2.07216087e+014 1.52031845e+014 4.75424388e+013 1.03234620e+013 1.90067354e+012 6.33481015e+011 2.49472471e+011 8.22188676e+010 2.36298465e+010 6.69585292e+009 2.22002183e+009 8.63912271e+008 3.56598049e+008 1.46168440e+008 6.08011364e+007 2.88050048e+007 1.60251689e+007 1.01819649e+007 5.56863929e+006 2.38492234e+006 1.29087627e+006
61460.70833333 0.000000 0.000000 0.000000 2.07929673e+014 1.52817963e+014 4.79991157e+013 1.08737878e+013 2.08027142e+012 7.00764855e+011 2.77841816e+011 9.18307596e+010 2.60605076e+010 7.35837716e+009 2.47263699e+009 9.76573728e+008 4.08301802e+008 1.69825785e+008 7.15905843e+007 3.43421472e+007 1.93124584e+007 1.24399921e+007 6.91740908e+006 3.11773719e+006 1.77523142e+006
61470.50833333 0.000000 0.000000 0.000000 2.07929673e+014 1.52817963e+014 4.79991157e+013 1.08737878e+013 2.08027142e+012 7.00764855e+011 2.77841816e+011 9.18307596e+010 2.60605076e+010 7.35837716e+009 2.47263699e+009 9.76573728e+008 4.08301802e+008 1.69825785e+008 7.15905843e+007 3.43421472e+007 1.93124584e+007 1.24399921e+007 6.91740908e+006 3.11773719e+006 1.77523142e+006
61480.30833333 0.000000 0.000000 0.000000 2.10482438e+014 1.54364452e+014 4.83857143e+013 1.08940714e+013 2.08830917e+012 7.04771215e+011 2.79388937e+011 9.23912491e+010 2.62587920e+010 7.41384342e+009 2.48795181e+009 9.81264765e+008 4.09855249e+008 1.70360982e+008 7.17954567e+007 3.44257172e+007 1.93500517e+007 1.24585293e+007 6.92564295e+006 3.12073943e+006 1.77675394e+006
61490.10833333 0.000000 0.000000 0.000000 2.21253687e+014 1.63173905e+014 5.17062016e+013 1.18422045e+013 2.26254927e+012 7.58447466e+011 2.99301308e+011 9.83041580e+010 2.74154932e+010 7.63648520e+009 2.54986399e+009 1.00381300e+009 4.18893738e+008 1.74117624e+008 7.34706872e+007 3.52526219e+007 1.98131020e+007 1.27454975e+007 7.07634293e+006 3.18710159e+006 1.81433853e+006
61499.90833333 0.000000 0.000000 0.000000 2.42919618e+014 1.76208475e+014 5.54977338e+013 1.21417553e+013 2.29651125e+012 7.66296302e+011 3.01039542e+011 9.84942826e+010 2.74316225e+010 7.63868930e+009 2.55040349e+009 1.00397111e+009 4.18951009e+008 1.74141208e+008 7.34828343e+007 3.52590476e+007 1.98167883e+007 1.27476214e+007 7.07731456e+006 3.18745937e+006 1.81451298e+006
61509.70833333 0.000000 0.000000 0.000000 2.43209396e+014 1.76402855e+014 5.55390702e+013 1.21446505e+013 2.29657395e+012 7.66299718e+011 3.01040127e+011 9.84943560e+010 2.74316292e+010 7.63869071e+009 2.55040407e+009 1.00397143e+009 4.18951213e+008 1.74141321e+008 7.34829027e+007 3.52590912e+007 1.98168237e+007 1.27476498e+007 7.07733046e+006 3.18746655e+006 1.81451620e+006
61519.50833333 0.000000 0.000000 0.000000 3.09775509e+014 2.16838761e+014 6.50814116e+013 1.33684961e+013 2.46321718e+012 8.21047007e+011 3.20294588e+011 1.03323286e+011 2.83058213e+010 7.80739942e+009 2.59764407e+009 1.02140556e+009 4.26041271e+008 1.77188931e+008 7.49032075e+007 3.59926068e+007 2.02352940e+007 1.30090654e+007 7.21490417e+006 3.25028875e+006 1.85108629e+006
61529.30833333 0.000000 0.000000 0.000000 3.31147449e+014 2.24588815e+014 6.62139202e+013 1.33739755e+013 2.46328299e+012 8.21054020e+011 3.20295032e+011 1.03323305e+011 2.83058277e+010 7.80740614e+009 2.59764876e+009 1.02140769e+009 4.26042171e+008 1.77189322e+008 7.49034119e+007 3.59927073e+007 2.02353405e+007 1.30090895e+007 7.21491589e+006 3.25030567e+006 1.85111646e+006
61531.10244374 0.000000 0.000000 0.000000 3.31147449e+014 2.24588815e+014 6.62139202e+013 1.33739755e+013 2.46328299e+012 8.21054020e+011 3.20295032e+011 1.03323305e+011 2.83058277e+010 7.80740614e+009 2.59764876e+009 1.02140769e+009 4.26042171e+008 1.77189322e+008 7.49034119e+007 3.59927073e+007 2.02353405e+007 1.30090895e+007 7.21491589e+006 3.25030567e+006 1.85111646e+006
