# Ae9Ap9 Model output file: MoonBEAM_trajectory_trade/Rp30408_22N.AP9.output_mc_fluenceIntv_023.txt
# Ae9Ap9 Software Version:  1.50.001
#
# Model type:               AP9
# Particle species:         H+
# Flux type:                1PtDiff
# Flux direction:           Omnidirectional
# Energy levels (MeV):       0.1 0.2 0.4 0.6 0.8 1 2 4 6 8 10 15 20 30 50 60 80 100 150 200 300 400 700 1200 2000
#
# Accumulation mode:        Interval, length = 846720 seconds (9.8 days)
#
# Time format:              Modified Julian Date
# Coordinate system:        GEI (Geocentric Equatorial Inertial) Cartesian in km
# Data Delimiter:           space
#
# datetime(mjd),posx(km),posy(km),posz(km),fluence,fluence,fluence,fluence,fluence,fluence,fluence,fluence,fluence,fluence,fluence,fluence,fluence,fluence,fluence,fluence,fluence,fluence,fluence,fluence,fluence,fluence,fluence,fluence,fluence(#/cm^2/MeV)
61421.50833333 0.000000 0.000000 0.000000 6.36747810e+012 2.94503710e+012 1.06287880e+012 4.52686227e+011 2.20873789e+011 5.27177674e+010 5.82365838e+009 7.47252456e+008 1.51767585e+008 5.53786837e+007 2.08798332e+007 7.61435468e+006 2.63076373e+006 1.11197177e+006 6.39856878e+005 4.31512173e+005 3.28821612e+005 1.86166151e+005 9.04894687e+004 3.02334756e+004 9.17298271e+003 7.04310862e+002 3.66650351e+001 8.03394509e-001 1.74851970e-002
61431.30833333 0.000000 0.000000 0.000000 6.66984962e+012 3.07486838e+012 1.09927843e+012 4.62789513e+011 2.24419584e+011 5.34507871e+010 5.85810125e+009 7.47662512e+008 1.51770493e+008 5.53787068e+007 2.08798332e+007 7.61435468e+006 2.63076373e+006 1.11197177e+006 6.39856878e+005 4.31512173e+005 3.28821612e+005 1.86166151e+005 9.04894687e+004 3.02334756e+004 9.17298271e+003 7.04310862e+002 3.66650351e+001 8.03394509e-001 1.74851970e-002
61441.10833333 0.000000 0.000000 0.000000 7.06070134e+012 3.24440612e+012 1.14721459e+012 4.76358477e+011 2.29247888e+011 5.44549630e+010 5.90545624e+009 7.48231960e+008 1.51774506e+008 5.53787389e+007 2.08798332e+007 7.61435468e+006 2.63076373e+006 1.11197177e+006 6.39856878e+005 4.31512173e+005 3.28821612e+005 1.86166151e+005 9.04894687e+004 3.02334756e+004 9.17298271e+003 7.04310862e+002 3.66650351e+001 8.03394509e-001 1.74851970e-002
61450.90833333 0.000000 0.000000 0.000000 9.00922057e+012 3.84824992e+012 1.22646517e+012 4.91352766e+011 2.33266532e+011 5.50512323e+010 5.93023369e+009 7.48563838e+008 1.51779679e+008 5.53788636e+007 2.08798383e+007 7.61435468e+006 2.63076373e+006 1.11197177e+006 6.39856878e+005 4.31512173e+005 3.28821612e+005 1.86166151e+005 9.04894687e+004 3.02334756e+004 9.17298271e+003 7.04310862e+002 3.66650351e+001 8.03394509e-001 1.74851970e-002
61460.70833333 0.000000 0.000000 0.000000 1.04627996e+013 4.42328962e+012 1.33311672e+012 5.12001202e+011 2.38600812e+011 5.58636235e+010 5.97435349e+009 7.49550719e+008 1.51793528e+008 5.53790983e+007 2.08798452e+007 7.61435468e+006 2.63076373e+006 1.11197177e+006 6.39856878e+005 4.31512173e+005 3.28821612e+005 1.86166151e+005 9.04894687e+004 3.02334756e+004 9.17298271e+003 7.04310862e+002 3.66650351e+001 8.03394509e-001 1.74851970e-002
61470.50833333 0.000000 0.000000 0.000000 1.04627996e+013 4.42328962e+012 1.33311672e+012 5.12001202e+011 2.38600812e+011 5.58636235e+010 5.97435349e+009 7.49550719e+008 1.51793528e+008 5.53790983e+007 2.08798452e+007 7.61435468e+006 2.63076373e+006 1.11197177e+006 6.39856878e+005 4.31512173e+005 3.28821612e+005 1.86166151e+005 9.04894687e+004 3.02334756e+004 9.17298271e+003 7.04310862e+002 3.66650351e+001 8.03394509e-001 1.74851970e-002
61480.30833333 0.000000 0.000000 0.000000 1.14533474e+013 4.94305979e+012 1.56713072e+012 5.94634868e+011 2.69191416e+011 6.04887472e+010 6.16352014e+009 7.51736613e+008 1.51827527e+008 5.53799230e+007 2.08798806e+007 7.61435468e+006 2.63076373e+006 1.11197177e+006 6.39856878e+005 4.31512173e+005 3.28821612e+005 1.86166151e+005 9.04894687e+004 3.02334756e+004 9.17298271e+003 7.04310862e+002 3.66650351e+001 8.03394509e-001 1.74851970e-002
61490.10833333 0.000000 0.000000 0.000000 1.24736000e+013 5.47397062e+012 1.77790354e+012 6.64597710e+011 2.97413065e+011 6.58978059e+010 6.49823378e+009 7.54611137e+008 1.51854477e+008 5.53802966e+007 2.08798907e+007 7.61435468e+006 2.63076373e+006 1.11197177e+006 6.39856878e+005 4.31512173e+005 3.28821612e+005 1.86166151e+005 9.04894687e+004 3.02334756e+004 9.17298271e+003 7.04310862e+002 3.66650351e+001 8.03394509e-001 1.74851970e-002
61499.90833333 0.000000 0.000000 0.000000 1.43019502e+013 6.10625757e+012 1.90249115e+012 6.93085077e+011 3.05787397e+011 6.71431184e+010 6.53196819e+009 7.54799614e+008 1.51856007e+008 5.53803268e+007 2.08798918e+007 7.61435468e+006 2.63076373e+006 1.11197177e+006 6.39856878e+005 4.31512173e+005 3.28821612e+005 1.86166151e+005 9.04894687e+004 3.02334756e+004 9.17298271e+003 7.04310862e+002 3.66650351e+001 8.03394509e-001 1.74851970e-002
61509.70833333 0.000000 0.000000 0.000000 1.43022184e+013 6.10633601e+012 1.90250338e+012 6.93087772e+011 3.05788277e+011 6.71432244e+010 6.53196969e+009 7.54799617e+008 1.51856007e+008 5.53803268e+007 2.08798918e+007 7.61435468e+006 2.63076373e+006 1.11197177e+006 6.39856878e+005 4.31512173e+005 3.28821612e+005 1.86166151e+005 9.04894687e+004 3.02334756e+004 9.17298271e+003 7.04310862e+002 3.66650351e+001 8.03394509e-001 1.74851970e-002
61519.50833333 0.000000 0.000000 0.000000 1.57288405e+013 6.60496780e+012 1.99233097e+012 7.11753457e+011 3.11392366e+011 6.82885831e+010 6.57216446e+009 7.55018241e+008 1.51857041e+008 5.53803329e+007 2.08798918e+007 7.61435468e+006 2.63076373e+006 1.11197177e+006 6.39856878e+005 4.31512173e+005 3.28821612e+005 1.86166151e+005 9.04894687e+004 3.02334756e+004 9.17298271e+003 7.04310862e+002 3.66650351e+001 8.03394509e-001 1.74851970e-002
61529.30833333 0.000000 0.000000 0.000000 1.67767467e+013 6.92042347e+012 2.03535652e+012 7.19440530e+011 3.13443691e+011 6.87156531e+010 6.58476967e+009 7.55139720e+008 1.51857719e+008 5.53803365e+007 2.08798918e+007 7.61435468e+006 2.63076373e+006 1.11197177e+006 6.39856878e+005 4.31512173e+005 3.28821612e+005 1.86166151e+005 9.04894687e+004 3.02334756e+004 9.17298271e+003 7.04310862e+002 3.66650351e+001 8.03394509e-001 1.74851970e-002
61531.10244374 0.000000 0.000000 0.000000 1.67767467e+013 6.92042347e+012 2.03535652e+012 7.19440530e+011 3.13443691e+011 6.87156531e+010 6.58476967e+009 7.55139720e+008 1.51857719e+008 5.53803365e+007 2.08798918e+007 7.61435468e+006 2.63076373e+006 1.11197177e+006 6.39856878e+005 4.31512173e+005 3.28821612e+005 1.86166151e+005 9.04894687e+004 3.02334756e+004 9.17298271e+003 7.04310862e+002 3.66650351e+001 8.03394509e-001 1.74851970e-002
