# Ae9Ap9 Model output file: MoonBEAM_trajectory_trade/Rp30408_22N.AP9.output_mc_fluenceIntv_081.txt
# Ae9Ap9 Software Version:  1.50.001
#
# Model type:               AP9
# Particle species:         H+
# Flux type:                1PtDiff
# Flux direction:           Omnidirectional
# Energy levels (MeV):       0.1 0.2 0.4 0.6 0.8 1 2 4 6 8 10 15 20 30 50 60 80 100 150 200 300 400 700 1200 2000
#
# Accumulation mode:        Interval, length = 846720 seconds (9.8 days)
#
# Time format:              Modified Julian Date
# Coordinate system:        GEI (Geocentric Equatorial Inertial) Cartesian in km
# Data Delimiter:           space
#
# datetime(mjd),posx(km),posy(km),posz(km),fluence,fluence,fluence,fluence,fluence,fluence,fluence,fluence,fluence,fluence,fluence,fluence,fluence,fluence,fluence,fluence,fluence,fluence,fluence,fluence,fluence,fluence,fluence,fluence,fluence(#/cm^2/MeV)
61421.50833333 0.000000 0.000000 0.000000 4.77652754e+013 2.03439866e+013 4.27390310e+012 1.19790486e+012 4.66948351e+011 8.47423301e+010 5.98069741e+009 7.00862820e+008 1.75521848e+008 7.74478542e+007 4.18857188e+007 2.21198772e+007 1.02251185e+007 3.83317694e+006 1.74485655e+006 9.03273988e+005 5.61850198e+005 2.55873972e+005 1.01409112e+005 3.09297387e+004 9.50844647e+003 7.17050287e+002 2.72632689e+001 4.26585907e-001 8.79378402e-003
61431.30833333 0.000000 0.000000 0.000000 4.91124475e+013 2.07886048e+013 4.32522528e+012 1.20417144e+012 4.68064994e+011 8.48259394e+010 5.98203327e+009 7.00878700e+008 1.75522054e+008 7.74478600e+007 4.18857188e+007 2.21198772e+007 1.02251185e+007 3.83317694e+006 1.74485655e+006 9.03273988e+005 5.61850198e+005 2.55873972e+005 1.01409112e+005 3.09297387e+004 9.50844647e+003 7.17050287e+002 2.72632689e+001 4.26585907e-001 8.79378402e-003
61441.10833333 0.000000 0.000000 0.000000 5.08867780e+013 2.13814516e+013 4.39505621e+012 1.21284381e+012 4.69632894e+011 8.49432177e+010 5.98389412e+009 7.00901187e+008 1.75522349e+008 7.74478687e+007 4.18857188e+007 2.21198772e+007 1.02251185e+007 3.83317694e+006 1.74485655e+006 9.03273988e+005 5.61850198e+005 2.55873972e+005 1.01409112e+005 3.09297387e+004 9.50844647e+003 7.17050287e+002 2.72632689e+001 4.26585907e-001 8.79378402e-003
61450.90833333 0.000000 0.000000 0.000000 5.86562549e+013 2.38831082e+013 4.65265419e+012 1.24906532e+012 4.77104647e+011 8.54279625e+010 5.99164027e+009 7.01004474e+008 1.75524632e+008 7.74479613e+007 4.18857251e+007 2.21198772e+007 1.02251185e+007 3.83317694e+006 1.74485655e+006 9.03273988e+005 5.61850198e+005 2.55873972e+005 1.01409112e+005 3.09297387e+004 9.50844647e+003 7.17050287e+002 2.72632689e+001 4.26585907e-001 8.79378402e-003
61460.70833333 0.000000 0.000000 0.000000 6.57773236e+013 2.65305288e+013 4.95920542e+012 1.29018376e+012 4.85238148e+011 8.59668215e+010 5.99813543e+009 7.01035305e+008 1.75525046e+008 7.74479758e+007 4.18857259e+007 2.21198772e+007 1.02251185e+007 3.83317694e+006 1.74485655e+006 9.03273988e+005 5.61850198e+005 2.55873972e+005 1.01409112e+005 3.09297387e+004 9.50844647e+003 7.17050287e+002 2.72632689e+001 4.26585907e-001 8.79378402e-003
61470.50833333 0.000000 0.000000 0.000000 6.57773236e+013 2.65305288e+013 4.95920542e+012 1.29018376e+012 4.85238148e+011 8.59668215e+010 5.99813543e+009 7.01035305e+008 1.75525046e+008 7.74479758e+007 4.18857259e+007 2.21198772e+007 1.02251185e+007 3.83317694e+006 1.74485655e+006 9.03273988e+005 5.61850198e+005 2.55873972e+005 1.01409112e+005 3.09297387e+004 9.50844647e+003 7.17050287e+002 2.72632689e+001 4.26585907e-001 8.79378402e-003
61480.30833333 0.000000 0.000000 0.000000 7.07974671e+013 2.87549580e+013 5.39849274e+012 1.38556734e+012 5.13116515e+011 8.82205747e+010 6.05025652e+009 7.01604787e+008 1.75537041e+008 7.74485049e+007 4.18857682e+007 2.21198772e+007 1.02251185e+007 3.83317694e+006 1.74485655e+006 9.03273988e+005 5.61850198e+005 2.55873972e+005 1.01409112e+005 3.09297387e+004 9.50844647e+003 7.17050287e+002 2.72632689e+001 4.26585907e-001 8.79378402e-003
61490.10833333 0.000000 0.000000 0.000000 7.53893339e+013 3.07889600e+013 5.82177756e+012 1.46719276e+012 5.32283306e+011 8.95875898e+010 6.07045860e+009 7.02121218e+008 1.75547152e+008 7.74488344e+007 4.18857851e+007 2.21198772e+007 1.02251185e+007 3.83317694e+006 1.74485655e+006 9.03273988e+005 5.61850198e+005 2.55873972e+005 1.01409112e+005 3.09297387e+004 9.50844647e+003 7.17050287e+002 2.72632689e+001 4.26585907e-001 8.79378402e-003
61499.90833333 0.000000 0.000000 0.000000 8.17624902e+013 3.28335921e+013 6.02346616e+012 1.49289520e+012 5.37028904e+011 8.98643918e+010 6.07400326e+009 7.02168824e+008 1.75548178e+008 7.74488768e+007 4.18857880e+007 2.21198772e+007 1.02251185e+007 3.83317694e+006 1.74485655e+006 9.03273988e+005 5.61850198e+005 2.55873972e+005 1.01409112e+005 3.09297387e+004 9.50844647e+003 7.17050287e+002 2.72632689e+001 4.26585907e-001 8.79378402e-003
61509.70833333 0.000000 0.000000 0.000000 8.17629875e+013 3.28336902e+013 6.02347268e+012 1.49289592e+012 5.37029066e+011 8.98644022e+010 6.07400336e+009 7.02168825e+008 1.75548178e+008 7.74488768e+007 4.18857880e+007 2.21198772e+007 1.02251185e+007 3.83317694e+006 1.74485655e+006 9.03273988e+005 5.61850198e+005 2.55873972e+005 1.01409112e+005 3.09297387e+004 9.50844647e+003 7.17050287e+002 2.72632689e+001 4.26585907e-001 8.79378402e-003
61519.50833333 0.000000 0.000000 0.000000 8.97544607e+013 3.55310126e+013 6.30092825e+012 1.52615472e+012 5.43438334e+011 9.04461017e+010 6.08426359e+009 7.02219909e+008 1.75548521e+008 7.74488824e+007 4.18857880e+007 2.21198772e+007 1.02251185e+007 3.83317694e+006 1.74485655e+006 9.03273988e+005 5.61850198e+005 2.55873972e+005 1.01409112e+005 3.09297387e+004 9.50844647e+003 7.17050287e+002 2.72632689e+001 4.26585907e-001 8.79378402e-003
61529.30833333 0.000000 0.000000 0.000000 9.36520518e+013 3.66404699e+013 6.39803584e+012 1.53660606e+012 5.45346293e+011 9.06254411e+010 6.08751085e+009 7.02244267e+008 1.75548721e+008 7.74488855e+007 4.18857880e+007 2.21198772e+007 1.02251185e+007 3.83317694e+006 1.74485655e+006 9.03273988e+005 5.61850198e+005 2.55873972e+005 1.01409112e+005 3.09297387e+004 9.50844647e+003 7.17050287e+002 2.72632689e+001 4.26585907e-001 8.79378402e-003
61531.10244374 0.000000 0.000000 0.000000 9.36520518e+013 3.66404699e+013 6.39803584e+012 1.53660606e+012 5.45346293e+011 9.06254411e+010 6.08751085e+009 7.02244267e+008 1.75548721e+008 7.74488855e+007 4.18857880e+007 2.21198772e+007 1.02251185e+007 3.83317694e+006 1.74485655e+006 9.03273988e+005 5.61850198e+005 2.55873972e+005 1.01409112e+005 3.09297387e+004 9.50844647e+003 7.17050287e+002 2.72632689e+001 4.26585907e-001 8.79378402e-003
