# Ae9Ap9 Model output file: MoonBEAM_trajectory_trade/Rp30408_22N.AP9.output_mc_fluxIntvAvg_027.txt
# Ae9Ap9 Software Version:  1.50.001
#
# Model type:               AP9
# Particle species:         H+
# Flux type:                1PtDiff
# Flux direction:           Omnidirectional
# Energy levels (MeV):       0.1 0.2 0.4 0.6 0.8 1 2 4 6 8 10 15 20 30 50 60 80 100 150 200 300 400 700 1200 2000
#
# Accumulation mode:        Interval, length = 846720 seconds (9.8 days)
#
# Time format:              Modified Julian Date
# Coordinate system:        GEI (Geocentric Equatorial Inertial) Cartesian in km
# Data Delimiter:           space
#
# datetime(mjd),posx(km),posy(km),posz(km),flux,flux,flux,flux,flux,flux,flux,flux,flux,flux,flux,flux,flux,flux,flux,flux,flux,flux,flux,flux,flux,flux,flux,flux,flux(#/cm^2/s/MeV)
61421.50833333 0.000000 0.000000 0.000000 9.93557201e+006 5.58976556e+006 2.13562930e+006 8.26224046e+005 3.65065143e+005 6.98341331e+004 5.40128323e+003 6.26353692e+002 1.59715978e+002 6.85955809e+001 3.14260270e+001 1.48101860e+001 6.43904705e+000 2.74642440e+000 1.51065290e+000 9.21993364e-001 6.55727278e-001 3.33643666e-001 1.49443841e-001 5.26267842e-002 1.93034572e-002 1.99639221e-003 9.05772651e-005 7.97013150e-007 1.43132146e-008
61431.30833333 0.000000 0.000000 0.000000 8.82514061e+005 3.06830949e+005 4.66865373e+004 7.27141517e+003 1.64853451e+003 1.79917180e+002 7.09127083e+000 5.78770731e-002 3.28314625e-004 5.47217309e-006 0.00000000e+000 0.00000000e+000 0.00000000e+000 0.00000000e+000 0.00000000e+000 0.00000000e+000 0.00000000e+000 0.00000000e+000 0.00000000e+000 0.00000000e+000 0.00000000e+000 0.00000000e+000 0.00000000e+000 0.00000000e+000 0.00000000e+000
61441.10833333 0.000000 0.000000 0.000000 1.13558732e+006 4.02997765e+005 6.36315235e+004 1.01558180e+004 2.33792782e+003 2.54801139e+002 9.96448058e+000 7.83852769e-002 4.33498160e-004 7.28828365e-006 0.00000000e+000 0.00000000e+000 0.00000000e+000 0.00000000e+000 0.00000000e+000 0.00000000e+000 0.00000000e+000 0.00000000e+000 0.00000000e+000 0.00000000e+000 0.00000000e+000 0.00000000e+000 0.00000000e+000 0.00000000e+000 0.00000000e+000
61450.90833333 0.000000 0.000000 0.000000 1.14488893e+006 4.62438116e+005 1.05613362e+005 2.36999940e+004 6.48088694e+003 6.19106010e+002 2.27506792e+001 5.35677345e-001 8.61927918e-003 3.02863003e-004 1.76359495e-005 0.00000000e+000 0.00000000e+000 0.00000000e+000 0.00000000e+000 0.00000000e+000 0.00000000e+000 0.00000000e+000 0.00000000e+000 0.00000000e+000 0.00000000e+000 0.00000000e+000 0.00000000e+000 0.00000000e+000 0.00000000e+000
61460.70833333 0.000000 0.000000 0.000000 1.53411396e+006 8.12725743e+005 2.45052909e+005 5.43105662e+004 1.41899464e+004 1.31571190e+003 5.61010370e+001 1.05431072e+000 9.82261387e-003 2.30028900e-004 9.79998767e-006 0.00000000e+000 0.00000000e+000 0.00000000e+000 0.00000000e+000 0.00000000e+000 0.00000000e+000 0.00000000e+000 0.00000000e+000 0.00000000e+000 0.00000000e+000 0.00000000e+000 0.00000000e+000 0.00000000e+000 0.00000000e+000
61470.50833333 0.000000 0.000000 0.000000 0.00000000e+000 0.00000000e+000 0.00000000e+000 0.00000000e+000 0.00000000e+000 0.00000000e+000 0.00000000e+000 0.00000000e+000 0.00000000e+000 0.00000000e+000 0.00000000e+000 0.00000000e+000 0.00000000e+000 0.00000000e+000 0.00000000e+000 0.00000000e+000 0.00000000e+000 0.00000000e+000 0.00000000e+000 0.00000000e+000 0.00000000e+000 0.00000000e+000 0.00000000e+000 0.00000000e+000 0.00000000e+000
61480.30833333 0.000000 0.000000 0.000000 2.19774689e+006 1.00183140e+006 2.19619794e+005 4.89731723e+004 1.33266623e+004 1.14057057e+003 3.00375064e+001 4.71967381e-001 8.90781485e-003 4.01716540e-004 2.90893737e-005 0.00000000e+000 0.00000000e+000 0.00000000e+000 0.00000000e+000 0.00000000e+000 0.00000000e+000 0.00000000e+000 0.00000000e+000 0.00000000e+000 0.00000000e+000 0.00000000e+000 0.00000000e+000 0.00000000e+000 0.00000000e+000
61490.10833333 0.000000 0.000000 0.000000 2.22635670e+006 1.25615503e+006 3.91114151e+005 1.05113497e+005 3.49090871e+004 3.65479903e+003 1.54797803e+002 1.25411294e+000 1.27039134e-002 3.30805870e-004 1.36565218e-005 0.00000000e+000 0.00000000e+000 0.00000000e+000 0.00000000e+000 0.00000000e+000 0.00000000e+000 0.00000000e+000 0.00000000e+000 0.00000000e+000 0.00000000e+000 0.00000000e+000 0.00000000e+000 0.00000000e+000 0.00000000e+000
61499.90833333 0.000000 0.000000 0.000000 1.29240262e+006 6.12555692e+005 1.75327947e+005 4.56226938e+004 1.44593741e+004 1.51970900e+003 6.49103495e+001 5.92907538e-001 6.00007370e-003 1.67741461e-004 8.56851280e-006 0.00000000e+000 0.00000000e+000 0.00000000e+000 0.00000000e+000 0.00000000e+000 0.00000000e+000 0.00000000e+000 0.00000000e+000 0.00000000e+000 0.00000000e+000 0.00000000e+000 0.00000000e+000 0.00000000e+000 0.00000000e+000
61509.70833333 0.000000 0.000000 0.000000 3.88621918e+002 1.05394985e+002 1.14564638e+001 1.81422724e+000 5.52432941e-001 7.71157238e-002 7.81601642e-004 1.65572153e-006 0.00000000e+000 0.00000000e+000 0.00000000e+000 0.00000000e+000 0.00000000e+000 0.00000000e+000 0.00000000e+000 0.00000000e+000 0.00000000e+000 0.00000000e+000 0.00000000e+000 0.00000000e+000 0.00000000e+000 0.00000000e+000 0.00000000e+000 0.00000000e+000 0.00000000e+000
61519.50833333 0.000000 0.000000 0.000000 2.22763366e+006 1.02140018e+006 2.30633322e+005 4.53943730e+004 1.14001546e+004 1.26595502e+003 4.49484108e+001 2.67586277e-001 1.19031166e-003 1.07123223e-005 0.00000000e+000 0.00000000e+000 0.00000000e+000 0.00000000e+000 0.00000000e+000 0.00000000e+000 0.00000000e+000 0.00000000e+000 0.00000000e+000 0.00000000e+000 0.00000000e+000 0.00000000e+000 0.00000000e+000 0.00000000e+000 0.00000000e+000
61529.30833333 0.000000 0.000000 0.000000 1.15083503e+006 3.69323776e+005 4.05531394e+004 5.25723722e+003 1.13468581e+003 1.47674756e+002 6.16937512e+000 4.60241708e-002 3.15431914e-004 5.60881768e-006 0.00000000e+000 0.00000000e+000 0.00000000e+000 0.00000000e+000 0.00000000e+000 0.00000000e+000 0.00000000e+000 0.00000000e+000 0.00000000e+000 0.00000000e+000 0.00000000e+000 0.00000000e+000 0.00000000e+000 0.00000000e+000 0.00000000e+000
61531.10244374 0.000000 0.000000 0.000000 0.00000000e+000 0.00000000e+000 0.00000000e+000 0.00000000e+000 0.00000000e+000 0.00000000e+000 0.00000000e+000 0.00000000e+000 0.00000000e+000 0.00000000e+000 0.00000000e+000 0.00000000e+000 0.00000000e+000 0.00000000e+000 0.00000000e+000 0.00000000e+000 0.00000000e+000 0.00000000e+000 0.00000000e+000 0.00000000e+000 0.00000000e+000 0.00000000e+000 0.00000000e+000 0.00000000e+000 0.00000000e+000
