# Ae9Ap9 Model output file: MoonBEAM_trajectory_trade/Rp30408_22N.AE9.output_mc_fluenceIntv_032.txt
# Ae9Ap9 Software Version:  1.50.001
#
# Model type:               AE9
# Particle species:         e-
# Flux type:                1PtDiff
# Flux direction:           Omnidirectional
# Energy levels (MeV):       0.04 0.07 0.1 0.25 0.5 0.75 1 1.5 2 2.5 3 3.5 4 4.5 5 5.5 6 6.5 7 8.5 10
#
# Accumulation mode:        Interval, length = 846720 seconds (9.8 days)
#
# Time format:              Modified Julian Date
# Coordinate system:        GEI (Geocentric Equatorial Inertial) Cartesian in km
# Data Delimiter:           space
#
# datetime(mjd),posx(km),posy(km),posz(km),fluence,fluence,fluence,fluence,fluence,fluence,fluence,fluence,fluence,fluence,fluence,fluence,fluence,fluence,fluence,fluence,fluence,fluence,fluence,fluence,fluence(#/cm^2/MeV)
61421.50833333 0.000000 0.000000 0.000000 2.60945169e+013 1.92318440e+013 7.35877415e+012 1.51926190e+012 2.45411537e+011 6.08802348e+010 1.77384884e+010 4.39250782e+009 9.62369996e+008 2.44147738e+008 7.66152120e+007 2.92633484e+007 1.40082865e+007 7.12395347e+006 3.84693291e+006 2.25274814e+006 1.59232253e+006 1.27609068e+006 9.30576506e+005 6.62130172e+005 5.18775806e+005
61431.30833333 0.000000 0.000000 0.000000 2.61078119e+013 1.92414352e+013 7.36458880e+012 1.54614522e+012 2.65389075e+011 6.94729290e+010 2.14073554e+010 5.96575814e+009 1.71562590e+009 6.24506572e+008 2.66657103e+008 1.20833111e+008 5.55318406e+007 2.49744747e+007 1.14046796e+007 6.03574184e+006 3.93625097e+006 3.00688981e+006 2.07698707e+006 1.34138590e+006 9.98207904e+005
61441.10833333 0.000000 0.000000 0.000000 2.61234788e+013 1.92523554e+013 7.37106364e+012 1.57386837e+012 2.85282156e+011 7.83415529e+010 2.51897265e+010 7.57237295e+009 2.47102211e+009 1.02244623e+009 4.79018506e+008 2.26539273e+008 1.03426740e+008 4.54059217e+007 2.01403271e+007 1.05165971e+007 6.78563381e+006 5.12885236e+006 3.48084993e+006 2.16762215e+006 1.57808457e+006
61450.90833333 0.000000 0.000000 0.000000 2.67892328e+013 1.97269401e+013 7.56875066e+012 1.59641191e+012 2.90676483e+011 7.96970741e+010 2.54529845e+010 7.64964065e+009 2.50030495e+009 1.03360598e+009 4.82778865e+008 2.27942949e+008 1.03990773e+008 4.56472257e+007 2.02535042e+007 1.05737105e+007 6.81857752e+006 5.15099900e+006 3.49608340e+006 2.17850745e+006 1.58718278e+006
61460.70833333 0.000000 0.000000 0.000000 3.17083852e+013 2.40003864e+013 9.56224116e+012 2.26716465e+012 4.67556851e+011 1.46408253e+011 5.25470018e+010 1.61820922e+010 4.53224327e+009 1.48539241e+009 6.16019392e+008 2.78077694e+008 1.24202576e+008 5.38943155e+007 2.37826611e+007 1.23230385e+007 7.86806118e+006 5.89169336e+006 3.98327138e+006 2.46306545e+006 1.78658607e+006
61470.50833333 0.000000 0.000000 0.000000 3.17083852e+013 2.40003864e+013 9.56224116e+012 2.26716465e+012 4.67556851e+011 1.46408253e+011 5.25470018e+010 1.61820922e+010 4.53224327e+009 1.48539241e+009 6.16019392e+008 2.78077694e+008 1.24202576e+008 5.38943155e+007 2.37826611e+007 1.23230385e+007 7.86806118e+006 5.89169336e+006 3.98327138e+006 2.46306545e+006 1.78658607e+006
61480.30833333 0.000000 0.000000 0.000000 3.29752785e+013 2.52832781e+013 1.01387666e+013 2.40334685e+012 5.23497041e+011 1.72252604e+011 6.30705353e+010 1.95236804e+010 5.37426218e+009 1.68067612e+009 6.69328351e+008 2.96167030e+008 1.30872942e+008 5.64523789e+007 2.48032272e+007 1.27773048e+007 8.10661129e+006 6.04050966e+006 4.07760200e+006 2.51816913e+006 1.82615352e+006
61490.10833333 0.000000 0.000000 0.000000 3.87097265e+013 2.93230043e+013 1.17751580e+013 2.88641276e+012 6.50491801e+011 2.21550551e+011 8.26715130e+010 2.60130990e+010 7.30294196e+009 2.22067369e+009 8.42138263e+008 3.64611675e+008 1.58386565e+008 6.71923313e+007 2.89827863e+007 1.46421294e+007 9.12662279e+006 6.70865702e+006 4.49494327e+006 2.74643340e+006 1.98435835e+006
61499.90833333 0.000000 0.000000 0.000000 4.45462408e+013 3.28238724e+013 1.28115356e+013 2.91967006e+012 6.61445780e+011 2.25750077e+011 8.37181273e+010 2.62054579e+010 7.34768544e+009 2.23490047e+009 8.45900738e+008 3.65817918e+008 1.58805925e+008 6.73568100e+007 2.90509146e+007 1.46717833e+007 9.14053519e+006 6.71619953e+006 4.49962207e+006 2.74914516e+006 1.98637489e+006
61509.70833333 0.000000 0.000000 0.000000 4.46527771e+013 3.28924297e+013 1.28259949e+013 2.91973232e+012 6.61445867e+011 2.25750079e+011 8.37181274e+010 2.62054579e+010 7.34768544e+009 2.23490047e+009 8.45900739e+008 3.65817918e+008 1.58805925e+008 6.73568102e+007 2.90509147e+007 1.46717834e+007 9.14053525e+006 6.71619958e+006 4.49962211e+006 2.74914521e+006 1.98637495e+006
61519.50833333 0.000000 0.000000 0.000000 4.49160312e+013 3.31198644e+013 1.29273009e+013 2.94309759e+012 6.68514265e+011 2.28230746e+011 8.45049300e+010 2.65529023e+010 7.47236945e+009 2.27467219e+009 8.58297644e+008 3.69816569e+008 1.60115604e+008 6.78116858e+007 2.92427207e+007 1.47691503e+007 9.20058965e+006 6.75866844e+006 4.52766549e+006 2.76642592e+006 1.99970636e+006
61529.30833333 0.000000 0.000000 0.000000 4.56441235e+013 3.37536656e+013 1.32330292e+013 3.06593685e+012 6.99489030e+011 2.37923326e+011 8.78757423e+010 2.80043244e+010 8.06377507e+009 2.49480430e+009 9.44626173e+008 4.04651650e+008 1.74136875e+008 7.35144429e+007 3.18147245e+007 1.61576253e+007 1.01027113e+007 7.42468144e+006 4.97095885e+006 3.03935992e+006 2.20616962e+006
61531.10244374 0.000000 0.000000 0.000000 4.56441235e+013 3.37536656e+013 1.32330292e+013 3.06593685e+012 6.99489030e+011 2.37923326e+011 8.78757423e+010 2.80043244e+010 8.06377507e+009 2.49480430e+009 9.44626173e+008 4.04651650e+008 1.74136875e+008 7.35144429e+007 3.18147245e+007 1.61576253e+007 1.01027113e+007 7.42468144e+006 4.97095885e+006 3.03935992e+006 2.20616962e+006
