# Ae9Ap9 Model output file: MoonBEAM_trajectory_trade/Rp30408_22N.AE9.output_mc_fluxIntvAvg_008.txt
# Ae9Ap9 Software Version:  1.50.001
#
# Model type:               AE9
# Particle species:         e-
# Flux type:                1PtDiff
# Flux direction:           Omnidirectional
# Energy levels (MeV):       0.04 0.07 0.1 0.25 0.5 0.75 1 1.5 2 2.5 3 3.5 4 4.5 5 5.5 6 6.5 7 8.5 10
#
# Accumulation mode:        Interval, length = 846720 seconds (9.8 days)
#
# Time format:              Modified Julian Date
# Coordinate system:        GEI (Geocentric Equatorial Inertial) Cartesian in km
# Data Delimiter:           space
#
# datetime(mjd),posx(km),posy(km),posz(km),flux,flux,flux,flux,flux,flux,flux,flux,flux,flux,flux,flux,flux,flux,flux,flux,flux,flux,flux,flux,flux(#/cm^2/s/MeV)
61421.50833333 0.000000 0.000000 0.000000 1.10665001e+008 1.12766617e+008 4.82784825e+007 1.24981094e+007 2.42738067e+006 7.42635278e+005 2.85118271e+005 8.24596286e+004 1.62943287e+004 3.61172366e+003 1.11600927e+003 4.15671573e+002 1.79855491e+002 8.71593644e+001 4.46913417e+001 2.51156962e+001 1.55654286e+001 1.08577067e+001 6.53497197e+000 3.69900313e+000 2.62936146e+000
61431.30833333 0.000000 0.000000 0.000000 3.96780090e+004 4.46961408e+004 3.91073239e+004 2.84535337e+005 1.49752529e+005 6.16996812e+004 2.81376065e+004 1.18614419e+004 3.97606039e+003 1.25932369e+003 4.83053516e+002 2.10533446e+002 9.62784995e+001 4.87889614e+001 2.21450833e+001 1.09322319e+001 5.86057169e+000 3.95851781e+000 2.23319009e+000 1.14437929e+000 7.41348933e-001
61441.10833333 0.000000 0.000000 0.000000 2.75637172e+004 3.57943504e+004 3.74992372e+004 3.31835512e+005 1.78935290e+005 7.56338784e+004 3.50898976e+004 1.51444375e+004 5.31760617e+003 1.79143129e+003 7.12427200e+002 3.14194560e+002 1.41739139e+002 7.02782901e+001 3.20476028e+001 1.62587875e+001 9.08542796e+000 6.21024080e+000 3.51764452e+000 1.80701379e+000 1.17406595e+000
61450.90833333 0.000000 0.000000 0.000000 2.88725616e+006 1.89873792e+006 7.29215616e+005 1.46166149e+005 3.11931812e+004 9.59431375e+003 2.87533630e+003 6.32187699e+002 8.80942493e+001 1.56340200e+001 4.25546783e+000 1.30771894e+000 4.44419628e-001 1.62552233e-001 8.02353437e-002 4.57408020e-002 3.15366094e-002 2.22221995e-002 1.43051434e-002 8.33408803e-003 5.67651116e-003
61460.70833333 0.000000 0.000000 0.000000 5.72843697e+006 4.88995190e+006 1.96753900e+006 7.00959328e+005 2.52002429e+005 1.07875115e+005 4.67317129e+004 1.75460166e+004 5.23595234e+003 1.56175783e+003 5.10082934e+002 2.06076992e+002 8.32300587e+001 3.52907474e+001 1.40193494e+001 6.23989629e+000 3.11669862e+000 1.91463270e+000 1.01548040e+000 4.29552784e-001 2.39429665e-001
61470.50833333 0.000000 0.000000 0.000000 0.00000000e+000 0.00000000e+000 0.00000000e+000 0.00000000e+000 0.00000000e+000 0.00000000e+000 0.00000000e+000 0.00000000e+000 0.00000000e+000 0.00000000e+000 0.00000000e+000 0.00000000e+000 0.00000000e+000 0.00000000e+000 0.00000000e+000 0.00000000e+000 0.00000000e+000 0.00000000e+000 0.00000000e+000 0.00000000e+000 0.00000000e+000
61480.30833333 0.000000 0.000000 0.000000 5.70342350e+005 3.43469238e+005 1.22188611e+005 5.78112417e+004 4.61509566e+004 2.44563944e+004 1.04949423e+004 4.66818378e+003 2.33264109e+003 9.49060842e+002 3.48878313e+002 1.43124345e+002 5.83196465e+001 2.47370695e+001 9.82368834e+000 4.19496472e+000 2.00625422e+000 1.17840095e+000 6.09916497e-001 2.45012702e-001 1.31534913e-001
61490.10833333 0.000000 0.000000 0.000000 1.32179991e+007 1.07532424e+007 4.80133928e+006 1.97164324e+006 3.65323263e+005 1.11529279e+005 4.63775015e+004 1.45479479e+004 1.89683325e+003 2.29288364e+002 5.37122182e+001 1.75175910e+001 6.96631637e+000 3.23182511e+000 1.70674911e+000 9.82874696e-001 6.27657032e-001 4.45903916e-001 2.73568066e-001 1.62033384e-001 1.13939248e-001
61499.90833333 0.000000 0.000000 0.000000 3.80701854e+006 2.23344946e+006 6.47185766e+005 1.52054302e+005 6.65313079e+004 3.31633557e+004 1.43611693e+004 5.52827414e+003 2.31720121e+003 9.28032520e+002 3.86862047e+002 1.77697377e+002 8.09464391e+001 3.86082373e+001 1.66607897e+001 7.76532476e+000 4.04197768e+000 2.60532525e+000 1.43267880e+000 6.72269770e-001 4.12389748e-001
61509.70833333 0.000000 0.000000 0.000000 6.29208894e+004 3.40532981e+004 5.27856067e+003 4.18098429e+000 2.30563485e-002 1.08197234e-003 2.19908307e-004 9.18420244e-005 5.88622624e-005 4.18431787e-005 2.90826930e-005 1.83926416e-005 1.17389269e-005 6.14372998e-006 4.95756247e-006 5.53662089e-006 8.67656414e-006 1.03248792e-005 8.95406261e-006 6.02835677e-006 4.66625682e-006
61519.50833333 0.000000 0.000000 0.000000 1.30530955e+005 3.12105274e+005 2.65625261e+005 6.33231926e+005 3.73743134e+005 1.73396245e+005 7.93539145e+004 2.98361743e+004 8.05670694e+003 1.95948032e+003 5.61092362e+002 1.76940986e+002 5.63909494e+001 2.01577024e+001 7.98279975e+000 3.86605916e+000 2.18933088e+000 1.44095608e+000 8.23685976e-001 4.40972888e-001 3.10619913e-001
61529.30833333 0.000000 0.000000 0.000000 7.67626339e+006 6.65877120e+006 2.73807965e+006 9.78279089e+005 2.68165115e+005 8.73966068e+004 3.13049771e+004 1.07406832e+004 3.60348397e+003 1.22621421e+003 4.91941342e+002 2.16027521e+002 9.63927247e+001 4.58651465e+001 2.15394759e+001 1.15218312e+001 6.88559091e+000 4.79180509e+000 2.79498467e+000 1.51452356e+000 1.05214506e+000
61531.10244374 0.000000 0.000000 0.000000 0.00000000e+000 0.00000000e+000 0.00000000e+000 0.00000000e+000 0.00000000e+000 0.00000000e+000 0.00000000e+000 0.00000000e+000 0.00000000e+000 0.00000000e+000 0.00000000e+000 0.00000000e+000 0.00000000e+000 0.00000000e+000 0.00000000e+000 0.00000000e+000 0.00000000e+000 0.00000000e+000 0.00000000e+000 0.00000000e+000 0.00000000e+000
