# Ae9Ap9 Model output file: MoonBEAM_trajectory_trade/Rp30408_22N.AE9.output_mc_fluxIntvAvg_006.txt
# Ae9Ap9 Software Version:  1.50.001
#
# Model type:               AE9
# Particle species:         e-
# Flux type:                1PtDiff
# Flux direction:           Omnidirectional
# Energy levels (MeV):       0.04 0.07 0.1 0.25 0.5 0.75 1 1.5 2 2.5 3 3.5 4 4.5 5 5.5 6 6.5 7 8.5 10
#
# Accumulation mode:        Interval, length = 846720 seconds (9.8 days)
#
# Time format:              Modified Julian Date
# Coordinate system:        GEI (Geocentric Equatorial Inertial) Cartesian in km
# Data Delimiter:           space
#
# datetime(mjd),posx(km),posy(km),posz(km),flux,flux,flux,flux,flux,flux,flux,flux,flux,flux,flux,flux,flux,flux,flux,flux,flux,flux,flux,flux,flux(#/cm^2/s/MeV)
61421.50833333 0.000000 0.000000 0.000000 1.95560051e+008 1.66928635e+008 5.56622880e+007 8.74270190e+006 1.39613875e+006 4.13408003e+005 1.57571508e+005 5.36843741e+004 1.54871243e+004 4.25069534e+003 1.38191183e+003 5.47240362e+002 2.25896857e+002 9.82473927e+001 4.59508504e+001 2.49952644e+001 1.49189611e+001 9.83761090e+000 5.78948067e+000 2.98913499e+000 1.86602652e+000
61431.30833333 0.000000 0.000000 0.000000 3.26390033e+006 2.34815445e+006 8.38256382e+005 1.46633091e+005 1.97184518e+004 5.26384555e+003 1.50228924e+003 4.35533670e+002 1.03695806e+002 2.35784573e+001 5.15500336e+000 1.06427147e+000 2.44056219e-001 6.51372218e-002 2.21397271e-002 8.66452896e-003 4.42732447e-003 2.69853826e-003 1.30505334e-003 6.57392764e-004 3.99916654e-004
61441.10833333 0.000000 0.000000 0.000000 3.70124015e+006 2.62244983e+006 9.41819271e+005 1.66538030e+005 2.32207424e+004 6.27687011e+003 1.77386960e+003 5.36195530e+002 1.35913464e+002 3.02369202e+001 6.34942495e+000 1.28240500e+000 2.87519830e-001 7.56998369e-002 2.52210554e-002 9.63539575e-003 4.83611628e-003 2.96734530e-003 1.47843289e-003 7.77363631e-004 5.52867697e-004
61450.90833333 0.000000 0.000000 0.000000 2.34722205e+005 3.90631932e+005 2.77761530e+005 4.96849071e+005 2.28666105e+005 1.06055844e+005 5.04358216e+004 1.72905311e+004 4.34470122e+003 1.19648215e+003 4.22123000e+002 1.61296117e+002 6.48947834e+001 2.64235749e+001 1.16260173e+001 6.09304591e+000 4.06070917e+000 3.07369665e+000 2.08299290e+000 1.34592621e+000 9.82164924e-001
61460.70833333 0.000000 0.000000 0.000000 1.91688197e+006 1.45403151e+006 5.39477428e+005 2.12090442e+005 1.00651506e+005 4.97510828e+004 2.32872089e+004 9.82991856e+003 3.45941497e+003 1.21605426e+003 4.08501982e+002 1.49019391e+002 5.21325554e+001 1.74616317e+001 6.03470177e+000 2.38661036e+000 1.18055795e+000 6.79197035e-001 3.38376235e-001 1.32369334e-001 6.77696038e-002
61470.50833333 0.000000 0.000000 0.000000 0.00000000e+000 0.00000000e+000 0.00000000e+000 0.00000000e+000 0.00000000e+000 0.00000000e+000 0.00000000e+000 0.00000000e+000 0.00000000e+000 0.00000000e+000 0.00000000e+000 0.00000000e+000 0.00000000e+000 0.00000000e+000 0.00000000e+000 0.00000000e+000 0.00000000e+000 0.00000000e+000 0.00000000e+000 0.00000000e+000 0.00000000e+000
61480.30833333 0.000000 0.000000 0.000000 6.73628682e+006 8.53033291e+006 3.58020647e+006 9.32119683e+005 4.10235088e+005 2.46851775e+005 1.37852517e+005 4.36833781e+004 7.23177260e+003 1.04129163e+003 2.08180382e+002 4.93753902e+001 1.26186703e+001 3.50808275e+000 1.11080486e+000 3.99360517e-001 1.75345648e-001 8.83594564e-002 3.81458805e-002 1.50110035e-002 8.98249530e-003
61490.10833333 0.000000 0.000000 0.000000 2.43630778e+006 1.42488187e+006 4.62943658e+005 2.48969372e+005 1.36606557e+005 7.49122008e+004 3.57496261e+004 1.27403056e+004 4.79872303e+003 1.96360381e+003 7.98426272e+002 3.24761293e+002 1.26581178e+002 4.64124931e+001 1.70174984e+001 7.20398289e+000 3.95878045e+000 2.58907387e+000 1.48933104e+000 7.03428413e-001 4.05579853e-001
61499.90833333 0.000000 0.000000 0.000000 1.62682031e+007 1.09928367e+007 3.37447806e+006 4.79978954e+005 1.27101782e+005 5.48013826e+004 2.24563914e+004 5.59851529e+003 1.00445750e+003 2.34679748e+002 7.64740866e+001 2.88034279e+001 1.08991615e+001 4.14660753e+000 1.63876180e+000 6.94073197e-001 3.53333691e-001 2.01625180e-001 9.80311466e-002 4.25708059e-002 2.48024067e-002
61509.70833333 0.000000 0.000000 0.000000 3.28352818e+005 2.20793484e+005 4.63002851e+004 5.69056996e+002 4.26555803e+000 3.55791826e-001 4.27607950e-002 7.22636709e-003 1.10129728e-003 2.60525073e-004 1.22053249e-004 7.39895946e-005 5.28986539e-005 3.04147087e-005 1.68455253e-005 7.98700684e-006 4.35078485e-006 2.30940956e-006 7.03146284e-007 1.30097387e-007 3.24070256e-008
61519.50833333 0.000000 0.000000 0.000000 1.67240114e+007 8.23920309e+006 1.60133690e+006 6.49928570e+004 1.80633075e+004 7.40668345e+003 2.14483064e+003 3.70609608e+002 1.12308008e+002 8.46753725e+001 4.33923797e+001 1.52116198e+001 4.04836790e+000 1.04514757e+000 3.06516478e-001 1.03534415e-001 3.80101299e-002 1.45515211e-002 4.60483154e-003 1.00868092e-003 4.08810464e-004
61529.30833333 0.000000 0.000000 0.000000 1.63284825e+006 8.43126305e+005 2.49336311e+005 1.33138466e+005 5.85726904e+004 2.52144350e+004 1.00233776e+004 3.29534707e+003 1.15647036e+003 5.45110410e+002 2.23517644e+002 7.58430456e+001 2.37940204e+001 7.76241563e+000 2.87915889e+000 1.28196198e+000 6.93904326e-001 4.24534054e-001 2.21861876e-001 9.97417965e-002 5.49391647e-002
61531.10244374 0.000000 0.000000 0.000000 0.00000000e+000 0.00000000e+000 0.00000000e+000 0.00000000e+000 0.00000000e+000 0.00000000e+000 0.00000000e+000 0.00000000e+000 0.00000000e+000 0.00000000e+000 0.00000000e+000 0.00000000e+000 0.00000000e+000 0.00000000e+000 0.00000000e+000 0.00000000e+000 0.00000000e+000 0.00000000e+000 0.00000000e+000 0.00000000e+000 0.00000000e+000
