# Ae9Ap9 Model output file: MoonBEAM_trajectory_trade/Rp30408_22N.AP9.output_mc_fluxIntvAvg_015.txt
# Ae9Ap9 Software Version:  1.50.001
#
# Model type:               AP9
# Particle species:         H+
# Flux type:                1PtDiff
# Flux direction:           Omnidirectional
# Energy levels (MeV):       0.1 0.2 0.4 0.6 0.8 1 2 4 6 8 10 15 20 30 50 60 80 100 150 200 300 400 700 1200 2000
#
# Accumulation mode:        Interval, length = 846720 seconds (9.8 days)
#
# Time format:              Modified Julian Date
# Coordinate system:        GEI (Geocentric Equatorial Inertial) Cartesian in km
# Data Delimiter:           space
#
# datetime(mjd),posx(km),posy(km),posz(km),flux,flux,flux,flux,flux,flux,flux,flux,flux,flux,flux,flux,flux,flux,flux,flux,flux,flux,flux,flux,flux,flux,flux,flux,flux(#/cm^2/s/MeV)
61421.50833333 0.000000 0.000000 0.000000 7.46727625e+007 2.71494000e+007 4.80797303e+006 1.37657716e+006 5.98452845e+005 1.18314422e+005 1.43170851e+004 1.68683850e+003 2.96972563e+002 9.74913147e+001 3.78199445e+001 1.52331169e+001 6.27021937e+000 2.61814098e+000 1.54743239e+000 9.23834652e-001 6.40680597e-001 3.42401365e-001 1.67163701e-001 6.17571989e-002 2.20523577e-002 2.30282321e-003 7.95224884e-005 9.71998590e-007 2.28162959e-008
61431.30833333 0.000000 0.000000 0.000000 4.46067959e+006 1.39219881e+006 1.37865865e+005 1.70506594e+004 3.61354142e+003 3.64427475e+002 1.74587365e+000 1.44553398e-002 2.20258886e-004 1.12812483e-005 0.00000000e+000 0.00000000e+000 0.00000000e+000 0.00000000e+000 0.00000000e+000 0.00000000e+000 0.00000000e+000 0.00000000e+000 0.00000000e+000 0.00000000e+000 0.00000000e+000 0.00000000e+000 0.00000000e+000 0.00000000e+000 0.00000000e+000
61441.10833333 0.000000 0.000000 0.000000 5.82684823e+006 1.83972106e+006 1.86224061e+005 2.34239752e+004 5.01572839e+003 5.05559932e+002 2.44347769e+000 2.04361065e-002 3.07785586e-004 1.65523666e-005 0.00000000e+000 0.00000000e+000 0.00000000e+000 0.00000000e+000 0.00000000e+000 0.00000000e+000 0.00000000e+000 0.00000000e+000 0.00000000e+000 0.00000000e+000 0.00000000e+000 0.00000000e+000 0.00000000e+000 0.00000000e+000 0.00000000e+000
61450.90833333 0.000000 0.000000 0.000000 2.54328167e+007 8.98932418e+006 9.64163825e+005 1.23200746e+005 2.52546817e+004 1.87475422e+003 8.37651717e+000 3.62544540e-002 6.11134620e-004 3.89214928e-005 3.27012426e-006 0.00000000e+000 0.00000000e+000 0.00000000e+000 0.00000000e+000 0.00000000e+000 0.00000000e+000 0.00000000e+000 0.00000000e+000 0.00000000e+000 0.00000000e+000 0.00000000e+000 0.00000000e+000 0.00000000e+000 0.00000000e+000
61460.70833333 0.000000 0.000000 0.000000 2.72047190e+007 1.01156269e+007 1.15826749e+006 1.48405675e+005 3.10994863e+004 2.48284115e+003 1.32088377e+001 7.48349370e-002 1.12163219e-003 5.98288101e-005 3.91399089e-006 0.00000000e+000 0.00000000e+000 0.00000000e+000 0.00000000e+000 0.00000000e+000 0.00000000e+000 0.00000000e+000 0.00000000e+000 0.00000000e+000 0.00000000e+000 0.00000000e+000 0.00000000e+000 0.00000000e+000 0.00000000e+000
61470.50833333 0.000000 0.000000 0.000000 0.00000000e+000 0.00000000e+000 0.00000000e+000 0.00000000e+000 0.00000000e+000 0.00000000e+000 0.00000000e+000 0.00000000e+000 0.00000000e+000 0.00000000e+000 0.00000000e+000 0.00000000e+000 0.00000000e+000 0.00000000e+000 0.00000000e+000 0.00000000e+000 0.00000000e+000 0.00000000e+000 0.00000000e+000 0.00000000e+000 0.00000000e+000 0.00000000e+000 0.00000000e+000 0.00000000e+000 0.00000000e+000
61480.30833333 0.000000 0.000000 0.000000 1.86547667e+007 8.36876618e+006 1.73231350e+006 3.32024414e+005 8.45004923e+004 6.55971789e+003 3.96882633e+001 2.07526804e-001 3.78532029e-003 2.25911007e-004 1.99402285e-005 0.00000000e+000 0.00000000e+000 0.00000000e+000 0.00000000e+000 0.00000000e+000 0.00000000e+000 0.00000000e+000 0.00000000e+000 0.00000000e+000 0.00000000e+000 0.00000000e+000 0.00000000e+000 0.00000000e+000 0.00000000e+000
61490.10833333 0.000000 0.000000 0.000000 1.80948417e+007 7.54760768e+006 1.27225382e+006 2.08359406e+005 5.01514025e+004 4.24334053e+003 2.30849633e+001 1.00170371e-001 1.15326394e-003 5.11087319e-005 3.09937923e-006 0.00000000e+000 0.00000000e+000 0.00000000e+000 0.00000000e+000 0.00000000e+000 0.00000000e+000 0.00000000e+000 0.00000000e+000 0.00000000e+000 0.00000000e+000 0.00000000e+000 0.00000000e+000 0.00000000e+000 0.00000000e+000
61499.90833333 0.000000 0.000000 0.000000 2.40285180e+007 8.90590991e+006 1.16717057e+006 1.72683900e+005 4.11717499e+004 3.50689804e+003 2.21943868e+001 7.17979097e-002 8.14266500e-004 4.15132718e-005 3.31076571e-006 0.00000000e+000 0.00000000e+000 0.00000000e+000 0.00000000e+000 0.00000000e+000 0.00000000e+000 0.00000000e+000 0.00000000e+000 0.00000000e+000 0.00000000e+000 0.00000000e+000 0.00000000e+000 0.00000000e+000 0.00000000e+000
61509.70833333 0.000000 0.000000 0.000000 2.41335524e+003 5.44593701e+002 4.23111715e+001 5.08661603e+000 1.19319114e+000 5.55472979e-002 4.23249832e-004 3.63764327e-006 0.00000000e+000 0.00000000e+000 0.00000000e+000 0.00000000e+000 0.00000000e+000 0.00000000e+000 0.00000000e+000 0.00000000e+000 0.00000000e+000 0.00000000e+000 0.00000000e+000 0.00000000e+000 0.00000000e+000 0.00000000e+000 0.00000000e+000 0.00000000e+000 0.00000000e+000
61519.50833333 0.000000 0.000000 0.000000 1.15051499e+007 3.78008864e+006 4.19039937e+005 5.44387823e+004 1.20807002e+004 1.33816866e+003 6.66540675e+000 3.74456964e-002 4.09654301e-004 1.34575556e-005 0.00000000e+000 0.00000000e+000 0.00000000e+000 0.00000000e+000 0.00000000e+000 0.00000000e+000 0.00000000e+000 0.00000000e+000 0.00000000e+000 0.00000000e+000 0.00000000e+000 0.00000000e+000 0.00000000e+000 0.00000000e+000 0.00000000e+000
61529.30833333 0.000000 0.000000 0.000000 8.84455463e+006 2.64925644e+006 2.33262986e+005 2.55546272e+004 5.29538222e+003 6.26051369e+002 3.20277726e+000 2.40318074e-002 2.71528008e-004 9.11109988e-006 0.00000000e+000 0.00000000e+000 0.00000000e+000 0.00000000e+000 0.00000000e+000 0.00000000e+000 0.00000000e+000 0.00000000e+000 0.00000000e+000 0.00000000e+000 0.00000000e+000 0.00000000e+000 0.00000000e+000 0.00000000e+000 0.00000000e+000
61531.10244374 0.000000 0.000000 0.000000 0.00000000e+000 0.00000000e+000 0.00000000e+000 0.00000000e+000 0.00000000e+000 0.00000000e+000 0.00000000e+000 0.00000000e+000 0.00000000e+000 0.00000000e+000 0.00000000e+000 0.00000000e+000 0.00000000e+000 0.00000000e+000 0.00000000e+000 0.00000000e+000 0.00000000e+000 0.00000000e+000 0.00000000e+000 0.00000000e+000 0.00000000e+000 0.00000000e+000 0.00000000e+000 0.00000000e+000 0.00000000e+000
