# Ae9Ap9 Model output file: MoonBEAM_trajectory_trade/Rp30408_22N.AP9.output_mc_fluenceIntv_085.txt
# Ae9Ap9 Software Version:  1.50.001
#
# Model type:               AP9
# Particle species:         H+
# Flux type:                1PtDiff
# Flux direction:           Omnidirectional
# Energy levels (MeV):       0.1 0.2 0.4 0.6 0.8 1 2 4 6 8 10 15 20 30 50 60 80 100 150 200 300 400 700 1200 2000
#
# Accumulation mode:        Interval, length = 846720 seconds (9.8 days)
#
# Time format:              Modified Julian Date
# Coordinate system:        GEI (Geocentric Equatorial Inertial) Cartesian in km
# Data Delimiter:           space
#
# datetime(mjd),posx(km),posy(km),posz(km),fluence,fluence,fluence,fluence,fluence,fluence,fluence,fluence,fluence,fluence,fluence,fluence,fluence,fluence,fluence,fluence,fluence,fluence,fluence,fluence,fluence,fluence,fluence,fluence,fluence(#/cm^2/MeV)
61421.50833333 0.000000 0.000000 0.000000 8.79857207e+012 3.79989101e+012 1.21855962e+012 4.47461596e+011 1.98341775e+011 4.64464655e+010 5.44739033e+009 8.34866080e+008 2.45784344e+008 1.12156447e+008 4.50238505e+007 1.58631829e+007 4.88898914e+006 1.91602719e+006 1.05067174e+006 6.87569877e+005 5.08433355e+005 2.80963736e+005 1.37138505e+005 5.05794527e+004 1.82896083e+004 2.63257394e+003 2.00387516e+002 6.05734659e+000 9.16692272e-002
61431.30833333 0.000000 0.000000 0.000000 9.16167227e+012 3.90153370e+012 1.23225227e+012 4.50150910e+011 1.99168220e+011 4.66115647e+010 5.45812990e+009 8.34972444e+008 2.45785147e+008 1.12156459e+008 4.50238505e+007 1.58631829e+007 4.88898914e+006 1.91602719e+006 1.05067174e+006 6.87569877e+005 5.08433355e+005 2.80963736e+005 1.37138505e+005 5.05794527e+004 1.82896083e+004 2.63257394e+003 2.00387516e+002 6.05734659e+000 9.16692272e-002
61441.10833333 0.000000 0.000000 0.000000 9.63673584e+012 4.03676704e+012 1.25091506e+012 4.53854706e+011 2.00305836e+011 4.68374748e+010 5.47295476e+009 8.35121996e+008 2.45786304e+008 1.12156476e+008 4.50238505e+007 1.58631829e+007 4.88898914e+006 1.91602719e+006 1.05067174e+006 6.87569877e+005 5.08433355e+005 2.80963736e+005 1.37138505e+005 5.05794527e+004 1.82896083e+004 2.63257394e+003 2.00387516e+002 6.05734659e+000 9.16692272e-002
61450.90833333 0.000000 0.000000 0.000000 1.07851264e+013 4.41949542e+012 1.34470071e+012 4.78849989e+011 2.08597845e+011 4.80756023e+010 5.53902871e+009 8.35848862e+008 2.45793544e+008 1.12156649e+008 4.50238580e+007 1.58631829e+007 4.88898914e+006 1.91602719e+006 1.05067174e+006 6.87569877e+005 5.08433355e+005 2.80963736e+005 1.37138505e+005 5.05794527e+004 1.82896083e+004 2.63257394e+003 2.00387516e+002 6.05734659e+000 9.16692272e-002
61460.70833333 0.000000 0.000000 0.000000 1.23123650e+013 5.01628470e+012 1.47365019e+012 5.06757107e+011 2.16810449e+011 4.92749903e+010 5.60281735e+009 8.36353657e+008 2.45797752e+008 1.12156732e+008 4.50238608e+007 1.58631829e+007 4.88898914e+006 1.91602719e+006 1.05067174e+006 6.87569877e+005 5.08433355e+005 2.80963736e+005 1.37138505e+005 5.05794527e+004 1.82896083e+004 2.63257394e+003 2.00387516e+002 6.05734659e+000 9.16692272e-002
61470.50833333 0.000000 0.000000 0.000000 1.23123650e+013 5.01628470e+012 1.47365019e+012 5.06757107e+011 2.16810449e+011 4.92749903e+010 5.60281735e+009 8.36353657e+008 2.45797752e+008 1.12156732e+008 4.50238608e+007 1.58631829e+007 4.88898914e+006 1.91602719e+006 1.05067174e+006 6.87569877e+005 5.08433355e+005 2.80963736e+005 1.37138505e+005 5.05794527e+004 1.82896083e+004 2.63257394e+003 2.00387516e+002 6.05734659e+000 9.16692272e-002
61480.30833333 0.000000 0.000000 0.000000 1.39747275e+013 5.79093670e+012 1.72825983e+012 5.77414550e+011 2.40444969e+011 5.24415123e+010 5.74941975e+009 8.38176988e+008 2.45824536e+008 1.12157562e+008 4.50239057e+007 1.58631829e+007 4.88898914e+006 1.91602719e+006 1.05067174e+006 6.87569877e+005 5.08433355e+005 2.80963736e+005 1.37138505e+005 5.05794527e+004 1.82896083e+004 2.63257394e+003 2.00387516e+002 6.05734659e+000 9.16692272e-002
61490.10833333 0.000000 0.000000 0.000000 1.63202861e+013 6.80858799e+012 1.97971435e+012 6.36939750e+011 2.59861776e+011 5.53710912e+010 5.89638124e+009 8.38890767e+008 2.45829429e+008 1.12157650e+008 4.50239086e+007 1.58631829e+007 4.88898914e+006 1.91602719e+006 1.05067174e+006 6.87569877e+005 5.08433355e+005 2.80963736e+005 1.37138505e+005 5.05794527e+004 1.82896083e+004 2.63257394e+003 2.00387516e+002 6.05734659e+000 9.16692272e-002
61499.90833333 0.000000 0.000000 0.000000 1.79084644e+013 7.49710464e+012 2.15228260e+012 6.79782217e+011 2.73788196e+011 5.73592194e+010 5.99395828e+009 8.40076823e+008 2.45848169e+008 1.12158129e+008 4.50239292e+007 1.58631829e+007 4.88898914e+006 1.91602719e+006 1.05067174e+006 6.87569877e+005 5.08433355e+005 2.80963736e+005 1.37138505e+005 5.05794527e+004 1.82896083e+004 2.63257394e+003 2.00387516e+002 6.05734659e+000 9.16692272e-002
61509.70833333 0.000000 0.000000 0.000000 1.79087830e+013 7.49721011e+012 2.15229851e+012 6.79785594e+011 2.73789332e+011 5.73594106e+010 5.99396002e+009 8.40076829e+008 2.45848169e+008 1.12158129e+008 4.50239292e+007 1.58631829e+007 4.88898914e+006 1.91602719e+006 1.05067174e+006 6.87569877e+005 5.08433355e+005 2.80963736e+005 1.37138505e+005 5.05794527e+004 1.82896083e+004 2.63257394e+003 2.00387516e+002 6.05734659e+000 9.16692272e-002
61519.50833333 0.000000 0.000000 0.000000 1.85729395e+013 7.66493737e+012 2.17048014e+012 6.82754425e+011 2.74586890e+011 5.75278878e+010 6.00292485e+009 8.40181833e+008 2.45848847e+008 1.12158138e+008 4.50239292e+007 1.58631829e+007 4.88898914e+006 1.91602719e+006 1.05067174e+006 6.87569877e+005 5.08433355e+005 2.80963736e+005 1.37138505e+005 5.05794527e+004 1.82896083e+004 2.63257394e+003 2.00387516e+002 6.05734659e+000 9.16692272e-002
61529.30833333 0.000000 0.000000 0.000000 2.00640941e+013 8.01207884e+012 2.19818864e+012 6.86542404e+011 2.75579826e+011 5.77372455e+010 6.01463804e+009 8.40259829e+008 2.45849137e+008 1.12158140e+008 4.50239292e+007 1.58631829e+007 4.88898914e+006 1.91602719e+006 1.05067174e+006 6.87569877e+005 5.08433355e+005 2.80963736e+005 1.37138505e+005 5.05794527e+004 1.82896083e+004 2.63257394e+003 2.00387516e+002 6.05734659e+000 9.16692272e-002
61531.10244374 0.000000 0.000000 0.000000 2.00640941e+013 8.01207884e+012 2.19818864e+012 6.86542404e+011 2.75579826e+011 5.77372455e+010 6.01463804e+009 8.40259829e+008 2.45849137e+008 1.12158140e+008 4.50239292e+007 1.58631829e+007 4.88898914e+006 1.91602719e+006 1.05067174e+006 6.87569877e+005 5.08433355e+005 2.80963736e+005 1.37138505e+005 5.05794527e+004 1.82896083e+004 2.63257394e+003 2.00387516e+002 6.05734659e+000 9.16692272e-002
