# Ae9Ap9 Model output file: MoonBEAM_trajectory_trade/Rp30408_22N.AP9.output_mc_fluxIntvAvg_067.txt
# Ae9Ap9 Software Version:  1.50.001
#
# Model type:               AP9
# Particle species:         H+
# Flux type:                1PtDiff
# Flux direction:           Omnidirectional
# Energy levels (MeV):       0.1 0.2 0.4 0.6 0.8 1 2 4 6 8 10 15 20 30 50 60 80 100 150 200 300 400 700 1200 2000
#
# Accumulation mode:        Interval, length = 846720 seconds (9.8 days)
#
# Time format:              Modified Julian Date
# Coordinate system:        GEI (Geocentric Equatorial Inertial) Cartesian in km
# Data Delimiter:           space
#
# datetime(mjd),posx(km),posy(km),posz(km),flux,flux,flux,flux,flux,flux,flux,flux,flux,flux,flux,flux,flux,flux,flux,flux,flux,flux,flux,flux,flux,flux,flux,flux,flux(#/cm^2/s/MeV)
61421.50833333 0.000000 0.000000 0.000000 7.63625147e+006 3.55933044e+006 1.33264744e+006 6.74711781e+005 3.76405066e+005 9.49684693e+004 1.56462667e+004 2.43623313e+003 5.88199565e+002 1.94369770e+002 5.06650542e+001 1.30638291e+001 3.16558562e+000 1.09583910e+000 5.43093353e-001 3.60388386e-001 2.78667096e-001 1.82885810e-001 1.12325015e-001 5.07792681e-002 1.90672378e-002 2.17807737e-003 1.32527300e-004 2.41946112e-006 4.24470233e-008
61431.30833333 0.000000 0.000000 0.000000 1.46997659e+005 6.45664215e+004 2.55791097e+004 8.55469690e+003 3.11062526e+003 5.96189507e+002 5.28856593e+001 4.19556789e-001 1.86696157e-003 1.34760005e-005 0.00000000e+000 0.00000000e+000 0.00000000e+000 0.00000000e+000 0.00000000e+000 0.00000000e+000 0.00000000e+000 0.00000000e+000 0.00000000e+000 0.00000000e+000 0.00000000e+000 0.00000000e+000 0.00000000e+000 0.00000000e+000 0.00000000e+000
61441.10833333 0.000000 0.000000 0.000000 1.90202105e+005 8.48498657e+004 3.43149526e+004 1.16533361e+004 4.27717414e+003 8.20521703e+002 7.27188244e+001 5.59134243e-001 2.45061163e-003 1.77204059e-005 0.00000000e+000 0.00000000e+000 0.00000000e+000 0.00000000e+000 0.00000000e+000 0.00000000e+000 0.00000000e+000 0.00000000e+000 0.00000000e+000 0.00000000e+000 0.00000000e+000 0.00000000e+000 0.00000000e+000 0.00000000e+000 0.00000000e+000
61450.90833333 0.000000 0.000000 0.000000 7.23590541e+005 3.93848815e+005 1.56094043e+005 5.27150462e+004 1.93883858e+004 3.01866012e+003 2.64877967e+002 2.74746117e+000 2.61901865e-002 5.18985284e-004 1.81747911e-005 0.00000000e+000 0.00000000e+000 0.00000000e+000 0.00000000e+000 0.00000000e+000 0.00000000e+000 0.00000000e+000 0.00000000e+000 0.00000000e+000 0.00000000e+000 0.00000000e+000 0.00000000e+000 0.00000000e+000 0.00000000e+000
61460.70833333 0.000000 0.000000 0.000000 3.43358155e+005 1.62042580e+005 7.27037004e+004 2.65924631e+004 1.03002695e+004 1.79864977e+003 1.81173957e+002 1.96667326e+000 1.42638150e-002 2.07367914e-004 5.66366045e-006 0.00000000e+000 0.00000000e+000 0.00000000e+000 0.00000000e+000 0.00000000e+000 0.00000000e+000 0.00000000e+000 0.00000000e+000 0.00000000e+000 0.00000000e+000 0.00000000e+000 0.00000000e+000 0.00000000e+000 0.00000000e+000
61470.50833333 0.000000 0.000000 0.000000 0.00000000e+000 0.00000000e+000 0.00000000e+000 0.00000000e+000 0.00000000e+000 0.00000000e+000 0.00000000e+000 0.00000000e+000 0.00000000e+000 0.00000000e+000 0.00000000e+000 0.00000000e+000 0.00000000e+000 0.00000000e+000 0.00000000e+000 0.00000000e+000 0.00000000e+000 0.00000000e+000 0.00000000e+000 0.00000000e+000 0.00000000e+000 0.00000000e+000 0.00000000e+000 0.00000000e+000 0.00000000e+000
61480.30833333 0.000000 0.000000 0.000000 4.28602954e+005 2.51637636e+005 1.50020956e+005 6.20730391e+004 2.32479980e+004 3.23677623e+003 3.08234556e+002 1.11557016e+001 1.85200922e-001 4.56483078e-003 1.65988438e-004 0.00000000e+000 0.00000000e+000 0.00000000e+000 0.00000000e+000 0.00000000e+000 0.00000000e+000 0.00000000e+000 0.00000000e+000 0.00000000e+000 0.00000000e+000 0.00000000e+000 0.00000000e+000 0.00000000e+000 0.00000000e+000
61490.10833333 0.000000 0.000000 0.000000 5.34709225e+005 3.54763904e+005 1.76580837e+005 6.15586599e+004 2.22422585e+004 3.47826458e+003 3.18747329e+002 3.34969506e+000 2.77742605e-002 4.34876829e-004 1.25501715e-005 0.00000000e+000 0.00000000e+000 0.00000000e+000 0.00000000e+000 0.00000000e+000 0.00000000e+000 0.00000000e+000 0.00000000e+000 0.00000000e+000 0.00000000e+000 0.00000000e+000 0.00000000e+000 0.00000000e+000 0.00000000e+000
61499.90833333 0.000000 0.000000 0.000000 6.62450981e+005 3.31849187e+005 1.17227825e+005 3.61323598e+004 1.23297260e+004 1.89797017e+003 1.98756979e+002 3.26664513e+000 3.53042000e-002 7.14266392e-004 2.53758488e-005 0.00000000e+000 0.00000000e+000 0.00000000e+000 0.00000000e+000 0.00000000e+000 0.00000000e+000 0.00000000e+000 0.00000000e+000 0.00000000e+000 0.00000000e+000 0.00000000e+000 0.00000000e+000 0.00000000e+000 0.00000000e+000
61509.70833333 0.000000 0.000000 0.000000 2.82605174e+002 9.46216066e+001 1.53421650e+001 3.40273552e+000 1.21947347e+000 2.33623937e-001 2.99861740e-003 2.95173595e-006 0.00000000e+000 0.00000000e+000 0.00000000e+000 0.00000000e+000 0.00000000e+000 0.00000000e+000 0.00000000e+000 0.00000000e+000 0.00000000e+000 0.00000000e+000 0.00000000e+000 0.00000000e+000 0.00000000e+000 0.00000000e+000 0.00000000e+000 0.00000000e+000 0.00000000e+000
61519.50833333 0.000000 0.000000 0.000000 5.25398386e+005 1.99927386e+005 4.71347723e+004 1.22164640e+004 4.06505427e+003 8.32556031e+002 9.10425969e+001 4.83684767e-001 1.38480085e-003 8.36315056e-006 0.00000000e+000 0.00000000e+000 0.00000000e+000 0.00000000e+000 0.00000000e+000 0.00000000e+000 0.00000000e+000 0.00000000e+000 0.00000000e+000 0.00000000e+000 0.00000000e+000 0.00000000e+000 0.00000000e+000 0.00000000e+000 0.00000000e+000
61529.30833333 0.000000 0.000000 0.000000 3.48324197e+005 1.30174373e+005 2.85834511e+004 6.42245172e+003 1.89448945e+003 3.89020452e+002 3.77499201e+001 2.62968493e-001 7.98412704e-004 4.40343293e-006 0.00000000e+000 0.00000000e+000 0.00000000e+000 0.00000000e+000 0.00000000e+000 0.00000000e+000 0.00000000e+000 0.00000000e+000 0.00000000e+000 0.00000000e+000 0.00000000e+000 0.00000000e+000 0.00000000e+000 0.00000000e+000 0.00000000e+000
61531.10244374 0.000000 0.000000 0.000000 0.00000000e+000 0.00000000e+000 0.00000000e+000 0.00000000e+000 0.00000000e+000 0.00000000e+000 0.00000000e+000 0.00000000e+000 0.00000000e+000 0.00000000e+000 0.00000000e+000 0.00000000e+000 0.00000000e+000 0.00000000e+000 0.00000000e+000 0.00000000e+000 0.00000000e+000 0.00000000e+000 0.00000000e+000 0.00000000e+000 0.00000000e+000 0.00000000e+000 0.00000000e+000 0.00000000e+000 0.00000000e+000
