# Ae9Ap9 Model output file: MoonBEAM_trajectory_trade/Rp30408_22N.AE9.output_mc_fluenceIntv_049.txt
# Ae9Ap9 Software Version:  1.50.001
#
# Model type:               AE9
# Particle species:         e-
# Flux type:                1PtDiff
# Flux direction:           Omnidirectional
# Energy levels (MeV):       0.04 0.07 0.1 0.25 0.5 0.75 1 1.5 2 2.5 3 3.5 4 4.5 5 5.5 6 6.5 7 8.5 10
#
# Accumulation mode:        Interval, length = 846720 seconds (9.8 days)
#
# Time format:              Modified Julian Date
# Coordinate system:        GEI (Geocentric Equatorial Inertial) Cartesian in km
# Data Delimiter:           space
#
# datetime(mjd),posx(km),posy(km),posz(km),fluence,fluence,fluence,fluence,fluence,fluence,fluence,fluence,fluence,fluence,fluence,fluence,fluence,fluence,fluence,fluence,fluence,fluence,fluence,fluence,fluence(#/cm^2/MeV)
61421.50833333 0.000000 0.000000 0.000000 5.23675603e+013 3.41907488e+013 1.29672985e+013 2.19454137e+012 3.44319696e+011 1.14932114e+011 4.28923448e+010 1.19493643e+010 3.55642735e+009 1.05957727e+009 3.69628895e+008 1.37704248e+008 5.32438729e+007 2.19041406e+007 9.43389203e+006 4.25109584e+006 2.05537102e+006 1.12188831e+006 5.36039540e+005 2.16957281e+005 1.21336422e+005
61431.30833333 0.000000 0.000000 0.000000 5.55681137e+013 3.65248603e+013 1.38295207e+013 2.52679993e+012 4.36160678e+011 1.55209067e+011 6.13854924e+010 1.71826202e+010 4.33964976e+009 1.16412929e+009 3.94277554e+008 1.46031862e+008 5.67502685e+007 2.36188983e+007 1.03345972e+007 4.74391366e+006 2.34574095e+006 1.30819455e+006 6.35839005e+005 2.63574625e+005 1.47454043e+005
61441.10833333 0.000000 0.000000 0.000000 5.98309123e+013 3.95291521e+013 1.48955990e+013 2.91427997e+012 5.43862001e+011 2.02724093e+011 8.32002187e+010 2.35668408e+010 5.36919672e+009 1.30052517e+009 4.24146230e+008 1.55541131e+008 6.05162142e+007 2.54095498e+007 1.12708665e+007 5.25267663e+006 2.63455466e+006 1.48476954e+006 7.26149074e+005 3.04860203e+005 1.70680187e+005
61450.90833333 0.000000 0.000000 0.000000 5.98638113e+013 3.95582481e+013 1.49133354e+013 2.92398772e+012 5.49381956e+011 2.04700945e+011 8.38534184e+010 2.38608007e+010 5.52278112e+009 1.36346668e+009 4.47150796e+008 1.65058714e+008 6.46643288e+007 2.73567870e+007 1.22495411e+007 5.75869902e+006 2.90055978e+006 1.63096092e+006 7.94326042e+005 3.36409264e+005 1.91853739e+005
61460.70833333 0.000000 0.000000 0.000000 6.93178586e+013 4.53878386e+013 1.69621212e+013 3.30125310e+012 6.27620777e+011 2.33097078e+011 9.44727837e+010 2.64103611e+010 5.97267711e+009 1.43958969e+009 4.66542647e+008 1.71609972e+008 6.73187333e+007 2.86279596e+007 1.29372544e+007 6.13128191e+006 3.09871835e+006 1.73645351e+006 8.40627342e+005 3.55347308e+005 2.03054434e+005
61470.50833333 0.000000 0.000000 0.000000 6.93178586e+013 4.53878386e+013 1.69621212e+013 3.30125310e+012 6.27620777e+011 2.33097078e+011 9.44727837e+010 2.64103611e+010 5.97267711e+009 1.43958969e+009 4.66542647e+008 1.71609972e+008 6.73187333e+007 2.86279596e+007 1.29372544e+007 6.13128191e+006 3.09871835e+006 1.73645351e+006 8.40627342e+005 3.55347308e+005 2.03054434e+005
61480.30833333 0.000000 0.000000 0.000000 6.93635761e+013 4.54300239e+013 1.69902104e+013 3.36939630e+012 6.81123731e+011 2.58461890e+011 1.06663858e+011 3.20078658e+010 8.47774570e+009 2.41830221e+009 8.76697572e+008 3.57285746e+008 1.48474087e+008 6.22600499e+007 2.61001570e+007 1.20368962e+007 6.41125220e+006 4.05704409e+006 2.31145802e+006 1.19782673e+006 7.92765870e+005
61490.10833333 0.000000 0.000000 0.000000 6.94540132e+013 4.54958339e+013 1.70192720e+013 3.39253203e+012 6.95325202e+011 2.64903474e+011 1.09384355e+011 3.32115499e+010 9.06898091e+009 2.67757783e+009 9.93504124e+008 4.15348833e+008 1.76156923e+008 7.48946836e+007 3.15658947e+007 1.46503222e+007 7.86483636e+006 5.00263047e+006 2.84731133e+006 1.47566347e+006 9.83430788e+005
61499.90833333 0.000000 0.000000 0.000000 7.43612654e+013 4.89263493e+013 1.82417980e+013 3.56980399e+012 7.34001501e+011 2.79865492e+011 1.13992872e+011 3.38169881e+010 9.15325871e+009 2.69822928e+009 1.00230831e+009 4.19637266e+008 1.78409965e+008 7.61737316e+007 3.23275327e+007 1.50887593e+007 8.11265381e+006 5.14275222e+006 2.91274435e+006 1.50224077e+006 9.98398251e+005
61509.70833333 0.000000 0.000000 0.000000 7.44280431e+013 4.89732012e+013 1.82527241e+013 3.56992688e+012 7.34003020e+011 2.79865621e+011 1.13992898e+011 3.38169967e+010 9.15326237e+009 2.69823128e+009 1.00230998e+009 4.19639043e+008 1.78411912e+008 7.61752721e+007 3.23285211e+007 1.50893021e+007 8.11301529e+006 5.14303046e+006 2.91290335e+006 1.50234792e+006 9.98461446e+005
61519.50833333 0.000000 0.000000 0.000000 7.88889405e+013 5.18829159e+013 1.91094843e+013 3.61142201e+012 7.39042421e+011 2.81298296e+011 1.14259199e+011 3.38366805e+010 9.15507406e+009 2.69863557e+009 1.00244520e+009 4.19686059e+008 1.78430180e+008 7.61872432e+007 3.23389096e+007 1.50953348e+007 8.11487618e+006 5.14344213e+006 2.91298016e+006 1.50236640e+006 9.98471983e+005
61529.30833333 0.000000 0.000000 0.000000 9.35442043e+013 6.23722113e+013 2.26479606e+013 4.32974166e+012 8.62754211e+011 3.20317980e+011 1.26833812e+011 3.67640240e+010 9.68866214e+009 2.78700187e+009 1.02375659e+009 4.27418674e+008 1.81926224e+008 7.79116948e+007 3.32208414e+007 1.55300783e+007 8.32173041e+006 5.24588528e+006 2.95419608e+006 1.51507494e+006 1.00419135e+006
61531.10244374 0.000000 0.000000 0.000000 9.35442043e+013 6.23722113e+013 2.26479606e+013 4.32974166e+012 8.62754211e+011 3.20317980e+011 1.26833812e+011 3.67640240e+010 9.68866214e+009 2.78700187e+009 1.02375659e+009 4.27418674e+008 1.81926224e+008 7.79116948e+007 3.32208414e+007 1.55300783e+007 8.32173041e+006 5.24588528e+006 2.95419608e+006 1.51507494e+006 1.00419135e+006
