# Ae9Ap9 Model output file: MoonBEAM_trajectory_trade/Rp30408_22N.AP9.output_mc_fluxIntvAvg_011.txt
# Ae9Ap9 Software Version:  1.50.001
#
# Model type:               AP9
# Particle species:         H+
# Flux type:                1PtDiff
# Flux direction:           Omnidirectional
# Energy levels (MeV):       0.1 0.2 0.4 0.6 0.8 1 2 4 6 8 10 15 20 30 50 60 80 100 150 200 300 400 700 1200 2000
#
# Accumulation mode:        Interval, length = 846720 seconds (9.8 days)
#
# Time format:              Modified Julian Date
# Coordinate system:        GEI (Geocentric Equatorial Inertial) Cartesian in km
# Data Delimiter:           space
#
# datetime(mjd),posx(km),posy(km),posz(km),flux,flux,flux,flux,flux,flux,flux,flux,flux,flux,flux,flux,flux,flux,flux,flux,flux,flux,flux,flux,flux,flux,flux,flux,flux(#/cm^2/s/MeV)
61421.50833333 0.000000 0.000000 0.000000 3.25858214e+006 1.68349253e+006 8.50630844e+005 4.29038442e+005 2.25381818e+005 5.30931587e+004 6.18821967e+003 9.60840426e+002 3.44961251e+002 1.61614892e+002 5.54647077e+001 1.78579428e+001 5.19942924e+000 2.09522269e+000 1.19155141e+000 8.11575588e-001 6.31385936e-001 3.75213608e-001 2.06552045e-001 8.97417839e-002 3.72724943e-002 5.61896605e-003 4.83910002e-004 1.42278692e-005 1.95211979e-007
61431.30833333 0.000000 0.000000 0.000000 2.78538682e+005 1.10186533e+005 2.34000394e+004 4.85712175e+003 1.35594941e+003 2.07004248e+002 2.59666022e+001 1.36309060e-001 4.81765033e-004 6.63272444e-006 0.00000000e+000 0.00000000e+000 0.00000000e+000 0.00000000e+000 0.00000000e+000 0.00000000e+000 0.00000000e+000 0.00000000e+000 0.00000000e+000 0.00000000e+000 0.00000000e+000 0.00000000e+000 0.00000000e+000 0.00000000e+000 0.00000000e+000
61441.10833333 0.000000 0.000000 0.000000 3.55685496e+005 1.42456203e+005 3.13273593e+004 6.67204496e+003 1.90229376e+003 2.91977538e+002 3.59499344e+001 1.98105388e-001 7.04942037e-004 1.05262061e-005 0.00000000e+000 0.00000000e+000 0.00000000e+000 0.00000000e+000 0.00000000e+000 0.00000000e+000 0.00000000e+000 0.00000000e+000 0.00000000e+000 0.00000000e+000 0.00000000e+000 0.00000000e+000 0.00000000e+000 0.00000000e+000 0.00000000e+000
61450.90833333 0.000000 0.000000 0.000000 5.12069811e+005 1.75710315e+005 4.94822844e+004 1.38401441e+004 4.82516002e+003 6.97362792e+002 6.56489977e+001 6.93033642e-001 6.09163503e-003 1.72824690e-004 1.00147143e-005 0.00000000e+000 0.00000000e+000 0.00000000e+000 0.00000000e+000 0.00000000e+000 0.00000000e+000 0.00000000e+000 0.00000000e+000 0.00000000e+000 0.00000000e+000 0.00000000e+000 0.00000000e+000 0.00000000e+000 0.00000000e+000
61460.70833333 0.000000 0.000000 0.000000 4.66420128e+005 2.17163925e+005 7.42252051e+004 2.21744536e+004 8.07068316e+003 1.17018957e+003 1.26608663e+002 1.30228407e+000 1.27034237e-002 3.04110417e-004 1.35409380e-005 0.00000000e+000 0.00000000e+000 0.00000000e+000 0.00000000e+000 0.00000000e+000 0.00000000e+000 0.00000000e+000 0.00000000e+000 0.00000000e+000 0.00000000e+000 0.00000000e+000 0.00000000e+000 0.00000000e+000 0.00000000e+000
61470.50833333 0.000000 0.000000 0.000000 0.00000000e+000 0.00000000e+000 0.00000000e+000 0.00000000e+000 0.00000000e+000 0.00000000e+000 0.00000000e+000 0.00000000e+000 0.00000000e+000 0.00000000e+000 0.00000000e+000 0.00000000e+000 0.00000000e+000 0.00000000e+000 0.00000000e+000 0.00000000e+000 0.00000000e+000 0.00000000e+000 0.00000000e+000 0.00000000e+000 0.00000000e+000 0.00000000e+000 0.00000000e+000 0.00000000e+000 0.00000000e+000
61480.30833333 0.000000 0.000000 0.000000 6.94575361e+005 2.51698424e+005 6.42075282e+004 1.83068717e+004 6.68824416e+003 9.05672642e+002 6.53503138e+001 4.08743495e-001 3.68520708e-003 1.33081254e-004 8.39917315e-006 0.00000000e+000 0.00000000e+000 0.00000000e+000 0.00000000e+000 0.00000000e+000 0.00000000e+000 0.00000000e+000 0.00000000e+000 0.00000000e+000 0.00000000e+000 0.00000000e+000 0.00000000e+000 0.00000000e+000 0.00000000e+000
61490.10833333 0.000000 0.000000 0.000000 5.26246868e+005 2.54100331e+005 9.68138861e+004 2.92779870e+004 1.04257128e+004 1.44713685e+003 1.44400999e+002 1.03048435e+000 5.98512893e-003 1.17918496e-004 5.15993977e-006 0.00000000e+000 0.00000000e+000 0.00000000e+000 0.00000000e+000 0.00000000e+000 0.00000000e+000 0.00000000e+000 0.00000000e+000 0.00000000e+000 0.00000000e+000 0.00000000e+000 0.00000000e+000 0.00000000e+000 0.00000000e+000
61499.90833333 0.000000 0.000000 0.000000 6.56742461e+005 3.50433826e+005 1.18304672e+005 3.45822241e+004 1.24941203e+004 1.70707796e+003 1.60736449e+002 7.09141312e-001 4.60765616e-003 1.10674707e-004 5.66948211e-006 0.00000000e+000 0.00000000e+000 0.00000000e+000 0.00000000e+000 0.00000000e+000 0.00000000e+000 0.00000000e+000 0.00000000e+000 0.00000000e+000 0.00000000e+000 0.00000000e+000 0.00000000e+000 0.00000000e+000 0.00000000e+000
61509.70833333 0.000000 0.000000 0.000000 1.24489192e+002 4.47392357e+001 7.30096803e+000 1.51681080e+000 6.01812065e-001 1.69454239e-001 1.65332578e-003 3.32649553e-006 0.00000000e+000 0.00000000e+000 0.00000000e+000 0.00000000e+000 0.00000000e+000 0.00000000e+000 0.00000000e+000 0.00000000e+000 0.00000000e+000 0.00000000e+000 0.00000000e+000 0.00000000e+000 0.00000000e+000 0.00000000e+000 0.00000000e+000 0.00000000e+000 0.00000000e+000
61519.50833333 0.000000 0.000000 0.000000 8.72511908e+005 3.14939398e+005 5.71643197e+004 1.20968153e+004 3.67554196e+003 6.07078092e+002 7.53242777e+001 2.14411915e-001 4.93435900e-004 4.23311137e-006 0.00000000e+000 0.00000000e+000 0.00000000e+000 0.00000000e+000 0.00000000e+000 0.00000000e+000 0.00000000e+000 0.00000000e+000 0.00000000e+000 0.00000000e+000 0.00000000e+000 0.00000000e+000 0.00000000e+000 0.00000000e+000 0.00000000e+000
61529.30833333 0.000000 0.000000 0.000000 5.85706800e+005 1.91333720e+005 2.96651261e+004 5.71671356e+003 1.69443412e+003 3.09102148e+002 3.73285188e+001 1.65289081e-001 5.02666215e-004 3.77408388e-006 0.00000000e+000 0.00000000e+000 0.00000000e+000 0.00000000e+000 0.00000000e+000 0.00000000e+000 0.00000000e+000 0.00000000e+000 0.00000000e+000 0.00000000e+000 0.00000000e+000 0.00000000e+000 0.00000000e+000 0.00000000e+000 0.00000000e+000
61531.10244374 0.000000 0.000000 0.000000 0.00000000e+000 0.00000000e+000 0.00000000e+000 0.00000000e+000 0.00000000e+000 0.00000000e+000 0.00000000e+000 0.00000000e+000 0.00000000e+000 0.00000000e+000 0.00000000e+000 0.00000000e+000 0.00000000e+000 0.00000000e+000 0.00000000e+000 0.00000000e+000 0.00000000e+000 0.00000000e+000 0.00000000e+000 0.00000000e+000 0.00000000e+000 0.00000000e+000 0.00000000e+000 0.00000000e+000 0.00000000e+000
