# Ae9Ap9 Model output file: MoonBEAM_trajectory_trade/Rp30408_22N.AE9.output_mc_fluxIntvAvg_078.txt
# Ae9Ap9 Software Version:  1.50.001
#
# Model type:               AE9
# Particle species:         e-
# Flux type:                1PtDiff
# Flux direction:           Omnidirectional
# Energy levels (MeV):       0.04 0.07 0.1 0.25 0.5 0.75 1 1.5 2 2.5 3 3.5 4 4.5 5 5.5 6 6.5 7 8.5 10
#
# Accumulation mode:        Interval, length = 846720 seconds (9.8 days)
#
# Time format:              Modified Julian Date
# Coordinate system:        GEI (Geocentric Equatorial Inertial) Cartesian in km
# Data Delimiter:           space
#
# datetime(mjd),posx(km),posy(km),posz(km),flux,flux,flux,flux,flux,flux,flux,flux,flux,flux,flux,flux,flux,flux,flux,flux,flux,flux,flux,flux,flux(#/cm^2/s/MeV)
61421.50833333 0.000000 0.000000 0.000000 1.06965683e+008 9.03328442e+007 3.44300461e+007 1.16170394e+007 3.43916105e+006 1.41681391e+006 6.14536888e+005 2.29995865e+005 7.92469518e+004 2.43433790e+004 7.70239945e+003 2.72190792e+003 1.05507013e+003 4.29795792e+002 1.71159833e+002 7.76706025e+001 4.17725849e+001 2.62371635e+001 1.39366270e+001 5.94967041e+000 3.34423993e+000
61431.30833333 0.000000 0.000000 0.000000 1.94182750e+006 1.44108412e+006 5.33308321e+005 1.99436416e+005 5.90379781e+004 2.36885880e+004 9.54746516e+003 2.55599229e+003 5.22595484e+002 1.34978391e+002 4.91585907e+001 1.79136475e+001 6.79083793e+000 2.83217917e+000 1.29977683e+000 6.67407951e-001 3.83185737e-001 2.46296371e-001 1.30427829e-001 6.19451112e-002 3.66780054e-002
61441.10833333 0.000000 0.000000 0.000000 2.39007016e+006 1.75660344e+006 6.45712684e+005 2.40477762e+005 6.96529875e+004 2.77145750e+004 1.12530361e+004 3.08184556e+003 6.27641006e+002 1.54530103e+002 5.58742438e+001 2.04846580e+001 7.69318905e+000 3.18397452e+000 1.47365103e+000 7.71282572e-001 4.51045618e-001 2.91500241e-001 1.55110024e-001 7.53570920e-002 4.53556684e-002
61450.90833333 0.000000 0.000000 0.000000 3.97152879e+006 2.88108015e+006 1.16105793e+006 1.99777334e+005 2.67973898e+004 5.37351024e+003 1.95163778e+003 9.42732450e+002 3.46844677e+002 1.09007083e+002 3.67733222e+001 1.29998106e+001 4.95755997e+000 2.05515254e+000 9.27906651e-001 4.47769346e-001 2.47977293e-001 1.56302101e-001 8.27933846e-002 4.98951638e-002 4.16885821e-002
61460.70833333 0.000000 0.000000 0.000000 2.28904386e+007 2.11420783e+007 8.79895723e+006 3.32731545e+006 1.20244791e+006 5.44515269e+005 2.67377794e+005 1.12787174e+005 3.54389439e+004 8.88257889e+003 2.42399120e+003 7.95325500e+002 2.79387687e+002 1.05334633e+002 3.74675318e+001 1.56337971e+001 7.89241273e+000 5.16733355e+000 2.92791364e+000 1.57326486e+000 1.12008731e+000
61470.50833333 0.000000 0.000000 0.000000 0.00000000e+000 0.00000000e+000 0.00000000e+000 0.00000000e+000 0.00000000e+000 0.00000000e+000 0.00000000e+000 0.00000000e+000 0.00000000e+000 0.00000000e+000 0.00000000e+000 0.00000000e+000 0.00000000e+000 0.00000000e+000 0.00000000e+000 0.00000000e+000 0.00000000e+000 0.00000000e+000 0.00000000e+000 0.00000000e+000 0.00000000e+000
61480.30833333 0.000000 0.000000 0.000000 1.00073741e+006 1.10635324e+006 5.65359233e+005 2.31955532e+005 6.59000002e+004 2.22019141e+004 9.33684870e+003 3.43936911e+003 9.14885635e+002 2.54026188e+002 8.81793705e+001 3.29579461e+001 1.30762595e+001 5.50150965e+000 2.44618398e+000 1.17458033e+000 6.39464846e-001 3.99034843e-001 2.07136373e-001 9.93456702e-002 6.34415105e-002
61490.10833333 0.000000 0.000000 0.000000 6.01747513e+007 4.45633708e+007 1.62728721e+007 5.46577034e+006 1.59072749e+006 6.51673175e+005 3.04653884e+005 1.18329684e+005 3.60070104e+004 9.54416683e+003 2.90066898e+003 1.06411776e+003 4.21106646e+002 1.78194545e+002 6.83971253e+001 3.01145103e+001 1.58939891e+001 1.10529126e+001 6.60141896e+000 3.60165906e+000 2.47216342e+000
61499.90833333 0.000000 0.000000 0.000000 1.70515681e+007 1.43037781e+007 5.57971986e+006 1.19487002e+006 3.35382176e+005 1.42672334e+005 6.33341259e+004 2.04134949e+004 4.59294122e+003 9.76711640e+002 2.58679271e+002 8.03159117e+001 2.64799285e+001 9.44005255e+000 3.56729091e+000 1.52346423e+000 7.58655133e-001 4.45326612e-001 2.19719930e-001 9.63890690e-002 5.76783168e-002
61509.70833333 0.000000 0.000000 0.000000 4.07541170e+005 3.23900364e+005 8.41596956e+004 4.64061896e+003 1.03876916e+002 9.09445371e+000 1.70763061e+000 3.30642906e-001 6.20643330e-002 1.53278609e-002 5.80164247e-003 2.40359536e-003 1.03843017e-003 4.20327841e-004 2.13813878e-004 1.30451946e-004 9.57732317e-005 6.17262536e-005 2.56113591e-005 4.83369221e-006 1.30154716e-006
61519.50833333 0.000000 0.000000 0.000000 2.62121992e+007 1.41933556e+007 3.65606584e+006 4.41399652e+005 1.29883502e+005 5.10617346e+004 1.72625200e+004 4.00601554e+003 1.43277127e+003 6.27697505e+002 2.48301457e+002 8.17485559e+001 2.51550636e+001 8.07777547e+000 2.87778245e+000 1.23493866e+000 6.11090196e-001 3.33012932e-001 1.51028476e-001 5.44716706e-002 3.06010217e-002
61529.30833333 0.000000 0.000000 0.000000 1.42978683e+007 9.82144044e+006 3.40301197e+006 1.07548564e+006 3.46860721e+005 1.34991560e+005 5.60382635e+004 1.69894265e+004 4.44917346e+003 1.03162875e+003 2.72018283e+002 6.93529541e+001 1.81455158e+001 5.63798258e+000 2.13540439e+000 9.80808729e-001 5.24203973e-001 3.16726739e-001 1.63616192e-001 8.73988956e-002 6.56653262e-002
61531.10244374 0.000000 0.000000 0.000000 0.00000000e+000 0.00000000e+000 0.00000000e+000 0.00000000e+000 0.00000000e+000 0.00000000e+000 0.00000000e+000 0.00000000e+000 0.00000000e+000 0.00000000e+000 0.00000000e+000 0.00000000e+000 0.00000000e+000 0.00000000e+000 0.00000000e+000 0.00000000e+000 0.00000000e+000 0.00000000e+000 0.00000000e+000 0.00000000e+000 0.00000000e+000
