# Ae9Ap9 Model output file: MoonBEAM_trajectory_trade/Rp30408_22N.AE9.output_mc_fluxIntvAvg_003.txt
# Ae9Ap9 Software Version:  1.50.001
#
# Model type:               AE9
# Particle species:         e-
# Flux type:                1PtDiff
# Flux direction:           Omnidirectional
# Energy levels (MeV):       0.04 0.07 0.1 0.25 0.5 0.75 1 1.5 2 2.5 3 3.5 4 4.5 5 5.5 6 6.5 7 8.5 10
#
# Accumulation mode:        Interval, length = 846720 seconds (9.8 days)
#
# Time format:              Modified Julian Date
# Coordinate system:        GEI (Geocentric Equatorial Inertial) Cartesian in km
# Data Delimiter:           space
#
# datetime(mjd),posx(km),posy(km),posz(km),flux,flux,flux,flux,flux,flux,flux,flux,flux,flux,flux,flux,flux,flux,flux,flux,flux,flux,flux,flux,flux(#/cm^2/s/MeV)
61421.50833333 0.000000 0.000000 0.000000 7.01103966e+007 5.20050925e+007 1.93058715e+007 6.05266932e+006 1.57051312e+006 5.62561128e+005 2.18693173e+005 6.98977901e+004 2.27031083e+004 7.38451151e+003 2.82866211e+003 1.19690974e+003 5.20776192e+002 2.36596927e+002 1.06051786e+002 5.20157729e+001 2.86593849e+001 1.82631548e+001 9.93896991e+000 4.79822012e+000 3.04499556e+000
61431.30833333 0.000000 0.000000 0.000000 1.30205768e+007 8.38527038e+006 2.27513274e+006 6.55676391e+004 6.20106879e+003 1.56014839e+003 3.17824591e+002 3.19952972e+001 3.96681020e+000 9.80171246e-001 3.14582915e-001 1.04828882e-001 3.24187751e-002 1.13330538e-002 5.30679590e-003 2.50800101e-003 1.02893684e-003 3.55214256e-004 8.91847769e-005 2.00213109e-005 9.25942633e-006
61441.10833333 0.000000 0.000000 0.000000 1.95804733e+007 1.21152844e+007 3.08366323e+006 9.89767704e+004 1.03290375e+004 2.71067743e+003 5.77790459e+002 5.62156981e+001 6.01811948e+000 1.38477255e+000 4.55293983e-001 1.50313061e-001 4.67232904e-002 1.66127061e-002 7.93139908e-003 3.80720960e-003 1.57071474e-003 5.46039427e-004 1.41355936e-004 3.35562102e-005 1.56519695e-005
61450.90833333 0.000000 0.000000 0.000000 2.64606177e+003 2.36790824e+003 1.86401322e+003 5.67911380e+004 3.04671037e+004 1.14650603e+004 5.12506125e+003 2.07913468e+003 5.46831730e+002 1.63046927e+002 7.58678625e+001 3.62878550e+001 1.83068643e+001 9.87212325e+000 5.33676038e+000 3.00934137e+000 1.82674303e+000 1.25427147e+000 7.25283872e-001 4.52464847e-001 3.44668675e-001
61460.70833333 0.000000 0.000000 0.000000 3.03280037e+006 2.39428406e+006 9.78160603e+005 6.18957890e+005 1.87195888e+005 7.61967906e+004 3.26315100e+004 9.46641972e+003 1.96958861e+003 4.74064736e+002 1.73742416e+002 7.26207803e+001 3.19336331e+001 1.51414183e+001 7.17878791e+000 3.68044456e+000 2.07335509e+000 1.33721221e+000 7.05703426e-001 3.35077396e-001 2.01708938e-001
61470.50833333 0.000000 0.000000 0.000000 0.00000000e+000 0.00000000e+000 0.00000000e+000 0.00000000e+000 0.00000000e+000 0.00000000e+000 0.00000000e+000 0.00000000e+000 0.00000000e+000 0.00000000e+000 0.00000000e+000 0.00000000e+000 0.00000000e+000 0.00000000e+000 0.00000000e+000 0.00000000e+000 0.00000000e+000 0.00000000e+000 0.00000000e+000 0.00000000e+000 0.00000000e+000
61480.30833333 0.000000 0.000000 0.000000 3.89889827e+006 2.62552563e+006 9.49508365e+005 7.57003833e+005 3.13480007e+005 1.53040298e+005 8.92066261e+004 4.56229158e+004 1.40464098e+004 4.04293614e+003 1.47410783e+003 6.56823070e+002 2.99705351e+002 1.42460421e+002 6.05509727e+001 2.82948546e+001 1.52232857e+001 1.04845800e+001 6.30944709e+000 3.24504940e+000 1.97242401e+000
61490.10833333 0.000000 0.000000 0.000000 5.84844875e+006 4.06454467e+006 1.35746247e+006 2.54735779e+005 1.10195154e+005 5.13055095e+004 1.91968981e+004 6.05238672e+003 2.57895593e+003 1.02166048e+003 3.46856508e+002 1.26689141e+002 4.40491701e+001 1.56819549e+001 5.68089601e+000 2.31927192e+000 1.03978360e+000 5.26668620e-001 2.15572597e-001 6.30397241e-002 2.72635385e-002
61499.90833333 0.000000 0.000000 0.000000 2.08075287e+006 1.46644286e+006 5.86228874e+005 2.62354944e+005 9.64168196e+004 3.80217718e+004 1.47262989e+004 4.94652436e+003 1.90414903e+003 7.20205039e+002 2.81102038e+002 1.20586415e+002 5.08682190e+001 2.20224205e+001 9.27309356e+000 4.25361821e+000 2.15837798e+000 1.27197306e+000 6.16324462e-001 2.43799184e-001 1.30397726e-001
61509.70833333 0.000000 0.000000 0.000000 3.39596922e+004 2.72696185e+004 7.21070650e+003 8.19768287e+002 6.78820439e+001 8.15514570e+000 2.02193378e+000 5.71298899e-001 1.65987969e-001 5.68173796e-002 2.56159982e-002 1.27567751e-002 6.72363242e-003 3.40356418e-003 1.83098233e-003 9.89924167e-004 6.19562404e-004 4.08418775e-004 1.93641940e-004 8.20214629e-005 4.05947174e-005
61519.50833333 0.000000 0.000000 0.000000 1.08615128e+007 7.63544275e+006 2.26298800e+006 4.41908925e+005 1.42353490e+005 5.73441711e+004 2.02311122e+004 4.48553300e+003 1.07734149e+003 4.44336826e+002 2.10602909e+002 9.81695522e+001 4.41563776e+001 2.02731554e+001 9.19101167e+000 4.72421558e+000 2.71881905e+000 1.77730414e+000 9.63374026e-001 4.35307129e-001 2.46300282e-001
61529.30833333 0.000000 0.000000 0.000000 3.18864364e+005 2.83709484e+005 1.71555875e+005 3.04104542e+005 2.03703702e+005 8.64610584e+004 3.64528048e+004 1.41486686e+004 5.08683525e+003 1.77038189e+003 6.44661934e+002 2.53300100e+002 1.01049586e+002 4.18537098e+001 1.78650216e+001 9.05424837e+000 5.31206901e+000 3.57262006e+000 2.03145695e+000 9.82507801e-001 5.70279773e-001
61531.10244374 0.000000 0.000000 0.000000 0.00000000e+000 0.00000000e+000 0.00000000e+000 0.00000000e+000 0.00000000e+000 0.00000000e+000 0.00000000e+000 0.00000000e+000 0.00000000e+000 0.00000000e+000 0.00000000e+000 0.00000000e+000 0.00000000e+000 0.00000000e+000 0.00000000e+000 0.00000000e+000 0.00000000e+000 0.00000000e+000 0.00000000e+000 0.00000000e+000 0.00000000e+000
