# Ae9Ap9 Model output file: MoonBEAM_trajectory_trade/Rp30408_22N.AE9.output_mc_fluxIntvAvg_092.txt
# Ae9Ap9 Software Version:  1.50.001
#
# Model type:               AE9
# Particle species:         e-
# Flux type:                1PtDiff
# Flux direction:           Omnidirectional
# Energy levels (MeV):       0.04 0.07 0.1 0.25 0.5 0.75 1 1.5 2 2.5 3 3.5 4 4.5 5 5.5 6 6.5 7 8.5 10
#
# Accumulation mode:        Interval, length = 846720 seconds (9.8 days)
#
# Time format:              Modified Julian Date
# Coordinate system:        GEI (Geocentric Equatorial Inertial) Cartesian in km
# Data Delimiter:           space
#
# datetime(mjd),posx(km),posy(km),posz(km),flux,flux,flux,flux,flux,flux,flux,flux,flux,flux,flux,flux,flux,flux,flux,flux,flux,flux,flux,flux,flux(#/cm^2/s/MeV)
61421.50833333 0.000000 0.000000 0.000000 1.58543956e+008 1.27263694e+008 3.93461974e+007 8.98292273e+006 1.83770477e+006 5.70525448e+005 2.22441767e+005 8.65277627e+004 3.01380924e+004 9.48879433e+003 3.24725648e+003 1.24022391e+003 5.06798105e+002 2.06070412e+002 8.75816481e+001 4.27394542e+001 2.51204263e+001 1.67472189e+001 9.84902890e+000 5.15378667e+000 3.37202759e+000
61431.30833333 0.000000 0.000000 0.000000 4.17722376e+006 3.60134851e+006 1.09208846e+006 2.65442447e+005 9.67285250e+004 4.54147393e+004 1.91935095e+004 6.55960915e+003 2.24670371e+003 8.49308009e+002 3.27649665e+002 1.32546428e+002 5.16449221e+001 1.89206290e+001 7.07963887e+000 3.22513683e+000 1.83076464e+000 1.20831314e+000 6.95514799e-001 3.30931646e-001 1.97700063e-001
61441.10833333 0.000000 0.000000 0.000000 4.70829994e+006 3.99844953e+006 1.21457057e+006 3.27325675e+005 1.24754552e+005 5.89934955e+004 2.52024438e+004 8.65952375e+003 2.90128836e+003 1.11552881e+003 4.35537313e+002 1.76939225e+002 6.86138158e+001 2.49941882e+001 9.41287496e+000 4.37025667e+000 2.52380501e+000 1.67820056e+000 9.68438992e-001 4.63182378e-001 2.77271368e-001
61450.90833333 0.000000 0.000000 0.000000 8.29758837e+006 4.25102011e+006 1.13831363e+006 4.26463430e+005 1.02748982e+005 3.45771595e+004 1.36355514e+004 5.70546301e+003 2.78067890e+003 1.19201415e+003 5.28093461e+002 2.46752497e+002 1.13355204e+002 4.87104153e+001 2.02146137e+001 9.32799956e+000 5.21095682e+000 3.40315858e+000 1.93820890e+000 9.90864015e-001 6.49063836e-001
61460.70833333 0.000000 0.000000 0.000000 5.73377683e+007 3.01432628e+007 6.56851875e+006 7.39369156e+005 7.35395443e+004 1.40629627e+004 3.71743424e+003 9.93625528e+002 2.83907565e+002 8.71598123e+001 3.20676262e+001 1.26920991e+001 5.31938536e+000 2.20906032e+000 9.72799115e-001 4.70236223e-001 2.72653968e-001 1.77784838e-001 1.00219406e-001 5.98475061e-002 4.63617865e-002
61470.50833333 0.000000 0.000000 0.000000 0.00000000e+000 0.00000000e+000 0.00000000e+000 0.00000000e+000 0.00000000e+000 0.00000000e+000 0.00000000e+000 0.00000000e+000 0.00000000e+000 0.00000000e+000 0.00000000e+000 0.00000000e+000 0.00000000e+000 0.00000000e+000 0.00000000e+000 0.00000000e+000 0.00000000e+000 0.00000000e+000 0.00000000e+000 0.00000000e+000 0.00000000e+000
61480.30833333 0.000000 0.000000 0.000000 1.77818689e+007 1.47026559e+007 4.80533400e+006 1.46255679e+006 3.42897914e+005 1.40580977e+005 6.85040956e+004 2.30234942e+004 3.89606490e+003 7.02061084e+002 2.06406224e+002 7.32941762e+001 2.88331985e+001 1.14637907e+001 4.81251291e+000 2.29391636e+000 1.33570809e+000 9.02045081e-001 5.30547506e-001 2.85546167e-001 1.83311985e-001
61490.10833333 0.000000 0.000000 0.000000 8.78531191e+006 7.37285954e+006 2.34323093e+006 5.08431680e+005 1.28311084e+005 4.83755305e+004 1.98826228e+004 7.59491738e+003 2.28174782e+003 6.55767076e+002 2.07211592e+002 7.29525975e+001 2.58678985e+001 8.97856930e+000 3.33124816e+000 1.46181981e+000 7.88242696e-001 4.89395205e-001 2.63998138e-001 1.24701349e-001 7.70189009e-002
61499.90833333 0.000000 0.000000 0.000000 1.08106795e+008 5.82308686e+007 1.16520929e+007 1.48524088e+006 3.39570301e+005 1.46743117e+005 6.18772613e+004 1.80467419e+004 5.55568619e+003 1.81495467e+003 6.60625373e+002 2.69663640e+002 1.09353045e+002 4.24124125e+001 1.62254368e+001 7.07779057e+000 3.76755313e+000 2.36023327e+000 1.29860602e+000 6.09560565e-001 3.70789096e-001
61509.70833333 0.000000 0.000000 0.000000 1.94683359e+006 1.14485640e+006 1.74168498e+005 5.75187279e+003 9.89021084e+001 8.91837315e+000 1.37569794e+000 1.88596355e-001 2.84627917e-002 6.22411331e-003 2.30028040e-003 1.02350092e-003 4.95683761e-004 2.25188540e-004 1.11570950e-004 5.63469446e-005 3.62066518e-005 2.43450421e-005 1.16529524e-005 5.31067947e-006 2.99570545e-006
61519.50833333 0.000000 0.000000 0.000000 4.07596704e+006 5.05936121e+006 2.39971653e+006 9.40127661e+005 2.26229959e+005 8.13903528e+004 3.54860985e+004 1.53045484e+004 4.16470862e+003 7.83120710e+002 1.72011269e+002 4.51291659e+001 1.25959232e+001 3.78517722e+000 1.38918490e+000 6.37673700e-001 3.62133625e-001 2.28202362e-001 1.22628364e-001 5.90461761e-002 3.88107955e-002
61529.30833333 0.000000 0.000000 0.000000 5.86250195e+006 3.00820758e+006 7.56916473e+005 1.50000038e+005 4.28643152e+004 1.15765867e+004 3.32031148e+003 9.21724451e+002 5.05639380e+002 3.72741405e+002 2.32307651e+002 1.09632598e+002 4.51914145e+001 1.79801220e+001 7.58333323e+000 3.86738482e+000 2.38221145e+000 1.63268363e+000 9.70578970e-001 5.40926967e-001 3.89810346e-001
61531.10244374 0.000000 0.000000 0.000000 0.00000000e+000 0.00000000e+000 0.00000000e+000 0.00000000e+000 0.00000000e+000 0.00000000e+000 0.00000000e+000 0.00000000e+000 0.00000000e+000 0.00000000e+000 0.00000000e+000 0.00000000e+000 0.00000000e+000 0.00000000e+000 0.00000000e+000 0.00000000e+000 0.00000000e+000 0.00000000e+000 0.00000000e+000 0.00000000e+000 0.00000000e+000
