# Ae9Ap9 Model output file: MoonBEAM_trajectory_trade/Rp30408_22N.AE9.output_mc_fluxIntvAvg_030.txt
# Ae9Ap9 Software Version:  1.50.001
#
# Model type:               AE9
# Particle species:         e-
# Flux type:                1PtDiff
# Flux direction:           Omnidirectional
# Energy levels (MeV):       0.04 0.07 0.1 0.25 0.5 0.75 1 1.5 2 2.5 3 3.5 4 4.5 5 5.5 6 6.5 7 8.5 10
#
# Accumulation mode:        Interval, length = 846720 seconds (9.8 days)
#
# Time format:              Modified Julian Date
# Coordinate system:        GEI (Geocentric Equatorial Inertial) Cartesian in km
# Data Delimiter:           space
#
# datetime(mjd),posx(km),posy(km),posz(km),flux,flux,flux,flux,flux,flux,flux,flux,flux,flux,flux,flux,flux,flux,flux,flux,flux,flux,flux,flux,flux(#/cm^2/s/MeV)
61421.50833333 0.000000 0.000000 0.000000 2.42935608e+007 1.93161147e+007 7.89140128e+006 1.92391889e+006 5.17300950e+005 1.82191779e+005 7.13783600e+004 2.35157683e+004 6.79991158e+003 2.22766877e+003 8.94038485e+002 3.81259096e+002 1.73551466e+002 7.91277150e+001 3.78926407e+001 2.07805540e+001 1.34589290e+001 9.67164953e+000 5.89031974e+000 3.21304147e+000 2.14891174e+000
61431.30833333 0.000000 0.000000 0.000000 2.39608814e+006 1.63663652e+006 6.09694038e+005 3.28941216e+005 1.01786689e+005 4.21521523e+004 1.97613224e+004 6.28867228e+003 1.46846970e+003 3.43417565e+002 1.18126149e+002 4.38060001e+001 1.79090963e+001 7.94331659e+000 3.66639622e+000 1.93519263e+000 1.18653134e+000 8.55064651e-001 5.26835235e-001 2.97992922e-001 1.99706107e-001
61441.10833333 0.000000 0.000000 0.000000 3.30565845e+006 2.12235778e+006 7.45810215e+005 3.60409047e+005 1.09471161e+005 4.54784555e+004 2.10706010e+004 6.86382061e+003 1.70857364e+003 4.08679374e+002 1.38819173e+002 5.07704858e+001 1.99167228e+001 8.48266436e+000 3.87592523e+000 2.07345035e+000 1.29777259e+000 9.37141412e-001 5.77380196e-001 3.27858039e-001 2.22181147e-001
61450.90833333 0.000000 0.000000 0.000000 3.67643388e+006 2.55189021e+006 9.27468762e+005 1.74139691e+005 2.35028713e+004 5.28936873e+003 1.46767994e+003 4.03465301e+002 9.34961908e+001 1.97847131e+001 6.07013844e+000 2.20122198e+000 9.61622183e-001 4.47025163e-001 2.46268369e-001 1.43093004e-001 9.29304121e-002 6.59038390e-002 4.27145918e-002 2.96247637e-002 2.25899898e-002
61460.70833333 0.000000 0.000000 0.000000 5.37667896e+005 4.93545680e+005 2.43544889e+005 1.05131560e+005 2.85101135e+004 8.74109355e+003 3.24993549e+003 9.77684190e+002 1.88675845e+002 3.96648057e+001 1.44259046e+001 5.98354656e+000 2.92430676e+000 1.53872514e+000 9.08168931e-001 5.55248228e-001 3.69913308e-001 2.63762750e-001 1.64865968e-001 1.00590952e-001 7.12166740e-002
61470.50833333 0.000000 0.000000 0.000000 0.00000000e+000 0.00000000e+000 0.00000000e+000 0.00000000e+000 0.00000000e+000 0.00000000e+000 0.00000000e+000 0.00000000e+000 0.00000000e+000 0.00000000e+000 0.00000000e+000 0.00000000e+000 0.00000000e+000 0.00000000e+000 0.00000000e+000 0.00000000e+000 0.00000000e+000 0.00000000e+000 0.00000000e+000 0.00000000e+000 0.00000000e+000
61480.30833333 0.000000 0.000000 0.000000 6.25084759e+005 7.90032968e+005 4.08224353e+005 1.76049404e+005 5.61002480e+004 2.32922060e+004 1.03467879e+004 3.57486093e+003 8.11239171e+002 1.81651089e+002 5.35664954e+001 1.82759360e+001 6.78652315e+000 2.65276294e+000 1.17290616e+000 5.78872007e-001 3.30290295e-001 2.07674869e-001 1.17663519e-001 5.82553767e-002 3.69874208e-002
61490.10833333 0.000000 0.000000 0.000000 2.85113467e+006 1.67149180e+006 4.66774179e+005 5.39584677e+004 2.14660787e+004 1.16797594e+004 4.65895036e+003 1.10821364e+003 2.88372857e+002 8.97109724e+001 2.89681442e+001 8.77532463e+000 2.67742057e+000 8.80106862e-001 3.70031166e-001 1.78783386e-001 9.80930210e-002 5.46131104e-002 2.76926187e-002 1.09715678e-002 5.75455263e-003
61499.90833333 0.000000 0.000000 0.000000 5.28291162e+006 3.61508790e+006 1.23399604e+006 2.64883770e+005 6.85225868e+004 3.03395057e+004 1.11951561e+004 2.15713680e+003 3.83963695e+002 8.47508550e+001 2.76742325e+001 9.73535349e+000 3.74285843e+000 1.53518206e+000 7.39523721e-001 3.91214325e-001 2.33552531e-001 1.49490023e-001 8.62670687e-002 4.57146151e-002 3.02412355e-002
61509.70833333 0.000000 0.000000 0.000000 9.55604123e+004 6.45929673e+004 1.63209416e+004 1.11578237e+003 6.78413810e+001 7.44313510e+000 2.21583839e+000 7.52178956e-001 2.82460554e-001 1.19402460e-001 6.21296227e-002 3.69306531e-002 2.47806916e-002 1.76451590e-002 1.15277745e-002 5.54227985e-003 3.28749977e-003 2.54744338e-003 1.60507430e-003 9.88619523e-004 5.17182745e-004
61519.50833333 0.000000 0.000000 0.000000 2.15704625e+007 1.46626526e+007 4.62228042e+006 8.84478714e+005 1.47053861e+005 4.78013237e+004 1.87196540e+004 5.01954779e+003 7.65185697e+002 6.83004762e+001 9.34945384e+000 1.75207679e+000 4.41318715e-001 1.56078057e-001 8.53368262e-002 5.14091541e-002 3.28365262e-002 2.03434532e-002 1.12880237e-002 5.43116476e-003 3.32978973e-003
61529.30833333 0.000000 0.000000 0.000000 3.77907387e+005 1.97250280e+005 5.59863917e+004 2.99309461e+004 2.37231174e+004 1.36358995e+004 6.50371868e+003 2.25789969e+003 1.08462465e+003 6.88464148e+002 3.55878612e+002 1.43151898e+002 5.24630943e+001 1.91883143e+001 7.44384221e+000 3.60223276e+000 2.09927345e+000 1.39721156e+000 7.83923684e-001 3.64787747e-001 2.26002543e-001
61531.10244374 0.000000 0.000000 0.000000 0.00000000e+000 0.00000000e+000 0.00000000e+000 0.00000000e+000 0.00000000e+000 0.00000000e+000 0.00000000e+000 0.00000000e+000 0.00000000e+000 0.00000000e+000 0.00000000e+000 0.00000000e+000 0.00000000e+000 0.00000000e+000 0.00000000e+000 0.00000000e+000 0.00000000e+000 0.00000000e+000 0.00000000e+000 0.00000000e+000 0.00000000e+000
