# Ae9Ap9 Model output file: MoonBEAM_trajectory_trade/Rp30408_22N.AP9.output_mc_fluenceIntv_087.txt
# Ae9Ap9 Software Version:  1.50.001
#
# Model type:               AP9
# Particle species:         H+
# Flux type:                1PtDiff
# Flux direction:           Omnidirectional
# Energy levels (MeV):       0.1 0.2 0.4 0.6 0.8 1 2 4 6 8 10 15 20 30 50 60 80 100 150 200 300 400 700 1200 2000
#
# Accumulation mode:        Interval, length = 846720 seconds (9.8 days)
#
# Time format:              Modified Julian Date
# Coordinate system:        GEI (Geocentric Equatorial Inertial) Cartesian in km
# Data Delimiter:           space
#
# datetime(mjd),posx(km),posy(km),posz(km),fluence,fluence,fluence,fluence,fluence,fluence,fluence,fluence,fluence,fluence,fluence,fluence,fluence,fluence,fluence,fluence,fluence,fluence,fluence,fluence,fluence,fluence,fluence,fluence,fluence(#/cm^2/MeV)
61421.50833333 0.000000 0.000000 0.000000 6.69682299e+012 3.72499606e+012 2.19711608e+012 1.25595871e+012 6.88359062e+011 1.67964077e+011 2.35959121e+010 3.03534513e+009 3.96548787e+008 7.90689743e+007 1.73432561e+007 4.70019307e+006 1.60337324e+006 7.66796905e+005 4.96929899e+005 3.59035704e+005 2.93721238e+005 2.07664825e+005 1.33328433e+005 5.91977008e+004 2.06148420e+004 2.21319354e+003 1.06511739e+002 1.00615748e+000 2.07674629e-002
61431.30833333 0.000000 0.000000 0.000000 6.98858511e+012 3.85555745e+012 2.23984342e+012 1.26835775e+012 6.92396080e+011 1.68644439e+011 2.36056138e+010 3.03540348e+009 3.96549008e+008 7.90689758e+007 1.73432561e+007 4.70019307e+006 1.60337324e+006 7.66796905e+005 4.96929899e+005 3.59035704e+005 2.93721238e+005 2.07664825e+005 1.33328433e+005 5.91977008e+004 2.06148420e+004 2.21319354e+003 1.06511739e+002 1.00615748e+000 2.07674629e-002
61441.10833333 0.000000 0.000000 0.000000 7.37015565e+012 4.02938074e+012 2.29779702e+012 1.28550507e+012 6.98050318e+011 1.69599184e+011 2.36191522e+010 3.03548875e+009 3.96549336e+008 7.90689781e+007 1.73432561e+007 4.70019307e+006 1.60337324e+006 7.66796905e+005 4.96929899e+005 3.59035704e+005 2.93721238e+005 2.07664825e+005 1.33328433e+005 5.91977008e+004 2.06148420e+004 2.21319354e+003 1.06511739e+002 1.00615748e+000 2.07674629e-002
61450.90833333 0.000000 0.000000 0.000000 8.41515158e+012 4.62134049e+012 2.56448967e+012 1.37365082e+012 7.26071510e+011 1.73305384e+011 2.36691837e+010 3.03589304e+009 3.96553317e+008 7.90690427e+007 1.73432582e+007 4.70019307e+006 1.60337324e+006 7.66796905e+005 4.96929899e+005 3.59035704e+005 2.93721238e+005 2.07664825e+005 1.33328433e+005 5.91977008e+004 2.06148420e+004 2.21319354e+003 1.06511739e+002 1.00615748e+000 2.07674629e-002
61460.70833333 0.000000 0.000000 0.000000 9.39651183e+012 5.20582848e+012 2.86138855e+012 1.47987768e+012 7.63605876e+011 1.78650629e+011 2.37517753e+010 3.03637013e+009 3.96556116e+008 7.90690745e+007 1.73432590e+007 4.70019307e+006 1.60337324e+006 7.66796905e+005 4.96929899e+005 3.59035704e+005 2.93721238e+005 2.07664825e+005 1.33328433e+005 5.91977008e+004 2.06148420e+004 2.21319354e+003 1.06511739e+002 1.00615748e+000 2.07674629e-002
61470.50833333 0.000000 0.000000 0.000000 9.39651183e+012 5.20582848e+012 2.86138855e+012 1.47987768e+012 7.63605876e+011 1.78650629e+011 2.37517753e+010 3.03637013e+009 3.96556116e+008 7.90690745e+007 1.73432590e+007 4.70019307e+006 1.60337324e+006 7.66796905e+005 4.96929899e+005 3.59035704e+005 2.93721238e+005 2.07664825e+005 1.33328433e+005 5.91977008e+004 2.06148420e+004 2.21319354e+003 1.06511739e+002 1.00615748e+000 2.07674629e-002
61480.30833333 0.000000 0.000000 0.000000 1.10550278e+013 6.47070028e+012 3.51629425e+012 1.71637006e+012 8.48649460e+011 1.89484325e+011 2.39126972e+010 3.03726551e+009 3.96567619e+008 7.90693526e+007 1.73432704e+007 4.70019307e+006 1.60337324e+006 7.66796905e+005 4.96929899e+005 3.59035704e+005 2.93721238e+005 2.07664825e+005 1.33328433e+005 5.91977008e+004 2.06148420e+004 2.21319354e+003 1.06511739e+002 1.00615748e+000 2.07674629e-002
61490.10833333 0.000000 0.000000 0.000000 1.21722344e+013 7.17662453e+012 3.90071724e+012 1.85887648e+012 8.98028748e+011 1.96093208e+011 2.39973849e+010 3.03789357e+009 3.96572656e+008 7.90694174e+007 1.73432721e+007 4.70019307e+006 1.60337324e+006 7.66796905e+005 4.96929899e+005 3.59035704e+005 2.93721238e+005 2.07664825e+005 1.33328433e+005 5.91977008e+004 2.06148420e+004 2.21319354e+003 1.06511739e+002 1.00615748e+000 2.07674629e-002
61499.90833333 0.000000 0.000000 0.000000 1.29531116e+013 7.60533233e+012 4.13487816e+012 1.95122947e+012 9.32667591e+011 2.01117432e+011 2.40708222e+010 3.03844866e+009 3.96577275e+008 7.90694894e+007 1.73432744e+007 4.70019307e+006 1.60337324e+006 7.66796905e+005 4.96929899e+005 3.59035704e+005 2.93721238e+005 2.07664825e+005 1.33328433e+005 5.91977008e+004 2.06148420e+004 2.21319354e+003 1.06511739e+002 1.00615748e+000 2.07674629e-002
61509.70833333 0.000000 0.000000 0.000000 1.29535414e+013 7.60549588e+012 4.13491001e+012 1.95123597e+012 9.32669300e+011 2.01117537e+011 2.40708231e+010 3.03844866e+009 3.96577275e+008 7.90694894e+007 1.73432744e+007 4.70019307e+006 1.60337324e+006 7.66796905e+005 4.96929899e+005 3.59035704e+005 2.93721238e+005 2.07664825e+005 1.33328433e+005 5.91977008e+004 2.06148420e+004 2.21319354e+003 1.06511739e+002 1.00615748e+000 2.07674629e-002
61519.50833333 0.000000 0.000000 0.000000 1.38089502e+013 7.94494667e+012 4.22356233e+012 1.97407732e+012 9.39655941e+011 2.02309517e+011 2.40850732e+010 3.03856148e+009 3.96577738e+008 7.90694925e+007 1.73432744e+007 4.70019307e+006 1.60337324e+006 7.66796905e+005 4.96929899e+005 3.59035704e+005 2.93721238e+005 2.07664825e+005 1.33328433e+005 5.91977008e+004 2.06148420e+004 2.21319354e+003 1.06511739e+002 1.00615748e+000 2.07674629e-002
61529.30833333 0.000000 0.000000 0.000000 1.44714269e+013 8.22237325e+012 4.29196651e+012 1.99025406e+012 9.44254842e+011 2.03095305e+011 2.40931879e+010 3.03862218e+009 3.96577982e+008 7.90694941e+007 1.73432744e+007 4.70019307e+006 1.60337324e+006 7.66796905e+005 4.96929899e+005 3.59035704e+005 2.93721238e+005 2.07664825e+005 1.33328433e+005 5.91977008e+004 2.06148420e+004 2.21319354e+003 1.06511739e+002 1.00615748e+000 2.07674629e-002
61531.10244374 0.000000 0.000000 0.000000 1.44714269e+013 8.22237325e+012 4.29196651e+012 1.99025406e+012 9.44254842e+011 2.03095305e+011 2.40931879e+010 3.03862218e+009 3.96577982e+008 7.90694941e+007 1.73432744e+007 4.70019307e+006 1.60337324e+006 7.66796905e+005 4.96929899e+005 3.59035704e+005 2.93721238e+005 2.07664825e+005 1.33328433e+005 5.91977008e+004 2.06148420e+004 2.21319354e+003 1.06511739e+002 1.00615748e+000 2.07674629e-002
