# Ae9Ap9 Model output file: MoonBEAM_trajectory_trade/Rp30408_22N.AP9.output_mc_fluxIntvAvg_033.txt
# Ae9Ap9 Software Version:  1.50.001
#
# Model type:               AP9
# Particle species:         H+
# Flux type:                1PtDiff
# Flux direction:           Omnidirectional
# Energy levels (MeV):       0.1 0.2 0.4 0.6 0.8 1 2 4 6 8 10 15 20 30 50 60 80 100 150 200 300 400 700 1200 2000
#
# Accumulation mode:        Interval, length = 846720 seconds (9.8 days)
#
# Time format:              Modified Julian Date
# Coordinate system:        GEI (Geocentric Equatorial Inertial) Cartesian in km
# Data Delimiter:           space
#
# datetime(mjd),posx(km),posy(km),posz(km),flux,flux,flux,flux,flux,flux,flux,flux,flux,flux,flux,flux,flux,flux,flux,flux,flux,flux,flux,flux,flux,flux,flux,flux,flux(#/cm^2/s/MeV)
61421.50833333 0.000000 0.000000 0.000000 3.45185395e+006 1.57796848e+006 6.51039858e+005 3.69549576e+005 2.21917117e+005 5.73397735e+004 8.71738433e+003 1.28315943e+003 2.46817976e+002 7.17358901e+001 2.29498216e+001 8.82432441e+000 3.38015239e+000 1.36398176e+000 6.64183571e-001 4.01155934e-001 2.88494022e-001 1.70080368e-001 8.68561120e-002 3.25341481e-002 1.13262200e-002 8.62807766e-004 4.23394263e-005 7.35047110e-007 1.35670174e-008
61431.30833333 0.000000 0.000000 0.000000 3.35080119e+005 1.28557145e+005 2.49132320e+004 5.08242820e+003 1.35105386e+003 1.84269273e+002 9.18191555e+000 7.97229274e-002 4.10353218e-004 2.74883876e-006 0.00000000e+000 0.00000000e+000 0.00000000e+000 0.00000000e+000 0.00000000e+000 0.00000000e+000 0.00000000e+000 0.00000000e+000 0.00000000e+000 0.00000000e+000 0.00000000e+000 0.00000000e+000 0.00000000e+000 0.00000000e+000 0.00000000e+000
61441.10833333 0.000000 0.000000 0.000000 4.36122686e+005 1.70158525e+005 3.39222110e+004 7.05481747e+003 1.89885865e+003 2.58610647e+002 1.28516514e+001 1.08463174e-001 5.45061971e-004 3.74062798e-006 0.00000000e+000 0.00000000e+000 0.00000000e+000 0.00000000e+000 0.00000000e+000 0.00000000e+000 0.00000000e+000 0.00000000e+000 0.00000000e+000 0.00000000e+000 0.00000000e+000 0.00000000e+000 0.00000000e+000 0.00000000e+000 0.00000000e+000
61450.90833333 0.000000 0.000000 0.000000 1.72158347e+006 7.09381971e+005 1.42557941e+005 3.34245943e+004 9.67666756e+003 1.10449908e+003 3.94800721e+001 2.37301486e-001 2.06825942e-003 2.82593573e-005 9.98418613e-007 0.00000000e+000 0.00000000e+000 0.00000000e+000 0.00000000e+000 0.00000000e+000 0.00000000e+000 0.00000000e+000 0.00000000e+000 0.00000000e+000 0.00000000e+000 0.00000000e+000 0.00000000e+000 0.00000000e+000 0.00000000e+000
61460.70833333 0.000000 0.000000 0.000000 1.18511791e+006 4.60464355e+005 1.01975631e+005 2.57442276e+004 8.22970315e+003 1.09679251e+003 6.25521405e+001 6.01629657e-001 4.73622986e-003 4.63457914e-005 1.29796936e-006 0.00000000e+000 0.00000000e+000 0.00000000e+000 0.00000000e+000 0.00000000e+000 0.00000000e+000 0.00000000e+000 0.00000000e+000 0.00000000e+000 0.00000000e+000 0.00000000e+000 0.00000000e+000 0.00000000e+000 0.00000000e+000
61470.50833333 0.000000 0.000000 0.000000 0.00000000e+000 0.00000000e+000 0.00000000e+000 0.00000000e+000 0.00000000e+000 0.00000000e+000 0.00000000e+000 0.00000000e+000 0.00000000e+000 0.00000000e+000 0.00000000e+000 0.00000000e+000 0.00000000e+000 0.00000000e+000 0.00000000e+000 0.00000000e+000 0.00000000e+000 0.00000000e+000 0.00000000e+000 0.00000000e+000 0.00000000e+000 0.00000000e+000 0.00000000e+000 0.00000000e+000 0.00000000e+000
61480.30833333 0.000000 0.000000 0.000000 1.42881261e+006 5.89602789e+005 1.40585608e+005 3.65775073e+004 1.08980445e+004 1.15707787e+003 5.13995725e+001 9.90651369e-001 1.33045019e-002 2.74774138e-004 1.10125509e-005 0.00000000e+000 0.00000000e+000 0.00000000e+000 0.00000000e+000 0.00000000e+000 0.00000000e+000 0.00000000e+000 0.00000000e+000 0.00000000e+000 0.00000000e+000 0.00000000e+000 0.00000000e+000 0.00000000e+000 0.00000000e+000
61490.10833333 0.000000 0.000000 0.000000 7.58765130e+005 2.88056981e+005 6.30292281e+004 1.45495628e+004 4.15782823e+003 5.06452506e+002 2.62452952e+001 3.27071098e-001 3.05743889e-003 3.44284251e-005 1.12348640e-006 0.00000000e+000 0.00000000e+000 0.00000000e+000 0.00000000e+000 0.00000000e+000 0.00000000e+000 0.00000000e+000 0.00000000e+000 0.00000000e+000 0.00000000e+000 0.00000000e+000 0.00000000e+000 0.00000000e+000 0.00000000e+000
61499.90833333 0.000000 0.000000 0.000000 9.06344268e+005 3.77900084e+005 9.21585433e+004 2.39796423e+004 7.62853159e+003 9.52105895e+002 4.75297731e+001 5.47466557e-001 5.57252437e-003 8.27035626e-005 3.35608583e-006 0.00000000e+000 0.00000000e+000 0.00000000e+000 0.00000000e+000 0.00000000e+000 0.00000000e+000 0.00000000e+000 0.00000000e+000 0.00000000e+000 0.00000000e+000 0.00000000e+000 0.00000000e+000 0.00000000e+000 0.00000000e+000
61509.70833333 0.000000 0.000000 0.000000 2.72048082e+002 7.44254874e+001 9.87961920e+000 1.92681841e+000 6.63325200e-001 9.23616752e-002 1.01497795e-003 1.59235120e-006 0.00000000e+000 0.00000000e+000 0.00000000e+000 0.00000000e+000 0.00000000e+000 0.00000000e+000 0.00000000e+000 0.00000000e+000 0.00000000e+000 0.00000000e+000 0.00000000e+000 0.00000000e+000 0.00000000e+000 0.00000000e+000 0.00000000e+000 0.00000000e+000 0.00000000e+000
61519.50833333 0.000000 0.000000 0.000000 3.73779678e+005 1.35051019e+005 2.43504677e+004 4.46581356e+003 1.19031793e+003 1.86469533e+002 1.15779010e+001 1.21126958e-001 6.60781876e-004 5.29095749e-006 0.00000000e+000 0.00000000e+000 0.00000000e+000 0.00000000e+000 0.00000000e+000 0.00000000e+000 0.00000000e+000 0.00000000e+000 0.00000000e+000 0.00000000e+000 0.00000000e+000 0.00000000e+000 0.00000000e+000 0.00000000e+000 0.00000000e+000
61529.30833333 0.000000 0.000000 0.000000 5.86966783e+005 1.95972416e+005 2.84121525e+004 4.60401283e+003 1.12134437e+003 1.74723639e+002 9.33385760e+000 5.03484731e-002 1.06165502e-004 3.87091675e-007 0.00000000e+000 0.00000000e+000 0.00000000e+000 0.00000000e+000 0.00000000e+000 0.00000000e+000 0.00000000e+000 0.00000000e+000 0.00000000e+000 0.00000000e+000 0.00000000e+000 0.00000000e+000 0.00000000e+000 0.00000000e+000 0.00000000e+000
61531.10244374 0.000000 0.000000 0.000000 0.00000000e+000 0.00000000e+000 0.00000000e+000 0.00000000e+000 0.00000000e+000 0.00000000e+000 0.00000000e+000 0.00000000e+000 0.00000000e+000 0.00000000e+000 0.00000000e+000 0.00000000e+000 0.00000000e+000 0.00000000e+000 0.00000000e+000 0.00000000e+000 0.00000000e+000 0.00000000e+000 0.00000000e+000 0.00000000e+000 0.00000000e+000 0.00000000e+000 0.00000000e+000 0.00000000e+000 0.00000000e+000
