# Ae9Ap9 Model output file: MoonBEAM_trajectory_trade/Rp30408_22N.AP9.output_mc_fluenceIntv_028.txt
# Ae9Ap9 Software Version:  1.50.001
#
# Model type:               AP9
# Particle species:         H+
# Flux type:                1PtDiff
# Flux direction:           Omnidirectional
# Energy levels (MeV):       0.1 0.2 0.4 0.6 0.8 1 2 4 6 8 10 15 20 30 50 60 80 100 150 200 300 400 700 1200 2000
#
# Accumulation mode:        Interval, length = 846720 seconds (9.8 days)
#
# Time format:              Modified Julian Date
# Coordinate system:        GEI (Geocentric Equatorial Inertial) Cartesian in km
# Data Delimiter:           space
#
# datetime(mjd),posx(km),posy(km),posz(km),fluence,fluence,fluence,fluence,fluence,fluence,fluence,fluence,fluence,fluence,fluence,fluence,fluence,fluence,fluence,fluence,fluence,fluence,fluence,fluence,fluence,fluence,fluence,fluence,fluence(#/cm^2/MeV)
61421.50833333 0.000000 0.000000 0.000000 1.85595880e+013 1.22685716e+013 5.38830217e+012 2.17281673e+012 9.70492874e+011 1.89944997e+011 1.51571509e+010 1.63022450e+009 3.12444962e+008 1.04217974e+008 4.12482963e+007 1.78767220e+007 7.07591847e+006 2.78279120e+006 1.34029104e+006 7.50976581e+005 5.03749751e+005 2.57919607e+005 1.23025928e+005 4.81229990e+004 2.01008074e+004 3.56582310e+003 4.00935634e+002 9.27600863e+000 9.64411795e-002
61431.30833333 0.000000 0.000000 0.000000 1.98405423e+013 1.27056099e+013 5.43196789e+012 2.17825534e+012 9.71590684e+011 1.90070777e+011 1.51597160e+010 1.63024789e+009 3.12445123e+008 1.04217977e+008 4.12482963e+007 1.78767220e+007 7.07591847e+006 2.78279120e+006 1.34029104e+006 7.50976581e+005 5.03749751e+005 2.57919607e+005 1.23025928e+005 4.81229990e+004 2.01008074e+004 3.56582310e+003 4.00935634e+002 9.27600863e+000 9.64411795e-002
61441.10833333 0.000000 0.000000 0.000000 2.15248535e+013 1.32924304e+013 5.49221017e+012 2.18589874e+012 9.73157057e+011 1.90249014e+011 1.51632959e+010 1.63028197e+009 3.12445364e+008 1.04217981e+008 4.12482963e+007 1.78767220e+007 7.07591847e+006 2.78279120e+006 1.34029104e+006 7.50976581e+005 5.03749751e+005 2.57919607e+005 1.23025928e+005 4.81229990e+004 2.01008074e+004 3.56582310e+003 4.00935634e+002 9.27600863e+000 9.64411795e-002
61450.90833333 0.000000 0.000000 0.000000 2.52062314e+013 1.52936547e+013 6.05910011e+012 2.32783556e+012 1.01912850e+012 1.95600422e+011 1.52971760e+010 1.63104706e+009 3.12452114e+008 1.04218140e+008 4.12483034e+007 1.78767220e+007 7.07591847e+006 2.78279120e+006 1.34029104e+006 7.50976581e+005 5.03749751e+005 2.57919607e+005 1.23025928e+005 4.81229990e+004 2.01008074e+004 3.56582310e+003 4.00935634e+002 9.27600863e+000 9.64411795e-002
61460.70833333 0.000000 0.000000 0.000000 3.01218018e+013 1.73792767e+013 6.40832401e+012 2.39015578e+012 1.03471290e+012 1.97188554e+011 1.53241224e+010 1.63119575e+009 3.12453292e+008 1.04218163e+008 4.12483042e+007 1.78767220e+007 7.07591847e+006 2.78279120e+006 1.34029104e+006 7.50976581e+005 5.03749751e+005 2.57919607e+005 1.23025928e+005 4.81229990e+004 2.01008074e+004 3.56582310e+003 4.00935634e+002 9.27600863e+000 9.64411795e-002
61470.50833333 0.000000 0.000000 0.000000 3.01218018e+013 1.73792767e+013 6.40832401e+012 2.39015578e+012 1.03471290e+012 1.97188554e+011 1.53241224e+010 1.63119575e+009 3.12453292e+008 1.04218163e+008 4.12483042e+007 1.78767220e+007 7.07591847e+006 2.78279120e+006 1.34029104e+006 7.50976581e+005 5.03749751e+005 2.57919607e+005 1.23025928e+005 4.81229990e+004 2.01008074e+004 3.56582310e+003 4.00935634e+002 9.27600863e+000 9.64411795e-002
61480.30833333 0.000000 0.000000 0.000000 3.70344311e+013 2.03823282e+013 6.95460640e+012 2.50386987e+012 1.06779658e+012 2.00577826e+011 1.53906006e+010 1.63158989e+009 3.12458662e+008 1.04218342e+008 4.12483147e+007 1.78767220e+007 7.07591847e+006 2.78279120e+006 1.34029104e+006 7.50976581e+005 5.03749751e+005 2.57919607e+005 1.23025928e+005 4.81229990e+004 2.01008074e+004 3.56582310e+003 4.00935634e+002 9.27600863e+000 9.64411795e-002
61490.10833333 0.000000 0.000000 0.000000 4.31181071e+013 2.27452986e+013 7.31259970e+012 2.56837452e+012 1.08476108e+012 2.02392520e+011 1.54240463e+010 1.63176642e+009 3.12460077e+008 1.04218370e+008 4.12483157e+007 1.78767220e+007 7.07591847e+006 2.78279120e+006 1.34029104e+006 7.50976581e+005 5.03749751e+005 2.57919607e+005 1.23025928e+005 4.81229990e+004 2.01008074e+004 3.56582310e+003 4.00935634e+002 9.27600863e+000 9.64411795e-002
61499.90833333 0.000000 0.000000 0.000000 4.95281334e+013 2.55074577e+013 7.79245015e+012 2.66223588e+012 1.11156522e+012 2.05342163e+011 1.54864805e+010 1.63215548e+009 3.12464047e+008 1.04218462e+008 4.12483197e+007 1.78767220e+007 7.07591847e+006 2.78279120e+006 1.34029104e+006 7.50976581e+005 5.03749751e+005 2.57919607e+005 1.23025928e+005 4.81229990e+004 2.01008074e+004 3.56582310e+003 4.00935634e+002 9.27600863e+000 9.64411795e-002
61509.70833333 0.000000 0.000000 0.000000 4.95296174e+013 2.55078073e+013 7.79248531e+012 2.66224156e+012 1.11156696e+012 2.05342329e+011 1.54864821e+010 1.63215549e+009 3.12464047e+008 1.04218462e+008 4.12483197e+007 1.78767220e+007 7.07591847e+006 2.78279120e+006 1.34029104e+006 7.50976581e+005 5.03749751e+005 2.57919607e+005 1.23025928e+005 4.81229990e+004 2.01008074e+004 3.56582310e+003 4.00935634e+002 9.27600863e+000 9.64411795e-002
61519.50833333 0.000000 0.000000 0.000000 5.18923239e+013 2.64504756e+013 7.93087648e+012 2.68560866e+012 1.11766033e+012 2.06230997e+011 1.55044357e+010 1.63227065e+009 3.12464735e+008 1.04218469e+008 4.12483197e+007 1.78767220e+007 7.07591847e+006 2.78279120e+006 1.34029104e+006 7.50976581e+005 5.03749751e+005 2.57919607e+005 1.23025928e+005 4.81229990e+004 2.01008074e+004 3.56582310e+003 4.00935634e+002 9.27600863e+000 9.64411795e-002
61529.30833333 0.000000 0.000000 0.000000 5.45198320e+013 2.72355110e+013 7.99322233e+012 2.69252037e+012 1.11906851e+012 2.06430623e+011 1.55079627e+010 1.63230034e+009 3.12464936e+008 1.04218472e+008 4.12483197e+007 1.78767220e+007 7.07591847e+006 2.78279120e+006 1.34029104e+006 7.50976581e+005 5.03749751e+005 2.57919607e+005 1.23025928e+005 4.81229990e+004 2.01008074e+004 3.56582310e+003 4.00935634e+002 9.27600863e+000 9.64411795e-002
61531.10244374 0.000000 0.000000 0.000000 5.45198320e+013 2.72355110e+013 7.99322233e+012 2.69252037e+012 1.11906851e+012 2.06430623e+011 1.55079627e+010 1.63230034e+009 3.12464936e+008 1.04218472e+008 4.12483197e+007 1.78767220e+007 7.07591847e+006 2.78279120e+006 1.34029104e+006 7.50976581e+005 5.03749751e+005 2.57919607e+005 1.23025928e+005 4.81229990e+004 2.01008074e+004 3.56582310e+003 4.00935634e+002 9.27600863e+000 9.64411795e-002
