# Ae9Ap9 Model output file: MoonBEAM_trajectory_trade/Rp18408_COM_8per90prop30inc_Tran.AE9.output_mc_fluenceIntv_078.txt
# Ae9Ap9 Software Version:  1.50.001
#
# Model type:               AE9
# Particle species:         e-
# Flux type:                1PtDiff
# Flux direction:           Omnidirectional
# Energy levels (MeV):       0.04 0.07 0.1 0.25 0.5 0.75 1 1.5 2 2.5 3 3.5 4 4.5 5 5.5 6 6.5 7 8.5 10
#
# Accumulation mode:        Interval, length = 13997 seconds (0.162002 days)
#
# Time format:              Modified Julian Date
# Coordinate system:        GEI (Geocentric Equatorial Inertial) Cartesian in km
# Data Delimiter:           space
#
# datetime(mjd),posx(km),posy(km),posz(km),fluence,fluence,fluence,fluence,fluence,fluence,fluence,fluence,fluence,fluence,fluence,fluence,fluence,fluence,fluence,fluence,fluence,fluence,fluence,fluence,fluence(#/cm^2/MeV)
61411.87033565 0.000000 0.000000 0.000000 4.70414499e+012 5.00292328e+012 2.59409530e+012 1.34444860e+012 5.57858519e+011 2.57268671e+011 1.21547846e+011 5.27124022e+010 2.03768681e+010 6.44725547e+009 1.84141101e+009 5.70670370e+008 1.89046185e+008 6.69261606e+007 2.45669509e+007 1.08692209e+007 5.71467725e+006 3.45911877e+006 1.75562649e+006 6.97661222e+005 3.79602783e+005
61412.03233796 0.000000 0.000000 0.000000 1.42974689e+013 1.36563765e+013 6.07698125e+012 2.72599721e+012 9.05443241e+011 3.83200418e+011 1.73059275e+011 7.40374852e+010 2.82166317e+010 8.88038086e+009 2.60883604e+009 8.11352021e+008 2.75553129e+008 1.00947785e+008 3.92855574e+007 1.83721100e+007 1.01233649e+007 6.17224830e+006 3.12944024e+006 1.23613494e+006 6.66611894e+005
61412.19434028 0.000000 0.000000 0.000000 1.77578434e+013 1.69978896e+013 7.77365739e+012 3.66376722e+012 1.25708841e+012 5.45634642e+011 2.46658285e+011 1.04458286e+011 3.95206851e+010 1.21491070e+010 3.63876320e+009 1.19895505e+009 4.37994121e+008 1.70054360e+008 6.47101385e+007 2.81076631e+007 1.45065981e+007 8.73486513e+006 4.46630786e+006 1.78905890e+006 9.78871534e+005
61412.35634259 0.000000 0.000000 0.000000 3.03246520e+013 2.78248802e+013 1.14792122e+013 4.69693436e+012 1.47742676e+012 6.24965153e+011 2.78598702e+011 1.17597010e+011 4.44213226e+010 1.35893587e+010 4.09557047e+009 1.36786459e+009 5.07555921e+008 1.99472494e+008 7.63628662e+007 3.32635492e+007 1.71688557e+007 1.03579866e+007 5.31052815e+006 2.14464146e+006 1.18265457e+006
61412.51834491 0.000000 0.000000 0.000000 4.57686035e+013 4.05477816e+013 1.51803687e+013 5.34764909e+012 1.55571340e+012 6.40297963e+011 2.83011457e+011 1.18979038e+011 4.48590976e+010 1.37315500e+010 4.15743711e+009 1.39656197e+009 5.21948596e+008 2.06332372e+008 7.97671812e+007 3.50884293e+007 1.83636489e+007 1.11918915e+007 5.77709926e+006 2.34045734e+006 1.29122124e+006
61412.68034722 0.000000 0.000000 0.000000 6.60172532e+013 5.66325138e+013 2.09578506e+013 7.52039006e+012 2.23484686e+012 9.06231136e+011 3.86925860e+011 1.53072416e+011 5.80936814e+010 1.88223764e+010 6.10447870e+009 2.18163764e+009 8.43677895e+008 3.41680013e+008 1.34288685e+008 6.06476661e+007 3.25980303e+007 2.03882978e+007 1.07758440e+007 4.48018619e+006 2.51716726e+006
61412.84234954 0.000000 0.000000 0.000000 7.81359386e+013 6.66050217e+013 2.55560663e+013 8.93523935e+012 2.63254761e+012 1.05739735e+012 4.45711977e+011 1.71806639e+011 6.52353188e+010 2.14898580e+010 7.10019303e+009 2.57233549e+009 9.98757455e+008 4.05421491e+008 1.59530998e+008 7.19310341e+007 3.84708816e+007 2.39965791e+007 1.26538116e+007 5.24518097e+006 2.93862736e+006
61413.00435185 0.000000 0.000000 0.000000 8.86849344e+013 7.42386481e+013 2.76584532e+013 9.33432862e+012 2.68716187e+012 1.06944058e+012 4.49401948e+011 1.73077808e+011 6.56561346e+010 2.16236273e+010 7.15171215e+009 2.59314247e+009 1.00782641e+009 4.09277265e+008 1.61318983e+008 7.28767016e+007 3.90796428e+007 2.44065081e+007 1.28740640e+007 5.33834874e+006 2.99115941e+006
61413.16635417 0.000000 0.000000 0.000000 8.98839995e+013 7.51196923e+013 2.78770667e+013 9.36668002e+012 2.68930693e+012 1.06968433e+012 4.49454104e+011 1.73091732e+011 6.56598573e+010 2.16247433e+010 7.15217358e+009 2.59335265e+009 1.00793264e+009 4.09326908e+008 1.61342751e+008 7.28866251e+007 3.90847372e+007 2.44100501e+007 1.28760337e+007 5.33864146e+006 2.99115983e+006
61413.32835648 0.000000 0.000000 0.000000 9.64928096e+013 7.93279365e+013 2.89606967e+013 9.59940369e+012 2.71582879e+012 1.07379191e+012 4.50485576e+011 1.73369338e+011 6.57283820e+010 2.16413189e+010 7.15760696e+009 2.59547188e+009 1.00886473e+009 4.09695076e+008 1.61501955e+008 7.29642372e+007 3.91355991e+007 2.44455543e+007 1.28952918e+007 5.34719353e+006 2.99575712e+006
61413.49035880 0.000000 0.000000 0.000000 1.05571287e+014 8.52270857e+013 3.11841780e+013 1.00244125e+013 2.80756213e+012 1.10044553e+012 4.59486891e+011 1.76316195e+011 6.67286968e+010 2.19166044e+010 7.23899899e+009 2.61987116e+009 1.01676241e+009 4.12492275e+008 1.62612666e+008 7.34504025e+007 3.93817194e+007 2.45883724e+007 1.29656250e+007 5.37842435e+006 3.01487989e+006
61413.65236111 0.000000 0.000000 0.000000 1.12169954e+014 8.87548561e+013 3.21807880e+013 1.02803079e+013 2.86722292e+012 1.11632753e+012 4.64463076e+011 1.77800575e+011 6.71736604e+010 2.20188333e+010 7.26623817e+009 2.62757484e+009 1.01926938e+009 4.13401715e+008 1.62984038e+008 7.36129346e+007 3.94645365e+007 2.46374414e+007 1.29903026e+007 5.38998729e+006 3.02215771e+006
61413.81436343 0.000000 0.000000 0.000000 1.12416590e+014 8.88931427e+013 3.22106133e+013 1.02872885e+013 2.86785261e+012 1.11639229e+012 4.64476083e+011 1.77802912e+011 6.71740641e+010 2.20189248e+010 7.26627058e+009 2.62758694e+009 1.01927443e+009 4.13403583e+008 1.62984899e+008 7.36133894e+007 3.94648771e+007 2.46377168e+007 1.29904662e+007 5.39007844e+006 3.02219696e+006
61413.97636574 0.000000 0.000000 0.000000 1.12416590e+014 8.88931427e+013 3.22106133e+013 1.02872885e+013 2.86785261e+012 1.11639229e+012 4.64476083e+011 1.77802912e+011 6.71740641e+010 2.20189248e+010 7.26627058e+009 2.62758694e+009 1.01927443e+009 4.13403583e+008 1.62984899e+008 7.36133894e+007 3.94648771e+007 2.46377168e+007 1.29904662e+007 5.39007844e+006 3.02219696e+006
61414.13836806 0.000000 0.000000 0.000000 1.12416590e+014 8.88931427e+013 3.22106133e+013 1.02872885e+013 2.86785261e+012 1.11639229e+012 4.64476083e+011 1.77802912e+011 6.71740641e+010 2.20189248e+010 7.26627058e+009 2.62758694e+009 1.01927443e+009 4.13403583e+008 1.62984899e+008 7.36133894e+007 3.94648771e+007 2.46377168e+007 1.29904662e+007 5.39007844e+006 3.02219696e+006
61414.30037037 0.000000 0.000000 0.000000 1.13236202e+014 8.94076619e+013 3.23281202e+013 1.02975397e+013 2.86882021e+012 1.11650979e+012 4.64501019e+011 1.77808492e+011 6.71751303e+010 2.20192084e+010 7.26639402e+009 2.62764481e+009 1.01930537e+009 4.13418084e+008 1.62991966e+008 7.36171429e+007 3.94674213e+007 2.46396328e+007 1.29915888e+007 5.39052492e+006 3.02228474e+006
61414.46237269 0.000000 0.000000 0.000000 1.19400274e+014 9.30761243e+013 3.34319490e+013 1.05625325e+013 2.95130602e+012 1.14552451e+012 4.75925809e+011 1.81292506e+011 6.80763445e+010 2.22919090e+010 7.36986195e+009 2.66780506e+009 1.03647121e+009 4.21470651e+008 1.66878464e+008 7.56152638e+007 4.06339751e+007 2.54308696e+007 1.34399165e+007 5.63249903e+006 3.18529359e+006
61414.62437500 0.000000 0.000000 0.000000 1.24905322e+014 9.66870412e+013 3.47025563e+013 1.08518885e+013 3.03453760e+012 1.17283663e+012 4.86575454e+011 1.84465210e+011 6.88833999e+010 2.25460518e+010 7.46947455e+009 2.70848265e+009 1.05500561e+009 4.30695143e+008 1.71487019e+008 7.80461333e+007 4.20860178e+007 2.64495340e+007 1.40371299e+007 5.96656955e+006 3.41211366e+006
61414.78637731 0.000000 0.000000 0.000000 1.25582781e+014 9.71346898e+013 3.48119645e+013 1.08582391e+013 3.03532326e+012 1.17295052e+012 4.86603550e+011 1.84471847e+011 6.88845752e+010 2.25463881e+010 7.46963764e+009 2.70857326e+009 1.05506405e+009 4.30728508e+008 1.71506161e+008 7.80575846e+007 4.20943665e+007 2.64558351e+007 1.40408685e+007 5.96825224e+006 3.41290891e+006
61414.94837963 0.000000 0.000000 0.000000 1.25582781e+014 9.71346898e+013 3.48119645e+013 1.08582391e+013 3.03532326e+012 1.17295052e+012 4.86603550e+011 1.84471847e+011 6.88845752e+010 2.25463881e+010 7.46963764e+009 2.70857326e+009 1.05506405e+009 4.30728508e+008 1.71506161e+008 7.80575846e+007 4.20943665e+007 2.64558351e+007 1.40408685e+007 5.96825224e+006 3.41290891e+006
61415.11038194 0.000000 0.000000 0.000000 1.25582781e+014 9.71346898e+013 3.48119645e+013 1.08582391e+013 3.03532326e+012 1.17295052e+012 4.86603550e+011 1.84471847e+011 6.88845752e+010 2.25463881e+010 7.46963764e+009 2.70857326e+009 1.05506405e+009 4.30728508e+008 1.71506161e+008 7.80575846e+007 4.20943665e+007 2.64558351e+007 1.40408685e+007 5.96825224e+006 3.41290891e+006
61415.27238426 0.000000 0.000000 0.000000 1.25582781e+014 9.71346898e+013 3.48119645e+013 1.08582391e+013 3.03532326e+012 1.17295052e+012 4.86603550e+011 1.84471847e+011 6.88845752e+010 2.25463881e+010 7.46963764e+009 2.70857326e+009 1.05506405e+009 4.30728508e+008 1.71506161e+008 7.80575846e+007 4.20943665e+007 2.64558351e+007 1.40408685e+007 5.96825224e+006 3.41290891e+006
61415.43438657 0.000000 0.000000 0.000000 1.25582781e+014 9.71346898e+013 3.48119645e+013 1.08582391e+013 3.03532326e+012 1.17295052e+012 4.86603550e+011 1.84471847e+011 6.88845752e+010 2.25463881e+010 7.46963764e+009 2.70857326e+009 1.05506405e+009 4.30728508e+008 1.71506161e+008 7.80575846e+007 4.20943665e+007 2.64558351e+007 1.40408685e+007 5.96825224e+006 3.41290891e+006
61415.59638889 0.000000 0.000000 0.000000 1.25582781e+014 9.71346898e+013 3.48119645e+013 1.08582391e+013 3.03532326e+012 1.17295052e+012 4.86603550e+011 1.84471847e+011 6.88845752e+010 2.25463881e+010 7.46963764e+009 2.70857326e+009 1.05506405e+009 4.30728508e+008 1.71506161e+008 7.80575846e+007 4.20943665e+007 2.64558351e+007 1.40408685e+007 5.96825224e+006 3.41290891e+006
61415.75839120 0.000000 0.000000 0.000000 1.25609849e+014 9.71549685e+013 3.48171100e+013 1.08587593e+013 3.03535218e+012 1.17295318e+012 4.86604113e+011 1.84472019e+011 6.88846251e+010 2.25464046e+010 7.46964484e+009 2.70857660e+009 1.05506570e+009 4.30729092e+008 1.71506399e+008 7.80576235e+007 4.20943657e+007 2.64558346e+007 1.40408683e+007 5.96825224e+006 3.41290891e+006
61415.92039352 0.000000 0.000000 0.000000 1.27711022e+014 9.87959232e+013 3.53986859e+013 1.10382857e+013 3.08732507e+012 1.18976279e+012 4.92684993e+011 1.86455336e+011 6.95228382e+010 2.27540387e+010 7.54241310e+009 2.73673592e+009 1.06794416e+009 4.36913653e+008 1.74246721e+008 7.93240619e+007 4.27506566e+007 2.68679619e+007 1.42595579e+007 6.06313514e+006 3.46569438e+006
61416.08239583 0.000000 0.000000 0.000000 1.31327753e+014 1.01024170e+014 3.61590073e+013 1.13127143e+013 3.17581344e+012 1.22319284e+012 5.07087564e+011 1.91887368e+011 7.13121291e+010 2.33921131e+010 7.80016419e+009 2.85086118e+009 1.12266312e+009 4.63748072e+008 1.86098341e+008 8.46182023e+007 4.54646446e+007 2.86031627e+007 1.52229734e+007 6.50407038e+006 3.71786575e+006
61416.24439815 0.000000 0.000000 0.000000 1.31612796e+014 1.01249632e+014 3.62274672e+013 1.13228419e+013 3.17681300e+012 1.22333921e+012 5.07118799e+011 1.91893893e+011 7.13136402e+010 2.33926077e+010 7.80040648e+009 2.85098993e+009 1.12273506e+009 4.63783094e+008 1.86115625e+008 8.46269925e+007 4.54701821e+007 2.86067203e+007 1.52247321e+007 6.50456461e+006 3.71804628e+006
61416.40640046 0.000000 0.000000 0.000000 1.31612796e+014 1.01249632e+014 3.62274672e+013 1.13228419e+013 3.17681300e+012 1.22333921e+012 5.07118799e+011 1.91893893e+011 7.13136402e+010 2.33926077e+010 7.80040648e+009 2.85098993e+009 1.12273506e+009 4.63783094e+008 1.86115625e+008 8.46269925e+007 4.54701821e+007 2.86067203e+007 1.52247321e+007 6.50456461e+006 3.71804628e+006
61416.56840278 0.000000 0.000000 0.000000 1.31612796e+014 1.01249632e+014 3.62274672e+013 1.13228419e+013 3.17681300e+012 1.22333921e+012 5.07118799e+011 1.91893893e+011 7.13136402e+010 2.33926077e+010 7.80040648e+009 2.85098993e+009 1.12273506e+009 4.63783094e+008 1.86115625e+008 8.46269925e+007 4.54701821e+007 2.86067203e+007 1.52247321e+007 6.50456461e+006 3.71804628e+006
61416.73040509 0.000000 0.000000 0.000000 1.31612796e+014 1.01249632e+014 3.62274672e+013 1.13228419e+013 3.17681300e+012 1.22333921e+012 5.07118799e+011 1.91893893e+011 7.13136402e+010 2.33926077e+010 7.80040648e+009 2.85098993e+009 1.12273506e+009 4.63783094e+008 1.86115625e+008 8.46269925e+007 4.54701821e+007 2.86067203e+007 1.52247321e+007 6.50456461e+006 3.71804628e+006
61416.89240741 0.000000 0.000000 0.000000 1.31612796e+014 1.01249632e+014 3.62274672e+013 1.13228419e+013 3.17681300e+012 1.22333921e+012 5.07118799e+011 1.91893893e+011 7.13136402e+010 2.33926077e+010 7.80040648e+009 2.85098993e+009 1.12273506e+009 4.63783094e+008 1.86115625e+008 8.46269925e+007 4.54701821e+007 2.86067203e+007 1.52247321e+007 6.50456461e+006 3.71804628e+006
61417.05440972 0.000000 0.000000 0.000000 1.31612796e+014 1.01249632e+014 3.62274672e+013 1.13228419e+013 3.17681300e+012 1.22333921e+012 5.07118799e+011 1.91893893e+011 7.13136402e+010 2.33926077e+010 7.80040648e+009 2.85098993e+009 1.12273506e+009 4.63783094e+008 1.86115625e+008 8.46269925e+007 4.54701821e+007 2.86067203e+007 1.52247321e+007 6.50456461e+006 3.71804628e+006
61417.21641204 0.000000 0.000000 0.000000 1.31612796e+014 1.01249632e+014 3.62274672e+013 1.13228419e+013 3.17681300e+012 1.22333921e+012 5.07118799e+011 1.91893893e+011 7.13136402e+010 2.33926077e+010 7.80040648e+009 2.85098993e+009 1.12273506e+009 4.63783094e+008 1.86115625e+008 8.46269925e+007 4.54701821e+007 2.86067203e+007 1.52247321e+007 6.50456461e+006 3.71804628e+006
61417.37841435 0.000000 0.000000 0.000000 1.31612796e+014 1.01249632e+014 3.62274672e+013 1.13228419e+013 3.17681300e+012 1.22333921e+012 5.07118799e+011 1.91893893e+011 7.13136402e+010 2.33926077e+010 7.80040648e+009 2.85098993e+009 1.12273506e+009 4.63783094e+008 1.86115625e+008 8.46269925e+007 4.54701821e+007 2.86067203e+007 1.52247321e+007 6.50456461e+006 3.71804628e+006
61417.54041667 0.000000 0.000000 0.000000 1.31612796e+014 1.01249632e+014 3.62274672e+013 1.13228419e+013 3.17681300e+012 1.22333921e+012 5.07118799e+011 1.91893893e+011 7.13136402e+010 2.33926077e+010 7.80040648e+009 2.85098993e+009 1.12273506e+009 4.63783094e+008 1.86115625e+008 8.46269925e+007 4.54701821e+007 2.86067203e+007 1.52247321e+007 6.50456461e+006 3.71804628e+006
61417.70241898 0.000000 0.000000 0.000000 1.31612796e+014 1.01249632e+014 3.62274672e+013 1.13228419e+013 3.17681300e+012 1.22333921e+012 5.07118799e+011 1.91893893e+011 7.13136402e+010 2.33926077e+010 7.80040648e+009 2.85098993e+009 1.12273506e+009 4.63783094e+008 1.86115625e+008 8.46269925e+007 4.54701821e+007 2.86067203e+007 1.52247321e+007 6.50456461e+006 3.71804628e+006
61417.86442130 0.000000 0.000000 0.000000 1.31612796e+014 1.01249632e+014 3.62274672e+013 1.13228419e+013 3.17681300e+012 1.22333921e+012 5.07118799e+011 1.91893893e+011 7.13136402e+010 2.33926077e+010 7.80040648e+009 2.85098993e+009 1.12273506e+009 4.63783094e+008 1.86115625e+008 8.46269925e+007 4.54701821e+007 2.86067203e+007 1.52247321e+007 6.50456461e+006 3.71804628e+006
61418.02642361 0.000000 0.000000 0.000000 1.31612796e+014 1.01249632e+014 3.62274672e+013 1.13228419e+013 3.17681300e+012 1.22333921e+012 5.07118799e+011 1.91893893e+011 7.13136402e+010 2.33926077e+010 7.80040648e+009 2.85098993e+009 1.12273506e+009 4.63783094e+008 1.86115625e+008 8.46269925e+007 4.54701821e+007 2.86067203e+007 1.52247321e+007 6.50456461e+006 3.71804628e+006
61418.18842593 0.000000 0.000000 0.000000 1.31612833e+014 1.01249686e+014 3.62274751e+013 1.13228395e+013 3.17681284e+012 1.22333920e+012 5.07118797e+011 1.91893893e+011 7.13136402e+010 2.33926077e+010 7.80040630e+009 2.85098990e+009 1.12273504e+009 4.63783094e+008 1.86115625e+008 8.46269925e+007 4.54701821e+007 2.86067203e+007 1.52247321e+007 6.50456461e+006 3.71804628e+006
61418.35042824 0.000000 0.000000 0.000000 1.32787645e+014 1.02543121e+014 3.67536029e+013 1.14686146e+013 3.21748433e+012 1.23613463e+012 5.11669075e+011 1.93341977e+011 7.17213763e+010 2.35093475e+010 7.83806496e+009 2.86560056e+009 1.12974082e+009 4.67209234e+008 1.87868691e+008 8.56052020e+007 4.60880975e+007 2.90205551e+007 1.54480730e+007 6.59537852e+006 3.76396784e+006
61418.51243056 0.000000 0.000000 0.000000 1.34988863e+014 1.05659890e+014 3.85387115e+013 1.24949533e+013 3.60340328e+012 1.42133414e+012 5.93596097e+011 2.16632711e+011 7.70075335e+010 2.48597403e+010 8.25716505e+009 3.01980006e+009 1.19339318e+009 4.95134548e+008 1.99736135e+008 9.12336196e+007 4.91613897e+007 3.10277476e+007 1.65553569e+007 7.10554094e+006 4.05136463e+006
61418.67443287 0.000000 0.000000 0.000000 1.35589956e+014 1.06388397e+014 3.88626774e+013 1.25815663e+013 3.62479959e+012 1.42689225e+012 5.95369843e+011 2.17152312e+011 7.71446517e+010 2.48995883e+010 8.27219428e+009 3.02659951e+009 1.19702264e+009 4.97076233e+008 2.00780611e+008 9.18173596e+007 4.95239300e+007 3.12699921e+007 1.66871443e+007 7.15596594e+006 4.07440367e+006
61418.83643519 0.000000 0.000000 0.000000 1.35589956e+014 1.06388397e+014 3.88626774e+013 1.25815663e+013 3.62479959e+012 1.42689225e+012 5.95369843e+011 2.17152312e+011 7.71446517e+010 2.48995883e+010 8.27219428e+009 3.02659951e+009 1.19702264e+009 4.97076233e+008 2.00780611e+008 9.18173596e+007 4.95239300e+007 3.12699921e+007 1.66871443e+007 7.15596594e+006 4.07440367e+006
61418.99843750 0.000000 0.000000 0.000000 1.35589956e+014 1.06388397e+014 3.88626774e+013 1.25815663e+013 3.62479959e+012 1.42689225e+012 5.95369843e+011 2.17152312e+011 7.71446517e+010 2.48995883e+010 8.27219428e+009 3.02659951e+009 1.19702264e+009 4.97076233e+008 2.00780611e+008 9.18173596e+007 4.95239300e+007 3.12699921e+007 1.66871443e+007 7.15596594e+006 4.07440367e+006
61419.16043981 0.000000 0.000000 0.000000 1.35589956e+014 1.06388397e+014 3.88626774e+013 1.25815663e+013 3.62479959e+012 1.42689225e+012 5.95369843e+011 2.17152312e+011 7.71446517e+010 2.48995883e+010 8.27219428e+009 3.02659951e+009 1.19702264e+009 4.97076233e+008 2.00780611e+008 9.18173596e+007 4.95239300e+007 3.12699921e+007 1.66871443e+007 7.15596594e+006 4.07440367e+006
61419.32244213 0.000000 0.000000 0.000000 1.35589956e+014 1.06388397e+014 3.88626774e+013 1.25815663e+013 3.62479959e+012 1.42689225e+012 5.95369843e+011 2.17152312e+011 7.71446517e+010 2.48995883e+010 8.27219428e+009 3.02659951e+009 1.19702264e+009 4.97076233e+008 2.00780611e+008 9.18173596e+007 4.95239300e+007 3.12699921e+007 1.66871443e+007 7.15596594e+006 4.07440367e+006
61419.48444444 0.000000 0.000000 0.000000 1.35589956e+014 1.06388397e+014 3.88626774e+013 1.25815663e+013 3.62479959e+012 1.42689225e+012 5.95369843e+011 2.17152312e+011 7.71446517e+010 2.48995883e+010 8.27219428e+009 3.02659951e+009 1.19702264e+009 4.97076233e+008 2.00780611e+008 9.18173596e+007 4.95239300e+007 3.12699921e+007 1.66871443e+007 7.15596594e+006 4.07440367e+006
61419.64644676 0.000000 0.000000 0.000000 1.35589956e+014 1.06388397e+014 3.88626774e+013 1.25815663e+013 3.62479959e+012 1.42689225e+012 5.95369843e+011 2.17152312e+011 7.71446517e+010 2.48995883e+010 8.27219428e+009 3.02659951e+009 1.19702264e+009 4.97076233e+008 2.00780611e+008 9.18173596e+007 4.95239300e+007 3.12699921e+007 1.66871443e+007 7.15596594e+006 4.07440367e+006
61419.80844907 0.000000 0.000000 0.000000 1.35589956e+014 1.06388397e+014 3.88626774e+013 1.25815663e+013 3.62479959e+012 1.42689225e+012 5.95369843e+011 2.17152312e+011 7.71446517e+010 2.48995883e+010 8.27219428e+009 3.02659951e+009 1.19702264e+009 4.97076233e+008 2.00780611e+008 9.18173596e+007 4.95239300e+007 3.12699921e+007 1.66871443e+007 7.15596594e+006 4.07440367e+006
61419.97045139 0.000000 0.000000 0.000000 1.35589956e+014 1.06388397e+014 3.88626774e+013 1.25815663e+013 3.62479959e+012 1.42689225e+012 5.95369843e+011 2.17152312e+011 7.71446517e+010 2.48995883e+010 8.27219428e+009 3.02659951e+009 1.19702264e+009 4.97076233e+008 2.00780611e+008 9.18173596e+007 4.95239300e+007 3.12699921e+007 1.66871443e+007 7.15596594e+006 4.07440367e+006
61420.13245370 0.000000 0.000000 0.000000 1.35589956e+014 1.06388397e+014 3.88626774e+013 1.25815663e+013 3.62479959e+012 1.42689225e+012 5.95369843e+011 2.17152312e+011 7.71446517e+010 2.48995883e+010 8.27219428e+009 3.02659951e+009 1.19702264e+009 4.97076233e+008 2.00780611e+008 9.18173596e+007 4.95239300e+007 3.12699921e+007 1.66871443e+007 7.15596594e+006 4.07440367e+006
61420.29445602 0.000000 0.000000 0.000000 1.35589956e+014 1.06388397e+014 3.88626774e+013 1.25815663e+013 3.62479959e+012 1.42689225e+012 5.95369843e+011 2.17152312e+011 7.71446517e+010 2.48995883e+010 8.27219428e+009 3.02659951e+009 1.19702264e+009 4.97076233e+008 2.00780611e+008 9.18173596e+007 4.95239300e+007 3.12699921e+007 1.66871443e+007 7.15596594e+006 4.07440367e+006
61420.45645833 0.000000 0.000000 0.000000 1.35589956e+014 1.06388397e+014 3.88626774e+013 1.25815663e+013 3.62479959e+012 1.42689225e+012 5.95369843e+011 2.17152312e+011 7.71446517e+010 2.48995883e+010 8.27219428e+009 3.02659951e+009 1.19702264e+009 4.97076233e+008 2.00780611e+008 9.18173596e+007 4.95239300e+007 3.12699921e+007 1.66871443e+007 7.15596594e+006 4.07440367e+006
61420.55915852 0.000000 0.000000 0.000000 1.35589956e+014 1.06388397e+014 3.88626774e+013 1.25815663e+013 3.62479959e+012 1.42689225e+012 5.95369843e+011 2.17152312e+011 7.71446517e+010 2.48995883e+010 8.27219428e+009 3.02659951e+009 1.19702264e+009 4.97076233e+008 2.00780611e+008 9.18173596e+007 4.95239300e+007 3.12699921e+007 1.66871443e+007 7.15596594e+006 4.07440367e+006
