# Ae9Ap9 Model output file: MoonBEAM_trajectory_trade/Rp18408_COM_8per90prop30inc_Tran.AE9.output_mc_fluxIntvAvg_067.txt
# Ae9Ap9 Software Version:  1.50.001
#
# Model type:               AE9
# Particle species:         e-
# Flux type:                1PtDiff
# Flux direction:           Omnidirectional
# Energy levels (MeV):       0.04 0.07 0.1 0.25 0.5 0.75 1 1.5 2 2.5 3 3.5 4 4.5 5 5.5 6 6.5 7 8.5 10
#
# Accumulation mode:        Interval, length = 13997 seconds (0.162002 days)
#
# Time format:              Modified Julian Date
# Coordinate system:        GEI (Geocentric Equatorial Inertial) Cartesian in km
# Data Delimiter:           space
#
# datetime(mjd),posx(km),posy(km),posz(km),flux,flux,flux,flux,flux,flux,flux,flux,flux,flux,flux,flux,flux,flux,flux,flux,flux,flux,flux,flux,flux(#/cm^2/s/MeV)
61411.87033565 0.000000 0.000000 0.000000 5.14252646e+008 3.66117329e+008 1.49901482e+008 1.89170417e+007 2.83960079e+006 7.98844071e+005 2.36609500e+005 7.62652284e+004 2.77154999e+004 9.88806889e+003 4.00372674e+003 1.61642236e+003 6.55145764e+002 2.78313548e+002 1.32629432e+002 6.96310825e+001 4.02524194e+001 2.53465320e+001 1.45962766e+001 7.42194699e+000 4.81134363e+000
61412.03233796 0.000000 0.000000 0.000000 1.81117979e+008 1.25249027e+008 5.44641550e+007 2.41289673e+007 4.63013706e+006 1.04333495e+006 2.89909466e+005 1.01335091e+005 3.26330041e+004 9.97389265e+003 3.65321919e+003 1.42538204e+003 6.24853309e+002 2.72927641e+002 1.22880061e+002 6.09469797e+001 3.65801358e+001 2.50562899e+001 1.51902747e+001 8.67644491e+000 6.33643274e+000
61412.19434028 0.000000 0.000000 0.000000 1.04524090e+008 5.77217058e+007 2.05784451e+007 5.98549610e+006 2.02414966e+006 5.71654734e+005 1.75350700e+005 7.62914421e+004 3.55553155e+004 1.23052330e+004 4.82198026e+003 2.02941822e+003 9.17317967e+002 4.01162571e+002 1.77637237e+002 8.09935752e+001 4.38293623e+001 2.77740847e+001 1.68026174e+001 8.99540374e+000 6.02848330e+000
61412.35634259 0.000000 0.000000 0.000000 1.17516023e+008 8.71007657e+007 3.97152959e+007 2.09512730e+007 4.29386790e+006 9.50815450e+005 2.88457336e+005 1.10971534e+005 4.25559455e+004 1.38234898e+004 5.19948033e+003 2.07072195e+003 8.99873845e+002 3.81775622e+002 1.68341366e+002 8.23298490e+001 4.92407053e+001 3.39258766e+001 2.12738489e+001 1.33772655e+001 1.05004596e+001
61412.51834491 0.000000 0.000000 0.000000 9.76549958e+007 8.64776782e+007 3.91461698e+007 1.86214641e+007 2.54428579e+006 4.40263664e+005 1.19072993e+005 3.33833793e+004 9.37920362e+003 2.99187460e+003 1.36403977e+003 6.68320379e+002 3.58786207e+002 1.75316035e+002 8.51600674e+001 4.49352370e+001 3.01801670e+001 2.33786449e+001 1.61388740e+001 1.15676998e+001 9.49954204e+000
61412.68034722 0.000000 0.000000 0.000000 7.13039262e+007 4.97305925e+007 2.69251525e+007 1.47563819e+007 3.44958013e+006 8.51087630e+005 2.67494014e+005 1.21931879e+005 5.46100124e+004 2.18838105e+004 9.79563240e+003 4.42616003e+003 1.98732530e+003 8.62658484e+002 3.99252656e+002 2.12234271e+002 1.35232278e+002 9.55097589e+001 5.96332351e+001 3.45225840e+001 2.47922356e+001
61412.84234954 0.000000 0.000000 0.000000 6.25257669e+008 3.72124652e+008 1.47976172e+008 1.66887043e+007 1.70130420e+006 3.70023175e+005 1.13689884e+005 5.67984796e+004 2.71604123e+004 1.11327935e+004 5.09764151e+003 2.39579384e+003 1.11203897e+003 5.02491228e+002 2.42764226e+002 1.34197478e+002 8.71011379e+001 6.21548205e+001 3.90880657e+001 2.28161376e+001 1.63642230e+001
61413.00435185 0.000000 0.000000 0.000000 3.53622135e+007 3.53600179e+007 1.95352591e+007 1.11019000e+007 1.87934513e+006 3.71152705e+005 1.07233887e+005 3.71032635e+004 1.16325797e+004 3.93960271e+003 1.80944533e+003 9.17749538e+002 5.02272001e+002 2.54412016e+002 1.30768596e+002 7.45090266e+001 5.25271163e+001 4.16246029e+001 2.91190956e+001 2.10908883e+001 1.62420422e+001
61413.16635417 0.000000 0.000000 0.000000 3.44019987e+006 4.00310088e+006 2.02157915e+006 1.39557676e+006 1.77305693e+005 2.62080250e+004 6.99078347e+003 1.84746196e+003 4.85275577e+002 1.72093514e+002 8.82437569e+001 5.04178856e+001 3.23268777e+001 1.95031825e+001 1.16905622e+001 6.27075689e+000 3.66794490e+000 2.99888198e+000 2.08967864e+000 4.76316640e-001 6.14153457e-004
61413.32835648 0.000000 0.000000 0.000000 2.11368634e+007 2.48316325e+007 1.54460995e+007 9.59087336e+006 1.62095382e+006 2.95502848e+005 8.13020250e+004 2.46019971e+004 6.98265291e+003 2.43766147e+003 1.29706748e+003 7.56125866e+002 4.81338994e+002 2.77895091e+002 1.57892171e+002 9.70988268e+001 7.21324291e+001 6.03193812e+001 4.44013523e+001 3.50688964e+001 2.73530180e+001
61413.49035880 0.000000 0.000000 0.000000 2.83525728e+008 1.93107996e+008 7.88498743e+007 1.40180455e+007 2.20383196e+006 4.75994715e+005 1.44375323e+005 6.56458555e+004 2.48982791e+004 8.71489724e+003 3.85474450e+003 1.93548096e+003 1.00540600e+003 4.98420958e+002 2.58624174e+002 1.52661772e+002 1.07013437e+002 8.21762302e+001 5.53714758e+001 3.82247316e+001 3.12244184e+001
61413.65236111 0.000000 0.000000 0.000000 4.43206136e+007 3.79700175e+007 2.10554516e+007 1.28627359e+007 3.23431099e+006 7.62411708e+005 2.37379986e+005 9.31974728e+004 3.24088001e+004 1.11786065e+004 5.00054784e+003 2.48151867e+003 1.30593660e+003 6.53173178e+002 3.37457142e+002 1.95039727e+002 1.35011304e+002 1.04396175e+002 7.14656825e+001 5.02531210e+001 4.05972880e+001
61413.81436343 0.000000 0.000000 0.000000 1.88462769e+006 2.26521853e+006 1.19025994e+006 5.81941008e+005 8.44355724e+004 1.32296869e+004 3.56608586e+003 9.22020531e+002 2.47014238e+002 9.05357519e+001 4.98551662e+001 2.92276617e+001 1.89391841e+001 1.13048556e+001 6.68137194e+000 3.95760067e+000 2.67865350e+000 2.15281440e+000 1.52755039e+000 9.99245146e-001 4.21727269e-001
61413.97636574 0.000000 0.000000 0.000000 0.00000000e+000 0.00000000e+000 0.00000000e+000 0.00000000e+000 0.00000000e+000 0.00000000e+000 0.00000000e+000 0.00000000e+000 0.00000000e+000 0.00000000e+000 0.00000000e+000 0.00000000e+000 0.00000000e+000 0.00000000e+000 0.00000000e+000 0.00000000e+000 0.00000000e+000 0.00000000e+000 0.00000000e+000 0.00000000e+000 0.00000000e+000
61414.13836806 0.000000 0.000000 0.000000 0.00000000e+000 0.00000000e+000 0.00000000e+000 0.00000000e+000 0.00000000e+000 0.00000000e+000 0.00000000e+000 0.00000000e+000 0.00000000e+000 0.00000000e+000 0.00000000e+000 0.00000000e+000 0.00000000e+000 0.00000000e+000 0.00000000e+000 0.00000000e+000 0.00000000e+000 0.00000000e+000 0.00000000e+000 0.00000000e+000 0.00000000e+000
61414.30037037 0.000000 0.000000 0.000000 9.12891634e+006 1.13148983e+007 5.48472637e+006 1.69718637e+006 2.59222245e+005 4.44693098e+004 1.12250992e+004 2.88142137e+003 7.48457475e+002 2.49059579e+002 1.24293183e+002 6.80658845e+001 4.20816887e+001 2.39556948e+001 1.31060457e+001 7.07436455e+000 4.27610378e+000 3.14548463e+000 2.01574626e+000 8.63277541e-001 1.77315372e-001
61414.46237269 0.000000 0.000000 0.000000 9.59158195e+007 9.81682319e+007 4.71599884e+007 3.41517005e+007 1.24493726e+007 4.92525830e+006 2.24136468e+006 9.04922142e+005 3.04607870e+005 1.02833004e+005 4.10768635e+004 1.79315745e+004 7.93863548e+003 3.39919311e+003 1.43389568e+003 7.08235045e+002 4.39993417e+002 3.26821640e+002 2.16348393e+002 1.31870910e+002 9.64057169e+001
61414.62437500 0.000000 0.000000 0.000000 2.74440609e+008 2.75063422e+008 1.58209624e+008 4.88384928e+007 1.15715426e+007 4.06951707e+006 1.81284587e+006 7.07392106e+005 2.27735574e+005 7.41207740e+004 2.89246242e+004 1.24973097e+004 5.57462584e+003 2.41123529e+003 1.01977042e+003 4.95656120e+002 3.00792181e+002 2.19279345e+002 1.43912446e+002 8.67678864e+001 6.31078927e+001
61414.78637731 0.000000 0.000000 0.000000 6.94294694e+006 7.93473106e+006 3.77070704e+006 1.11317509e+006 1.96321287e+005 3.62069254e+004 9.21016533e+003 2.32233456e+003 6.18970011e+002 2.19763060e+002 1.19441975e+002 6.76516936e+001 4.09743330e+001 2.28697660e+001 1.23346775e+001 6.82870724e+000 4.43542424e+000 3.25253957e+000 2.09793750e+000 1.10237158e+000 5.80202419e-001
61414.94837963 0.000000 0.000000 0.000000 0.00000000e+000 0.00000000e+000 0.00000000e+000 0.00000000e+000 0.00000000e+000 0.00000000e+000 0.00000000e+000 0.00000000e+000 0.00000000e+000 0.00000000e+000 0.00000000e+000 0.00000000e+000 0.00000000e+000 0.00000000e+000 0.00000000e+000 0.00000000e+000 0.00000000e+000 0.00000000e+000 0.00000000e+000 0.00000000e+000 0.00000000e+000
61415.11038194 0.000000 0.000000 0.000000 0.00000000e+000 0.00000000e+000 0.00000000e+000 0.00000000e+000 0.00000000e+000 0.00000000e+000 0.00000000e+000 0.00000000e+000 0.00000000e+000 0.00000000e+000 0.00000000e+000 0.00000000e+000 0.00000000e+000 0.00000000e+000 0.00000000e+000 0.00000000e+000 0.00000000e+000 0.00000000e+000 0.00000000e+000 0.00000000e+000 0.00000000e+000
61415.27238426 0.000000 0.000000 0.000000 0.00000000e+000 0.00000000e+000 0.00000000e+000 0.00000000e+000 0.00000000e+000 0.00000000e+000 0.00000000e+000 0.00000000e+000 0.00000000e+000 0.00000000e+000 0.00000000e+000 0.00000000e+000 0.00000000e+000 0.00000000e+000 0.00000000e+000 0.00000000e+000 0.00000000e+000 0.00000000e+000 0.00000000e+000 0.00000000e+000 0.00000000e+000
61415.43438657 0.000000 0.000000 0.000000 0.00000000e+000 0.00000000e+000 0.00000000e+000 0.00000000e+000 0.00000000e+000 0.00000000e+000 0.00000000e+000 0.00000000e+000 0.00000000e+000 0.00000000e+000 0.00000000e+000 0.00000000e+000 0.00000000e+000 0.00000000e+000 0.00000000e+000 0.00000000e+000 0.00000000e+000 0.00000000e+000 0.00000000e+000 0.00000000e+000 0.00000000e+000
61415.59638889 0.000000 0.000000 0.000000 0.00000000e+000 0.00000000e+000 0.00000000e+000 0.00000000e+000 0.00000000e+000 0.00000000e+000 0.00000000e+000 0.00000000e+000 0.00000000e+000 0.00000000e+000 0.00000000e+000 0.00000000e+000 0.00000000e+000 0.00000000e+000 0.00000000e+000 0.00000000e+000 0.00000000e+000 0.00000000e+000 0.00000000e+000 0.00000000e+000 0.00000000e+000
61415.75839120 0.000000 0.000000 0.000000 6.78037790e+005 6.24661333e+005 2.17842707e+005 3.76286993e+004 4.20722688e+003 5.09385942e+002 1.00783771e+002 2.22271559e+001 6.65490641e+000 2.50735763e+000 1.16491006e+000 5.94123564e-001 3.48939230e-001 1.59173095e-001 8.57197786e-002 1.84657332e-002 -3.16718695e-004 -2.22993422e-004 -1.13233316e-004 0.00000000e+000 0.00000000e+000
61415.92039352 0.000000 0.000000 0.000000 6.31817622e+007 6.21644254e+007 2.88394108e+007 1.29971210e+007 4.16841758e+006 1.47407241e+006 5.46814143e+005 1.36579579e+005 2.51356850e+004 5.84809006e+003 1.88076403e+003 7.22897749e+002 3.46589003e+002 1.73550668e+002 8.93486427e+001 4.87564790e+001 3.11591930e+001 2.23863597e+001 1.41706764e+001 7.89137331e+000 5.25732451e+000
61416.08239583 0.000000 0.000000 0.000000 2.53034370e+008 3.00004573e+008 1.73450566e+008 5.61679939e+007 1.25404175e+007 4.46433102e+006 2.02827415e+006 6.01795480e+005 1.00711826e+005 1.95038160e+004 5.44662604e+003 1.85897836e+003 7.64874699e+002 3.42713889e+002 1.61887762e+002 8.27221461e+001 5.03470289e+001 3.56574014e+001 2.31141506e+001 1.41949915e+001 1.05099009e+001
61416.24439815 0.000000 0.000000 0.000000 1.54810569e+007 1.36302674e+007 5.09945729e+006 1.01875562e+006 1.22084250e+005 1.84323116e+004 3.53876002e+003 5.76951486e+002 1.16748710e+002 3.83757826e+001 2.19786931e+001 1.32335203e+001 8.18922318e+000 4.38689410e+000 2.23673543e+000 1.17309434e+000 7.53331553e-001 5.50058975e-001 3.49914809e-001 1.62764999e-001 7.73952105e-002
61416.40640046 0.000000 0.000000 0.000000 0.00000000e+000 0.00000000e+000 0.00000000e+000 0.00000000e+000 0.00000000e+000 0.00000000e+000 0.00000000e+000 0.00000000e+000 0.00000000e+000 0.00000000e+000 0.00000000e+000 0.00000000e+000 0.00000000e+000 0.00000000e+000 0.00000000e+000 0.00000000e+000 0.00000000e+000 0.00000000e+000 0.00000000e+000 0.00000000e+000 0.00000000e+000
61416.56840278 0.000000 0.000000 0.000000 0.00000000e+000 0.00000000e+000 0.00000000e+000 0.00000000e+000 0.00000000e+000 0.00000000e+000 0.00000000e+000 0.00000000e+000 0.00000000e+000 0.00000000e+000 0.00000000e+000 0.00000000e+000 0.00000000e+000 0.00000000e+000 0.00000000e+000 0.00000000e+000 0.00000000e+000 0.00000000e+000 0.00000000e+000 0.00000000e+000 0.00000000e+000
61416.73040509 0.000000 0.000000 0.000000 0.00000000e+000 0.00000000e+000 0.00000000e+000 0.00000000e+000 0.00000000e+000 0.00000000e+000 0.00000000e+000 0.00000000e+000 0.00000000e+000 0.00000000e+000 0.00000000e+000 0.00000000e+000 0.00000000e+000 0.00000000e+000 0.00000000e+000 0.00000000e+000 0.00000000e+000 0.00000000e+000 0.00000000e+000 0.00000000e+000 0.00000000e+000
61416.89240741 0.000000 0.000000 0.000000 0.00000000e+000 0.00000000e+000 0.00000000e+000 0.00000000e+000 0.00000000e+000 0.00000000e+000 0.00000000e+000 0.00000000e+000 0.00000000e+000 0.00000000e+000 0.00000000e+000 0.00000000e+000 0.00000000e+000 0.00000000e+000 0.00000000e+000 0.00000000e+000 0.00000000e+000 0.00000000e+000 0.00000000e+000 0.00000000e+000 0.00000000e+000
61417.05440972 0.000000 0.000000 0.000000 0.00000000e+000 0.00000000e+000 0.00000000e+000 0.00000000e+000 0.00000000e+000 0.00000000e+000 0.00000000e+000 0.00000000e+000 0.00000000e+000 0.00000000e+000 0.00000000e+000 0.00000000e+000 0.00000000e+000 0.00000000e+000 0.00000000e+000 0.00000000e+000 0.00000000e+000 0.00000000e+000 0.00000000e+000 0.00000000e+000 0.00000000e+000
61417.21641204 0.000000 0.000000 0.000000 0.00000000e+000 0.00000000e+000 0.00000000e+000 0.00000000e+000 0.00000000e+000 0.00000000e+000 0.00000000e+000 0.00000000e+000 0.00000000e+000 0.00000000e+000 0.00000000e+000 0.00000000e+000 0.00000000e+000 0.00000000e+000 0.00000000e+000 0.00000000e+000 0.00000000e+000 0.00000000e+000 0.00000000e+000 0.00000000e+000 0.00000000e+000
61417.37841435 0.000000 0.000000 0.000000 0.00000000e+000 0.00000000e+000 0.00000000e+000 0.00000000e+000 0.00000000e+000 0.00000000e+000 0.00000000e+000 0.00000000e+000 0.00000000e+000 0.00000000e+000 0.00000000e+000 0.00000000e+000 0.00000000e+000 0.00000000e+000 0.00000000e+000 0.00000000e+000 0.00000000e+000 0.00000000e+000 0.00000000e+000 0.00000000e+000 0.00000000e+000
61417.54041667 0.000000 0.000000 0.000000 0.00000000e+000 0.00000000e+000 0.00000000e+000 0.00000000e+000 0.00000000e+000 0.00000000e+000 0.00000000e+000 0.00000000e+000 0.00000000e+000 0.00000000e+000 0.00000000e+000 0.00000000e+000 0.00000000e+000 0.00000000e+000 0.00000000e+000 0.00000000e+000 0.00000000e+000 0.00000000e+000 0.00000000e+000 0.00000000e+000 0.00000000e+000
61417.70241898 0.000000 0.000000 0.000000 0.00000000e+000 0.00000000e+000 0.00000000e+000 0.00000000e+000 0.00000000e+000 0.00000000e+000 0.00000000e+000 0.00000000e+000 0.00000000e+000 0.00000000e+000 0.00000000e+000 0.00000000e+000 0.00000000e+000 0.00000000e+000 0.00000000e+000 0.00000000e+000 0.00000000e+000 0.00000000e+000 0.00000000e+000 0.00000000e+000 0.00000000e+000
61417.86442130 0.000000 0.000000 0.000000 0.00000000e+000 0.00000000e+000 0.00000000e+000 0.00000000e+000 0.00000000e+000 0.00000000e+000 0.00000000e+000 0.00000000e+000 0.00000000e+000 0.00000000e+000 0.00000000e+000 0.00000000e+000 0.00000000e+000 0.00000000e+000 0.00000000e+000 0.00000000e+000 0.00000000e+000 0.00000000e+000 0.00000000e+000 0.00000000e+000 0.00000000e+000
61418.02642361 0.000000 0.000000 0.000000 0.00000000e+000 0.00000000e+000 0.00000000e+000 0.00000000e+000 0.00000000e+000 0.00000000e+000 0.00000000e+000 0.00000000e+000 0.00000000e+000 0.00000000e+000 0.00000000e+000 0.00000000e+000 0.00000000e+000 0.00000000e+000 0.00000000e+000 0.00000000e+000 0.00000000e+000 0.00000000e+000 0.00000000e+000 0.00000000e+000 0.00000000e+000
61418.18842593 0.000000 0.000000 0.000000 4.43639229e+003 2.17961644e+003 8.14051815e+001 -1.13895098e+002 -1.06111461e+001 -1.53100637e-001 1.40761050e-001 3.02008828e-002 1.56222530e-002 7.71197156e-003 -2.36577612e-002 -3.41950008e-003 -2.14154173e-003 0.00000000e+000 0.00000000e+000 0.00000000e+000 0.00000000e+000 0.00000000e+000 0.00000000e+000 0.00000000e+000 0.00000000e+000
61418.35042824 0.000000 0.000000 0.000000 1.93827483e+008 1.62182570e+008 5.21677829e+007 1.21292931e+007 1.54211426e+006 2.81459517e+005 7.57848475e+004 2.47416702e+004 6.86148532e+003 1.83119148e+003 6.28286429e+002 2.70185946e+002 1.42461438e+002 7.09894787e+001 3.48008024e+001 1.81402401e+001 1.15390075e+001 8.51504995e+000 5.59029965e+000 3.62824960e+000 2.64235942e+000
61418.51243056 0.000000 0.000000 0.000000 3.90054261e+008 3.03383720e+008 1.39635297e+008 2.28782508e+007 2.85774420e+006 6.89526322e+005 1.94250079e+005 5.82932986e+004 1.69821405e+004 4.35579665e+003 1.40511553e+003 5.42306158e+002 2.39069230e+002 1.07959772e+002 5.28294914e+001 2.78615301e+001 1.64091224e+001 1.05893101e+001 6.15833421e+000 3.32036594e+000 2.30937166e+000
61418.67443287 0.000000 0.000000 0.000000 1.22954816e+008 9.85694749e+007 3.03504976e+007 5.62111227e+006 5.36468065e+005 8.24583065e+004 1.96233551e+004 5.09964869e+003 1.24131253e+003 3.43536188e+002 1.39876891e+002 7.17945163e+001 4.37143368e+001 2.38208079e+001 1.23268205e+001 6.68076886e+000 4.52371322e+000 3.54587157e+000 2.46524116e+000 1.73740530e+000 1.31956419e+000
61418.83643519 0.000000 0.000000 0.000000 0.00000000e+000 0.00000000e+000 0.00000000e+000 0.00000000e+000 0.00000000e+000 0.00000000e+000 0.00000000e+000 0.00000000e+000 0.00000000e+000 0.00000000e+000 0.00000000e+000 0.00000000e+000 0.00000000e+000 0.00000000e+000 0.00000000e+000 0.00000000e+000 0.00000000e+000 0.00000000e+000 0.00000000e+000 0.00000000e+000 0.00000000e+000
61418.99843750 0.000000 0.000000 0.000000 0.00000000e+000 0.00000000e+000 0.00000000e+000 0.00000000e+000 0.00000000e+000 0.00000000e+000 0.00000000e+000 0.00000000e+000 0.00000000e+000 0.00000000e+000 0.00000000e+000 0.00000000e+000 0.00000000e+000 0.00000000e+000 0.00000000e+000 0.00000000e+000 0.00000000e+000 0.00000000e+000 0.00000000e+000 0.00000000e+000 0.00000000e+000
61419.16043981 0.000000 0.000000 0.000000 0.00000000e+000 0.00000000e+000 0.00000000e+000 0.00000000e+000 0.00000000e+000 0.00000000e+000 0.00000000e+000 0.00000000e+000 0.00000000e+000 0.00000000e+000 0.00000000e+000 0.00000000e+000 0.00000000e+000 0.00000000e+000 0.00000000e+000 0.00000000e+000 0.00000000e+000 0.00000000e+000 0.00000000e+000 0.00000000e+000 0.00000000e+000
61419.32244213 0.000000 0.000000 0.000000 0.00000000e+000 0.00000000e+000 0.00000000e+000 0.00000000e+000 0.00000000e+000 0.00000000e+000 0.00000000e+000 0.00000000e+000 0.00000000e+000 0.00000000e+000 0.00000000e+000 0.00000000e+000 0.00000000e+000 0.00000000e+000 0.00000000e+000 0.00000000e+000 0.00000000e+000 0.00000000e+000 0.00000000e+000 0.00000000e+000 0.00000000e+000
61419.48444444 0.000000 0.000000 0.000000 0.00000000e+000 0.00000000e+000 0.00000000e+000 0.00000000e+000 0.00000000e+000 0.00000000e+000 0.00000000e+000 0.00000000e+000 0.00000000e+000 0.00000000e+000 0.00000000e+000 0.00000000e+000 0.00000000e+000 0.00000000e+000 0.00000000e+000 0.00000000e+000 0.00000000e+000 0.00000000e+000 0.00000000e+000 0.00000000e+000 0.00000000e+000
61419.64644676 0.000000 0.000000 0.000000 0.00000000e+000 0.00000000e+000 0.00000000e+000 0.00000000e+000 0.00000000e+000 0.00000000e+000 0.00000000e+000 0.00000000e+000 0.00000000e+000 0.00000000e+000 0.00000000e+000 0.00000000e+000 0.00000000e+000 0.00000000e+000 0.00000000e+000 0.00000000e+000 0.00000000e+000 0.00000000e+000 0.00000000e+000 0.00000000e+000 0.00000000e+000
61419.80844907 0.000000 0.000000 0.000000 0.00000000e+000 0.00000000e+000 0.00000000e+000 0.00000000e+000 0.00000000e+000 0.00000000e+000 0.00000000e+000 0.00000000e+000 0.00000000e+000 0.00000000e+000 0.00000000e+000 0.00000000e+000 0.00000000e+000 0.00000000e+000 0.00000000e+000 0.00000000e+000 0.00000000e+000 0.00000000e+000 0.00000000e+000 0.00000000e+000 0.00000000e+000
61419.97045139 0.000000 0.000000 0.000000 0.00000000e+000 0.00000000e+000 0.00000000e+000 0.00000000e+000 0.00000000e+000 0.00000000e+000 0.00000000e+000 0.00000000e+000 0.00000000e+000 0.00000000e+000 0.00000000e+000 0.00000000e+000 0.00000000e+000 0.00000000e+000 0.00000000e+000 0.00000000e+000 0.00000000e+000 0.00000000e+000 0.00000000e+000 0.00000000e+000 0.00000000e+000
61420.13245370 0.000000 0.000000 0.000000 0.00000000e+000 0.00000000e+000 0.00000000e+000 0.00000000e+000 0.00000000e+000 0.00000000e+000 0.00000000e+000 0.00000000e+000 0.00000000e+000 0.00000000e+000 0.00000000e+000 0.00000000e+000 0.00000000e+000 0.00000000e+000 0.00000000e+000 0.00000000e+000 0.00000000e+000 0.00000000e+000 0.00000000e+000 0.00000000e+000 0.00000000e+000
61420.29445602 0.000000 0.000000 0.000000 0.00000000e+000 0.00000000e+000 0.00000000e+000 0.00000000e+000 0.00000000e+000 0.00000000e+000 0.00000000e+000 0.00000000e+000 0.00000000e+000 0.00000000e+000 0.00000000e+000 0.00000000e+000 0.00000000e+000 0.00000000e+000 0.00000000e+000 0.00000000e+000 0.00000000e+000 0.00000000e+000 0.00000000e+000 0.00000000e+000 0.00000000e+000
61420.45645833 0.000000 0.000000 0.000000 0.00000000e+000 0.00000000e+000 0.00000000e+000 0.00000000e+000 0.00000000e+000 0.00000000e+000 0.00000000e+000 0.00000000e+000 0.00000000e+000 0.00000000e+000 0.00000000e+000 0.00000000e+000 0.00000000e+000 0.00000000e+000 0.00000000e+000 0.00000000e+000 0.00000000e+000 0.00000000e+000 0.00000000e+000 0.00000000e+000 0.00000000e+000
61420.55915852 0.000000 0.000000 0.000000 0.00000000e+000 0.00000000e+000 0.00000000e+000 0.00000000e+000 0.00000000e+000 0.00000000e+000 0.00000000e+000 0.00000000e+000 0.00000000e+000 0.00000000e+000 0.00000000e+000 0.00000000e+000 0.00000000e+000 0.00000000e+000 0.00000000e+000 0.00000000e+000 0.00000000e+000 0.00000000e+000 0.00000000e+000 0.00000000e+000 0.00000000e+000
