# Ae9Ap9 Model output file: MoonBEAM_trajectory_trade/Rp18408_COM_8per90prop30inc_Sci.AP9.output_mc_fluenceIntv_077.txt
# Ae9Ap9 Software Version:  1.50.001
#
# Model type:               AP9
# Particle species:         H+
# Flux type:                1PtDiff
# Flux direction:           Omnidirectional
# Energy levels (MeV):       0.1 0.2 0.4 0.6 0.8 1 2 4 6 8 10 15 20 30 50 60 80 100 150 200 300 400 700 1200 2000
#
# Accumulation mode:        Interval, length = 16589 seconds (0.192002 days)
#
# Time format:              Modified Julian Date
# Coordinate system:        GEI (Geocentric Equatorial Inertial) Cartesian in km
# Data Delimiter:           space
#
# datetime(mjd),posx(km),posy(km),posz(km),fluence,fluence,fluence,fluence,fluence,fluence,fluence,fluence,fluence,fluence,fluence,fluence,fluence,fluence,fluence,fluence,fluence,fluence,fluence,fluence,fluence,fluence,fluence,fluence,fluence(#/cm^2/MeV)
61429.66149804 0.000000 0.000000 0.000000 0.00000000e+000 0.00000000e+000 0.00000000e+000 0.00000000e+000 0.00000000e+000 0.00000000e+000 0.00000000e+000 0.00000000e+000 0.00000000e+000 0.00000000e+000 0.00000000e+000 0.00000000e+000 0.00000000e+000 0.00000000e+000 0.00000000e+000 0.00000000e+000 0.00000000e+000 0.00000000e+000 0.00000000e+000 0.00000000e+000 0.00000000e+000 0.00000000e+000 0.00000000e+000 0.00000000e+000 0.00000000e+000
61429.85350036 0.000000 0.000000 0.000000 0.00000000e+000 0.00000000e+000 0.00000000e+000 0.00000000e+000 0.00000000e+000 0.00000000e+000 0.00000000e+000 0.00000000e+000 0.00000000e+000 0.00000000e+000 0.00000000e+000 0.00000000e+000 0.00000000e+000 0.00000000e+000 0.00000000e+000 0.00000000e+000 0.00000000e+000 0.00000000e+000 0.00000000e+000 0.00000000e+000 0.00000000e+000 0.00000000e+000 0.00000000e+000 0.00000000e+000 0.00000000e+000
61430.04550267 0.000000 0.000000 0.000000 0.00000000e+000 0.00000000e+000 0.00000000e+000 0.00000000e+000 0.00000000e+000 0.00000000e+000 0.00000000e+000 0.00000000e+000 0.00000000e+000 0.00000000e+000 0.00000000e+000 0.00000000e+000 0.00000000e+000 0.00000000e+000 0.00000000e+000 0.00000000e+000 0.00000000e+000 0.00000000e+000 0.00000000e+000 0.00000000e+000 0.00000000e+000 0.00000000e+000 0.00000000e+000 0.00000000e+000 0.00000000e+000
61430.23750499 0.000000 0.000000 0.000000 0.00000000e+000 0.00000000e+000 0.00000000e+000 0.00000000e+000 0.00000000e+000 0.00000000e+000 0.00000000e+000 0.00000000e+000 0.00000000e+000 0.00000000e+000 0.00000000e+000 0.00000000e+000 0.00000000e+000 0.00000000e+000 0.00000000e+000 0.00000000e+000 0.00000000e+000 0.00000000e+000 0.00000000e+000 0.00000000e+000 0.00000000e+000 0.00000000e+000 0.00000000e+000 0.00000000e+000 0.00000000e+000
61430.42950730 0.000000 0.000000 0.000000 0.00000000e+000 0.00000000e+000 0.00000000e+000 0.00000000e+000 0.00000000e+000 0.00000000e+000 0.00000000e+000 0.00000000e+000 0.00000000e+000 0.00000000e+000 0.00000000e+000 0.00000000e+000 0.00000000e+000 0.00000000e+000 0.00000000e+000 0.00000000e+000 0.00000000e+000 0.00000000e+000 0.00000000e+000 0.00000000e+000 0.00000000e+000 0.00000000e+000 0.00000000e+000 0.00000000e+000 0.00000000e+000
61430.62150962 0.000000 0.000000 0.000000 0.00000000e+000 0.00000000e+000 0.00000000e+000 0.00000000e+000 0.00000000e+000 0.00000000e+000 0.00000000e+000 0.00000000e+000 0.00000000e+000 0.00000000e+000 0.00000000e+000 0.00000000e+000 0.00000000e+000 0.00000000e+000 0.00000000e+000 0.00000000e+000 0.00000000e+000 0.00000000e+000 0.00000000e+000 0.00000000e+000 0.00000000e+000 0.00000000e+000 0.00000000e+000 0.00000000e+000 0.00000000e+000
61430.81351193 0.000000 0.000000 0.000000 0.00000000e+000 0.00000000e+000 0.00000000e+000 0.00000000e+000 0.00000000e+000 0.00000000e+000 0.00000000e+000 0.00000000e+000 0.00000000e+000 0.00000000e+000 0.00000000e+000 0.00000000e+000 0.00000000e+000 0.00000000e+000 0.00000000e+000 0.00000000e+000 0.00000000e+000 0.00000000e+000 0.00000000e+000 0.00000000e+000 0.00000000e+000 0.00000000e+000 0.00000000e+000 0.00000000e+000 0.00000000e+000
61431.00551425 0.000000 0.000000 0.000000 0.00000000e+000 0.00000000e+000 0.00000000e+000 0.00000000e+000 0.00000000e+000 0.00000000e+000 0.00000000e+000 0.00000000e+000 0.00000000e+000 0.00000000e+000 0.00000000e+000 0.00000000e+000 0.00000000e+000 0.00000000e+000 0.00000000e+000 0.00000000e+000 0.00000000e+000 0.00000000e+000 0.00000000e+000 0.00000000e+000 0.00000000e+000 0.00000000e+000 0.00000000e+000 0.00000000e+000 0.00000000e+000
61431.19751656 0.000000 0.000000 0.000000 0.00000000e+000 0.00000000e+000 0.00000000e+000 0.00000000e+000 0.00000000e+000 0.00000000e+000 0.00000000e+000 0.00000000e+000 0.00000000e+000 0.00000000e+000 0.00000000e+000 0.00000000e+000 0.00000000e+000 0.00000000e+000 0.00000000e+000 0.00000000e+000 0.00000000e+000 0.00000000e+000 0.00000000e+000 0.00000000e+000 0.00000000e+000 0.00000000e+000 0.00000000e+000 0.00000000e+000 0.00000000e+000
61431.38951888 0.000000 0.000000 0.000000 0.00000000e+000 0.00000000e+000 0.00000000e+000 0.00000000e+000 0.00000000e+000 0.00000000e+000 0.00000000e+000 0.00000000e+000 0.00000000e+000 0.00000000e+000 0.00000000e+000 0.00000000e+000 0.00000000e+000 0.00000000e+000 0.00000000e+000 0.00000000e+000 0.00000000e+000 0.00000000e+000 0.00000000e+000 0.00000000e+000 0.00000000e+000 0.00000000e+000 0.00000000e+000 0.00000000e+000 0.00000000e+000
61431.58152119 0.000000 0.000000 0.000000 9.39631358e+007 2.92356157e+007 3.59695491e+006 4.64032944e+005 9.23677157e+004 4.88005902e+003 2.81113402e+001 -2.62814816e-002 0.00000000e+000 0.00000000e+000 0.00000000e+000 0.00000000e+000 0.00000000e+000 0.00000000e+000 0.00000000e+000 0.00000000e+000 0.00000000e+000 0.00000000e+000 0.00000000e+000 0.00000000e+000 0.00000000e+000 0.00000000e+000 0.00000000e+000 0.00000000e+000 0.00000000e+000
61431.77352351 0.000000 0.000000 0.000000 1.51332183e+012 9.74798903e+011 6.11280361e+011 3.98620033e+011 2.49613177e+011 6.34045934e+010 6.99339707e+009 4.49153465e+008 4.56043306e+007 8.84884387e+006 1.27657245e+006 1.65575386e+005 2.50209914e+004 4.29281211e+003 1.04335794e+003 3.19646956e+002 1.15974570e+002 3.10137427e+001 1.50529198e+001 4.58954270e+000 1.15446859e+000 2.33730716e-002 0.00000000e+000 0.00000000e+000 0.00000000e+000
61431.96552582 0.000000 0.000000 0.000000 2.06055178e+012 1.21581188e+012 6.77461385e+011 4.15955454e+011 2.55237778e+011 6.39841182e+010 7.01536318e+009 4.49866127e+008 4.56355961e+007 8.85061297e+006 1.27667067e+006 1.65575460e+005 2.50209914e+004 4.29281211e+003 1.04335794e+003 3.19646956e+002 1.15974570e+002 3.10137427e+001 1.50529198e+001 4.58954270e+000 1.15446859e+000 2.33730716e-002 0.00000000e+000 0.00000000e+000 0.00000000e+000
61432.15752814 0.000000 0.000000 0.000000 2.06055178e+012 1.21581188e+012 6.77461385e+011 4.15955454e+011 2.55237778e+011 6.39841182e+010 7.01536318e+009 4.49866127e+008 4.56355961e+007 8.85061297e+006 1.27667067e+006 1.65575460e+005 2.50209914e+004 4.29281211e+003 1.04335794e+003 3.19646956e+002 1.15974570e+002 3.10137427e+001 1.50529198e+001 4.58954270e+000 1.15446859e+000 2.33730716e-002 0.00000000e+000 0.00000000e+000 0.00000000e+000
61432.34953045 0.000000 0.000000 0.000000 2.06055178e+012 1.21581188e+012 6.77461385e+011 4.15955454e+011 2.55237778e+011 6.39841182e+010 7.01536318e+009 4.49866127e+008 4.56355961e+007 8.85061297e+006 1.27667067e+006 1.65575460e+005 2.50209914e+004 4.29281211e+003 1.04335794e+003 3.19646956e+002 1.15974570e+002 3.10137427e+001 1.50529198e+001 4.58954270e+000 1.15446859e+000 2.33730716e-002 0.00000000e+000 0.00000000e+000 0.00000000e+000
61432.54153277 0.000000 0.000000 0.000000 2.06055178e+012 1.21581188e+012 6.77461385e+011 4.15955454e+011 2.55237778e+011 6.39841182e+010 7.01536318e+009 4.49866127e+008 4.56355961e+007 8.85061297e+006 1.27667067e+006 1.65575460e+005 2.50209914e+004 4.29281211e+003 1.04335794e+003 3.19646956e+002 1.15974570e+002 3.10137427e+001 1.50529198e+001 4.58954270e+000 1.15446859e+000 2.33730716e-002 0.00000000e+000 0.00000000e+000 0.00000000e+000
61432.73353508 0.000000 0.000000 0.000000 2.06055178e+012 1.21581188e+012 6.77461385e+011 4.15955454e+011 2.55237778e+011 6.39841182e+010 7.01536318e+009 4.49866127e+008 4.56355961e+007 8.85061297e+006 1.27667067e+006 1.65575460e+005 2.50209914e+004 4.29281211e+003 1.04335794e+003 3.19646956e+002 1.15974570e+002 3.10137427e+001 1.50529198e+001 4.58954270e+000 1.15446859e+000 2.33730716e-002 0.00000000e+000 0.00000000e+000 0.00000000e+000
61432.92553740 0.000000 0.000000 0.000000 2.06055178e+012 1.21581188e+012 6.77461385e+011 4.15955454e+011 2.55237778e+011 6.39841182e+010 7.01536318e+009 4.49866127e+008 4.56355961e+007 8.85061297e+006 1.27667067e+006 1.65575460e+005 2.50209914e+004 4.29281211e+003 1.04335794e+003 3.19646956e+002 1.15974570e+002 3.10137427e+001 1.50529198e+001 4.58954270e+000 1.15446859e+000 2.33730716e-002 0.00000000e+000 0.00000000e+000 0.00000000e+000
61433.11753971 0.000000 0.000000 0.000000 2.06055178e+012 1.21581188e+012 6.77461385e+011 4.15955454e+011 2.55237778e+011 6.39841182e+010 7.01536318e+009 4.49866127e+008 4.56355961e+007 8.85061297e+006 1.27667067e+006 1.65575460e+005 2.50209914e+004 4.29281211e+003 1.04335794e+003 3.19646956e+002 1.15974570e+002 3.10137427e+001 1.50529198e+001 4.58954270e+000 1.15446859e+000 2.33730716e-002 0.00000000e+000 0.00000000e+000 0.00000000e+000
61433.30954203 0.000000 0.000000 0.000000 2.06055178e+012 1.21581188e+012 6.77461385e+011 4.15955454e+011 2.55237778e+011 6.39841182e+010 7.01536318e+009 4.49866127e+008 4.56355961e+007 8.85061297e+006 1.27667067e+006 1.65575460e+005 2.50209914e+004 4.29281211e+003 1.04335794e+003 3.19646956e+002 1.15974570e+002 3.10137427e+001 1.50529198e+001 4.58954270e+000 1.15446859e+000 2.33730716e-002 0.00000000e+000 0.00000000e+000 0.00000000e+000
61433.50154434 0.000000 0.000000 0.000000 2.06055178e+012 1.21581188e+012 6.77461385e+011 4.15955454e+011 2.55237778e+011 6.39841182e+010 7.01536318e+009 4.49866127e+008 4.56355961e+007 8.85061297e+006 1.27667067e+006 1.65575460e+005 2.50209914e+004 4.29281211e+003 1.04335794e+003 3.19646956e+002 1.15974570e+002 3.10137427e+001 1.50529198e+001 4.58954270e+000 1.15446859e+000 2.33730716e-002 0.00000000e+000 0.00000000e+000 0.00000000e+000
61433.69354666 0.000000 0.000000 0.000000 2.06055178e+012 1.21581188e+012 6.77461385e+011 4.15955454e+011 2.55237778e+011 6.39841182e+010 7.01536318e+009 4.49866127e+008 4.56355961e+007 8.85061297e+006 1.27667067e+006 1.65575460e+005 2.50209914e+004 4.29281211e+003 1.04335794e+003 3.19646956e+002 1.15974570e+002 3.10137427e+001 1.50529198e+001 4.58954270e+000 1.15446859e+000 2.33730716e-002 0.00000000e+000 0.00000000e+000 0.00000000e+000
61433.88554897 0.000000 0.000000 0.000000 2.06055178e+012 1.21581188e+012 6.77461385e+011 4.15955454e+011 2.55237778e+011 6.39841182e+010 7.01536318e+009 4.49866127e+008 4.56355961e+007 8.85061297e+006 1.27667067e+006 1.65575460e+005 2.50209914e+004 4.29281211e+003 1.04335794e+003 3.19646956e+002 1.15974570e+002 3.10137427e+001 1.50529198e+001 4.58954270e+000 1.15446859e+000 2.33730716e-002 0.00000000e+000 0.00000000e+000 0.00000000e+000
61433.90511367 0.000000 0.000000 0.000000 2.06055178e+012 1.21581188e+012 6.77461385e+011 4.15955454e+011 2.55237778e+011 6.39841182e+010 7.01536318e+009 4.49866127e+008 4.56355961e+007 8.85061297e+006 1.27667067e+006 1.65575460e+005 2.50209914e+004 4.29281211e+003 1.04335794e+003 3.19646956e+002 1.15974570e+002 3.10137427e+001 1.50529198e+001 4.58954270e+000 1.15446859e+000 2.33730716e-002 0.00000000e+000 0.00000000e+000 0.00000000e+000
