# Ae9Ap9 Model output file: MoonBEAM_trajectory_trade/Rp18408_COM_8per90prop30inc_Tran.AE9.output_mc_fluxIntvAvg_054.txt
# Ae9Ap9 Software Version:  1.50.001
#
# Model type:               AE9
# Particle species:         e-
# Flux type:                1PtDiff
# Flux direction:           Omnidirectional
# Energy levels (MeV):       0.04 0.07 0.1 0.25 0.5 0.75 1 1.5 2 2.5 3 3.5 4 4.5 5 5.5 6 6.5 7 8.5 10
#
# Accumulation mode:        Interval, length = 13997 seconds (0.162002 days)
#
# Time format:              Modified Julian Date
# Coordinate system:        GEI (Geocentric Equatorial Inertial) Cartesian in km
# Data Delimiter:           space
#
# datetime(mjd),posx(km),posy(km),posz(km),flux,flux,flux,flux,flux,flux,flux,flux,flux,flux,flux,flux,flux,flux,flux,flux,flux,flux,flux,flux,flux(#/cm^2/s/MeV)
61411.87033565 0.000000 0.000000 0.000000 8.86445335e+008 4.77677839e+008 1.38217386e+008 1.19075091e+007 1.32963196e+006 3.24511719e+005 9.06288504e+004 2.59662954e+004 1.25220635e+004 6.64710701e+003 3.27794824e+003 1.24239628e+003 4.32473239e+002 1.53400661e+002 6.01796491e+001 2.47772734e+001 1.19439926e+001 6.57752778e+000 3.32893648e+000 1.41901009e+000 7.70951001e-001
61412.03233796 0.000000 0.000000 0.000000 8.66070858e+008 3.62222386e+008 7.31829345e+007 1.28622286e+007 1.54540298e+006 2.31318188e+005 3.79718999e+004 1.11479026e+004 4.73188535e+003 1.71342724e+003 5.04815316e+002 1.36126471e+002 4.74722584e+001 1.58741570e+001 5.77552265e+000 2.28543541e+000 1.20035664e+000 7.55492104e-001 3.70904877e-001 1.85844658e-001 1.42000635e-001
61412.19434028 0.000000 0.000000 0.000000 4.15905899e+008 1.96326248e+008 4.85641028e+007 5.11234932e+006 8.13238970e+005 1.48158003e+005 2.96724187e+004 6.50459610e+003 2.63033050e+003 1.31634453e+003 4.72442099e+002 1.18164118e+002 4.44070370e+001 1.90690634e+001 8.60049595e+000 3.65413766e+000 1.91689947e+000 1.21478156e+000 6.91950659e-001 4.10765041e-001 2.73451562e-001
61412.35634259 0.000000 0.000000 0.000000 7.14577282e+008 2.76386710e+008 5.25382597e+007 8.56039021e+006 8.68713425e+005 1.03625467e+005 1.45027310e+004 2.33395557e+003 9.21844305e+002 4.63052100e+002 1.51000128e+002 3.16165870e+001 1.06846497e+001 4.09963888e+000 1.87615649e+000 9.81336746e-001 7.82248672e-001 7.13195121e-001 5.49183492e-001 7.26474459e-001 1.02335147e+000
61412.51834491 0.000000 0.000000 0.000000 7.40674380e+008 2.88475689e+008 5.36851173e+007 8.28360432e+006 4.61186953e+005 3.78189630e+004 3.89233945e+003 5.95098207e+002 1.06400601e+002 2.73969170e+001 1.26220179e+001 1.00644515e+001 8.24567959e+000 4.51630180e+000 2.44698371e+000 1.47556078e+000 1.27351686e+000 1.16956260e+000 8.95177602e-001 1.04516293e+000 1.29916746e+000
61412.68034722 0.000000 0.000000 0.000000 1.11267139e+009 5.40213023e+008 1.23715403e+008 1.45761501e+007 1.45410375e+006 2.48671328e+005 5.15141649e+004 1.18301045e+004 3.91366174e+003 1.63628033e+003 7.88343874e+002 3.30720543e+002 1.41738221e+002 6.12851868e+001 2.77080707e+001 1.24828079e+001 6.60566976e+000 4.03579126e+000 2.24190905e+000 1.23568455e+000 8.53817981e-001
61412.84234954 0.000000 0.000000 0.000000 1.38480724e+009 8.47616487e+008 2.58688927e+008 2.10490331e+007 1.79287657e+006 3.77760546e+005 1.02227609e+005 2.53569126e+004 7.70176319e+003 2.94017043e+003 1.29602121e+003 5.35160520e+002 2.29610054e+002 1.03846530e+002 5.09005290e+001 2.61216924e+001 1.53351952e+001 1.00099800e+001 5.90637544e+000 3.36872014e+000 2.25462724e+000
61413.00435185 0.000000 0.000000 0.000000 7.53539710e+008 4.30357597e+008 9.35976750e+007 1.03331029e+007 8.62198373e+005 1.22845669e+005 2.02705166e+004 4.59386101e+003 1.10370714e+003 2.62376038e+002 6.23431013e+001 2.16431997e+001 1.20752192e+001 5.92871046e+000 2.91046064e+000 1.50110817e+000 1.04688647e+000 7.83538826e-001 4.59008765e-001 2.60612472e-001 1.77140447e-001
61413.16635417 0.000000 0.000000 0.000000 7.81049082e+007 5.52229474e+007 1.33841299e+007 8.56280106e+005 3.87104661e+004 3.16233360e+003 3.70027602e+002 5.29522289e+001 1.04048987e+001 3.45440701e+000 1.82313103e+000 1.08413414e+000 6.96667702e-001 3.70814735e-001 1.95352682e-001 9.32895574e-002 5.33995038e-002 3.87262696e-002 2.20226745e-002 4.06725408e-003 7.68798315e-006
61413.32835648 0.000000 0.000000 0.000000 9.74824674e+008 7.12854796e+008 1.64074972e+008 1.36261849e+007 1.27441333e+006 2.21726346e+005 4.34567448e+004 8.54729934e+003 1.59533896e+003 3.25262333e+002 7.32967388e+001 2.40687063e+001 1.31066743e+001 6.41565656e+000 3.16539270e+000 1.61007604e+000 1.05167370e+000 7.08806821e-001 3.62062635e-001 1.23730931e-001 5.29197417e-002
61413.49035880 0.000000 0.000000 0.000000 9.86257176e+008 8.26741092e+008 2.69023923e+008 3.95957825e+007 6.46957190e+006 2.21388991e+006 9.01525155e+005 2.78842755e+005 6.83572830e+004 1.92685539e+004 6.28528852e+003 2.19620388e+003 8.39729709e+002 3.30611702e+002 1.36534200e+002 6.17383237e+001 3.37457235e+001 2.12782884e+001 1.19498577e+001 6.30055477e+000 4.34020452e+000
61413.65236111 0.000000 0.000000 0.000000 7.04043196e+008 5.39113255e+008 1.54504153e+008 2.54949385e+007 4.56131938e+006 1.44857118e+006 5.48815673e+005 1.69920380e+005 4.32087356e+004 1.24779096e+004 3.95692192e+003 1.33360737e+003 5.26248000e+002 2.12567971e+002 9.05913368e+001 4.15308492e+001 2.35358267e+001 1.53233569e+001 8.60012260e+000 4.34070635e+000 2.80227392e+000
61413.81436343 0.000000 0.000000 0.000000 2.49080356e+007 1.95558187e+007 5.47029913e+006 6.00027085e+005 4.81782085e+004 5.83902058e+003 9.80223259e+002 1.61162372e+002 2.92962694e+001 8.62207515e+000 4.30235234e+000 2.43963943e+000 1.54485064e+000 8.51800432e-001 4.75255618e-001 2.64669756e-001 1.77041993e-001 1.28974042e-001 7.68574407e-002 3.30494121e-002 1.06265673e-002
61413.97636574 0.000000 0.000000 0.000000 0.00000000e+000 0.00000000e+000 0.00000000e+000 0.00000000e+000 0.00000000e+000 0.00000000e+000 0.00000000e+000 0.00000000e+000 0.00000000e+000 0.00000000e+000 0.00000000e+000 0.00000000e+000 0.00000000e+000 0.00000000e+000 0.00000000e+000 0.00000000e+000 0.00000000e+000 0.00000000e+000 0.00000000e+000 0.00000000e+000 0.00000000e+000
61414.13836806 0.000000 0.000000 0.000000 0.00000000e+000 0.00000000e+000 0.00000000e+000 0.00000000e+000 0.00000000e+000 0.00000000e+000 0.00000000e+000 0.00000000e+000 0.00000000e+000 0.00000000e+000 0.00000000e+000 0.00000000e+000 0.00000000e+000 0.00000000e+000 0.00000000e+000 0.00000000e+000 0.00000000e+000 0.00000000e+000 0.00000000e+000 0.00000000e+000 0.00000000e+000
61414.30037037 0.000000 0.000000 0.000000 1.46400048e+007 1.06564488e+007 3.96036155e+006 1.62586733e+006 2.22081301e+005 3.17926094e+004 6.50902998e+003 1.32836480e+003 2.93232956e+002 1.04442652e+002 5.95380982e+001 3.60512112e+001 2.36238630e+001 1.38306616e+001 8.02226254e+000 4.65510498e+000 3.10763438e+000 2.52491101e+000 1.79197081e+000 9.97856259e-001 2.23091744e-001
61414.46237269 0.000000 0.000000 0.000000 1.09243717e+008 5.61745489e+007 2.18322535e+007 1.39610630e+007 4.13323784e+006 1.19846430e+006 4.29542313e+005 1.62168365e+005 5.53185683e+004 1.74458066e+004 5.64527372e+003 1.90058651e+003 7.57399280e+002 3.18109998e+002 1.55315194e+002 8.91319021e+001 6.36803207e+001 5.02718420e+001 3.39446383e+001 2.30754269e+001 1.70314585e+001
61414.62437500 0.000000 0.000000 0.000000 2.60101483e+008 1.23862346e+008 4.25290756e+007 1.12214522e+007 2.92278929e+006 8.09134803e+005 2.82173005e+005 1.05363277e+005 3.80332765e+004 1.26307062e+004 4.13210500e+003 1.31933056e+003 4.98192001e+002 1.97691913e+002 9.02230145e+001 4.79374555e+001 3.19683536e+001 2.37581644e+001 1.49542863e+001 9.10000257e+000 6.31558053e+000
61414.78637731 0.000000 0.000000 0.000000 6.69314461e+006 4.90975805e+006 1.95568916e+006 9.89662951e+005 1.70216992e+005 2.66667728e+004 5.82237566e+003 1.16667114e+003 2.33748887e+002 7.24930965e+001 3.68157612e+001 2.02634274e+001 1.23540159e+001 6.83787974e+000 3.86904008e+000 2.29419569e+000 1.67251312e+000 1.34405307e+000 9.23373996e-001 5.99923761e-001 3.63312514e-001
61414.94837963 0.000000 0.000000 0.000000 0.00000000e+000 0.00000000e+000 0.00000000e+000 0.00000000e+000 0.00000000e+000 0.00000000e+000 0.00000000e+000 0.00000000e+000 0.00000000e+000 0.00000000e+000 0.00000000e+000 0.00000000e+000 0.00000000e+000 0.00000000e+000 0.00000000e+000 0.00000000e+000 0.00000000e+000 0.00000000e+000 0.00000000e+000 0.00000000e+000 0.00000000e+000
61415.11038194 0.000000 0.000000 0.000000 0.00000000e+000 0.00000000e+000 0.00000000e+000 0.00000000e+000 0.00000000e+000 0.00000000e+000 0.00000000e+000 0.00000000e+000 0.00000000e+000 0.00000000e+000 0.00000000e+000 0.00000000e+000 0.00000000e+000 0.00000000e+000 0.00000000e+000 0.00000000e+000 0.00000000e+000 0.00000000e+000 0.00000000e+000 0.00000000e+000 0.00000000e+000
61415.27238426 0.000000 0.000000 0.000000 0.00000000e+000 0.00000000e+000 0.00000000e+000 0.00000000e+000 0.00000000e+000 0.00000000e+000 0.00000000e+000 0.00000000e+000 0.00000000e+000 0.00000000e+000 0.00000000e+000 0.00000000e+000 0.00000000e+000 0.00000000e+000 0.00000000e+000 0.00000000e+000 0.00000000e+000 0.00000000e+000 0.00000000e+000 0.00000000e+000 0.00000000e+000
61415.43438657 0.000000 0.000000 0.000000 0.00000000e+000 0.00000000e+000 0.00000000e+000 0.00000000e+000 0.00000000e+000 0.00000000e+000 0.00000000e+000 0.00000000e+000 0.00000000e+000 0.00000000e+000 0.00000000e+000 0.00000000e+000 0.00000000e+000 0.00000000e+000 0.00000000e+000 0.00000000e+000 0.00000000e+000 0.00000000e+000 0.00000000e+000 0.00000000e+000 0.00000000e+000
61415.59638889 0.000000 0.000000 0.000000 0.00000000e+000 0.00000000e+000 0.00000000e+000 0.00000000e+000 0.00000000e+000 0.00000000e+000 0.00000000e+000 0.00000000e+000 0.00000000e+000 0.00000000e+000 0.00000000e+000 0.00000000e+000 0.00000000e+000 0.00000000e+000 0.00000000e+000 0.00000000e+000 0.00000000e+000 0.00000000e+000 0.00000000e+000 0.00000000e+000 0.00000000e+000
61415.75839120 0.000000 0.000000 0.000000 4.02776978e+005 3.00335873e+005 8.83795449e+004 2.37773608e+004 2.36596168e+003 2.23456353e+002 3.42722598e+001 6.51627422e+000 1.21171874e+000 3.39208485e-001 1.31993836e-001 5.88970745e-002 3.05454325e-002 1.16001824e-002 5.20150903e-003 9.68278487e-004 -2.23346247e-005 -1.67915418e-005 -8.20859540e-006 0.00000000e+000 0.00000000e+000
61415.92039352 0.000000 0.000000 0.000000 6.82187752e+007 4.40078237e+007 1.55727898e+007 5.84818654e+006 1.62703841e+006 3.92629331e+005 1.20519466e+005 4.21068929e+004 1.63845625e+004 5.76536785e+003 1.73785175e+003 4.52835143e+002 1.49313155e+002 5.19576797e+001 2.04274466e+001 8.86597226e+000 4.94843625e+000 3.16286334e+000 1.68283674e+000 7.35744190e-001 4.05695592e-001
61416.08239583 0.000000 0.000000 0.000000 3.78732242e+008 1.82915459e+008 4.94927943e+007 7.63552534e+006 1.73558209e+006 4.66063821e+005 1.56960910e+005 5.87647468e+004 2.36458641e+004 8.96123899e+003 3.28112038e+003 1.14913666e+003 4.72759796e+002 1.95173951e+002 8.15616275e+001 3.43744574e+001 1.80964388e+001 1.13606418e+001 6.33495724e+000 3.09709601e+000 1.89235763e+000
61416.24439815 0.000000 0.000000 0.000000 2.47933357e+007 1.61734030e+007 4.64232164e+006 1.03062987e+006 1.16015201e+005 1.54526423e+004 2.73021900e+003 4.08001244e+002 5.77333225e+001 1.31737220e+001 4.97769533e+000 2.28226864e+000 1.25506452e+000 5.95854670e-001 2.89963587e-001 1.48343766e-001 1.00899553e-001 7.27104839e-002 4.16562529e-002 1.86666135e-002 9.13968971e-003
61416.40640046 0.000000 0.000000 0.000000 0.00000000e+000 0.00000000e+000 0.00000000e+000 0.00000000e+000 0.00000000e+000 0.00000000e+000 0.00000000e+000 0.00000000e+000 0.00000000e+000 0.00000000e+000 0.00000000e+000 0.00000000e+000 0.00000000e+000 0.00000000e+000 0.00000000e+000 0.00000000e+000 0.00000000e+000 0.00000000e+000 0.00000000e+000 0.00000000e+000 0.00000000e+000
61416.56840278 0.000000 0.000000 0.000000 0.00000000e+000 0.00000000e+000 0.00000000e+000 0.00000000e+000 0.00000000e+000 0.00000000e+000 0.00000000e+000 0.00000000e+000 0.00000000e+000 0.00000000e+000 0.00000000e+000 0.00000000e+000 0.00000000e+000 0.00000000e+000 0.00000000e+000 0.00000000e+000 0.00000000e+000 0.00000000e+000 0.00000000e+000 0.00000000e+000 0.00000000e+000
61416.73040509 0.000000 0.000000 0.000000 0.00000000e+000 0.00000000e+000 0.00000000e+000 0.00000000e+000 0.00000000e+000 0.00000000e+000 0.00000000e+000 0.00000000e+000 0.00000000e+000 0.00000000e+000 0.00000000e+000 0.00000000e+000 0.00000000e+000 0.00000000e+000 0.00000000e+000 0.00000000e+000 0.00000000e+000 0.00000000e+000 0.00000000e+000 0.00000000e+000 0.00000000e+000
61416.89240741 0.000000 0.000000 0.000000 0.00000000e+000 0.00000000e+000 0.00000000e+000 0.00000000e+000 0.00000000e+000 0.00000000e+000 0.00000000e+000 0.00000000e+000 0.00000000e+000 0.00000000e+000 0.00000000e+000 0.00000000e+000 0.00000000e+000 0.00000000e+000 0.00000000e+000 0.00000000e+000 0.00000000e+000 0.00000000e+000 0.00000000e+000 0.00000000e+000 0.00000000e+000
61417.05440972 0.000000 0.000000 0.000000 0.00000000e+000 0.00000000e+000 0.00000000e+000 0.00000000e+000 0.00000000e+000 0.00000000e+000 0.00000000e+000 0.00000000e+000 0.00000000e+000 0.00000000e+000 0.00000000e+000 0.00000000e+000 0.00000000e+000 0.00000000e+000 0.00000000e+000 0.00000000e+000 0.00000000e+000 0.00000000e+000 0.00000000e+000 0.00000000e+000 0.00000000e+000
61417.21641204 0.000000 0.000000 0.000000 0.00000000e+000 0.00000000e+000 0.00000000e+000 0.00000000e+000 0.00000000e+000 0.00000000e+000 0.00000000e+000 0.00000000e+000 0.00000000e+000 0.00000000e+000 0.00000000e+000 0.00000000e+000 0.00000000e+000 0.00000000e+000 0.00000000e+000 0.00000000e+000 0.00000000e+000 0.00000000e+000 0.00000000e+000 0.00000000e+000 0.00000000e+000
61417.37841435 0.000000 0.000000 0.000000 0.00000000e+000 0.00000000e+000 0.00000000e+000 0.00000000e+000 0.00000000e+000 0.00000000e+000 0.00000000e+000 0.00000000e+000 0.00000000e+000 0.00000000e+000 0.00000000e+000 0.00000000e+000 0.00000000e+000 0.00000000e+000 0.00000000e+000 0.00000000e+000 0.00000000e+000 0.00000000e+000 0.00000000e+000 0.00000000e+000 0.00000000e+000
61417.54041667 0.000000 0.000000 0.000000 0.00000000e+000 0.00000000e+000 0.00000000e+000 0.00000000e+000 0.00000000e+000 0.00000000e+000 0.00000000e+000 0.00000000e+000 0.00000000e+000 0.00000000e+000 0.00000000e+000 0.00000000e+000 0.00000000e+000 0.00000000e+000 0.00000000e+000 0.00000000e+000 0.00000000e+000 0.00000000e+000 0.00000000e+000 0.00000000e+000 0.00000000e+000
61417.70241898 0.000000 0.000000 0.000000 0.00000000e+000 0.00000000e+000 0.00000000e+000 0.00000000e+000 0.00000000e+000 0.00000000e+000 0.00000000e+000 0.00000000e+000 0.00000000e+000 0.00000000e+000 0.00000000e+000 0.00000000e+000 0.00000000e+000 0.00000000e+000 0.00000000e+000 0.00000000e+000 0.00000000e+000 0.00000000e+000 0.00000000e+000 0.00000000e+000 0.00000000e+000
61417.86442130 0.000000 0.000000 0.000000 0.00000000e+000 0.00000000e+000 0.00000000e+000 0.00000000e+000 0.00000000e+000 0.00000000e+000 0.00000000e+000 0.00000000e+000 0.00000000e+000 0.00000000e+000 0.00000000e+000 0.00000000e+000 0.00000000e+000 0.00000000e+000 0.00000000e+000 0.00000000e+000 0.00000000e+000 0.00000000e+000 0.00000000e+000 0.00000000e+000 0.00000000e+000
61418.02642361 0.000000 0.000000 0.000000 0.00000000e+000 0.00000000e+000 0.00000000e+000 0.00000000e+000 0.00000000e+000 0.00000000e+000 0.00000000e+000 0.00000000e+000 0.00000000e+000 0.00000000e+000 0.00000000e+000 0.00000000e+000 0.00000000e+000 0.00000000e+000 0.00000000e+000 0.00000000e+000 0.00000000e+000 0.00000000e+000 0.00000000e+000 0.00000000e+000 0.00000000e+000
61418.18842593 0.000000 0.000000 0.000000 1.85501679e+003 1.93397600e+003 4.24321913e+002 -4.07181701e+001 -1.64920078e+000 -1.91782636e-001 -2.51919260e-002 -3.20510522e-003 -4.11506401e-004 -8.64814943e-005 -1.19760968e-004 -1.99259562e-005 -1.36979574e-005 0.00000000e+000 0.00000000e+000 0.00000000e+000 0.00000000e+000 0.00000000e+000 0.00000000e+000 0.00000000e+000 0.00000000e+000
61418.35042824 0.000000 0.000000 0.000000 8.71659556e+006 1.00082904e+007 6.02309091e+006 1.45881264e+006 2.76970199e+005 8.14396986e+004 2.37382201e+004 9.45624825e+003 3.99375301e+003 1.51247956e+003 4.28884580e+002 1.12523678e+002 4.29792366e+001 1.76273109e+001 7.78162729e+000 3.82433547e+000 2.35563647e+000 1.51878539e+000 7.75984960e-001 2.95572435e-001 1.66222484e-001
61418.51243056 0.000000 0.000000 0.000000 1.31351002e+008 5.73949618e+007 1.65536961e+007 3.72974920e+006 9.76443870e+005 3.53527338e+005 2.06261135e+005 1.80238417e+005 9.73935890e+004 4.59837518e+004 2.02886100e+004 8.84708612e+003 4.04898931e+003 1.80013373e+003 7.88180057e+002 3.78164025e+002 2.23331242e+002 1.56841789e+002 1.00870415e+002 5.86710313e+001 4.13410647e+001
61418.67443287 0.000000 0.000000 0.000000 1.21485276e+007 1.25792176e+007 6.27887608e+006 1.61464339e+006 2.79465344e+005 6.80581883e+004 1.78820725e+004 5.39542149e+003 1.57836048e+003 4.53026719e+002 1.26699839e+002 4.03929455e+001 1.88792036e+001 8.49464192e+000 3.95563436e+000 1.95005349e+000 1.21908358e+000 7.84585044e-001 3.99627545e-001 1.43324906e-001 7.30796941e-002
61418.83643519 0.000000 0.000000 0.000000 0.00000000e+000 0.00000000e+000 0.00000000e+000 0.00000000e+000 0.00000000e+000 0.00000000e+000 0.00000000e+000 0.00000000e+000 0.00000000e+000 0.00000000e+000 0.00000000e+000 0.00000000e+000 0.00000000e+000 0.00000000e+000 0.00000000e+000 0.00000000e+000 0.00000000e+000 0.00000000e+000 0.00000000e+000 0.00000000e+000 0.00000000e+000
61418.99843750 0.000000 0.000000 0.000000 0.00000000e+000 0.00000000e+000 0.00000000e+000 0.00000000e+000 0.00000000e+000 0.00000000e+000 0.00000000e+000 0.00000000e+000 0.00000000e+000 0.00000000e+000 0.00000000e+000 0.00000000e+000 0.00000000e+000 0.00000000e+000 0.00000000e+000 0.00000000e+000 0.00000000e+000 0.00000000e+000 0.00000000e+000 0.00000000e+000 0.00000000e+000
61419.16043981 0.000000 0.000000 0.000000 0.00000000e+000 0.00000000e+000 0.00000000e+000 0.00000000e+000 0.00000000e+000 0.00000000e+000 0.00000000e+000 0.00000000e+000 0.00000000e+000 0.00000000e+000 0.00000000e+000 0.00000000e+000 0.00000000e+000 0.00000000e+000 0.00000000e+000 0.00000000e+000 0.00000000e+000 0.00000000e+000 0.00000000e+000 0.00000000e+000 0.00000000e+000
61419.32244213 0.000000 0.000000 0.000000 0.00000000e+000 0.00000000e+000 0.00000000e+000 0.00000000e+000 0.00000000e+000 0.00000000e+000 0.00000000e+000 0.00000000e+000 0.00000000e+000 0.00000000e+000 0.00000000e+000 0.00000000e+000 0.00000000e+000 0.00000000e+000 0.00000000e+000 0.00000000e+000 0.00000000e+000 0.00000000e+000 0.00000000e+000 0.00000000e+000 0.00000000e+000
61419.48444444 0.000000 0.000000 0.000000 0.00000000e+000 0.00000000e+000 0.00000000e+000 0.00000000e+000 0.00000000e+000 0.00000000e+000 0.00000000e+000 0.00000000e+000 0.00000000e+000 0.00000000e+000 0.00000000e+000 0.00000000e+000 0.00000000e+000 0.00000000e+000 0.00000000e+000 0.00000000e+000 0.00000000e+000 0.00000000e+000 0.00000000e+000 0.00000000e+000 0.00000000e+000
61419.64644676 0.000000 0.000000 0.000000 0.00000000e+000 0.00000000e+000 0.00000000e+000 0.00000000e+000 0.00000000e+000 0.00000000e+000 0.00000000e+000 0.00000000e+000 0.00000000e+000 0.00000000e+000 0.00000000e+000 0.00000000e+000 0.00000000e+000 0.00000000e+000 0.00000000e+000 0.00000000e+000 0.00000000e+000 0.00000000e+000 0.00000000e+000 0.00000000e+000 0.00000000e+000
61419.80844907 0.000000 0.000000 0.000000 0.00000000e+000 0.00000000e+000 0.00000000e+000 0.00000000e+000 0.00000000e+000 0.00000000e+000 0.00000000e+000 0.00000000e+000 0.00000000e+000 0.00000000e+000 0.00000000e+000 0.00000000e+000 0.00000000e+000 0.00000000e+000 0.00000000e+000 0.00000000e+000 0.00000000e+000 0.00000000e+000 0.00000000e+000 0.00000000e+000 0.00000000e+000
61419.97045139 0.000000 0.000000 0.000000 0.00000000e+000 0.00000000e+000 0.00000000e+000 0.00000000e+000 0.00000000e+000 0.00000000e+000 0.00000000e+000 0.00000000e+000 0.00000000e+000 0.00000000e+000 0.00000000e+000 0.00000000e+000 0.00000000e+000 0.00000000e+000 0.00000000e+000 0.00000000e+000 0.00000000e+000 0.00000000e+000 0.00000000e+000 0.00000000e+000 0.00000000e+000
61420.13245370 0.000000 0.000000 0.000000 0.00000000e+000 0.00000000e+000 0.00000000e+000 0.00000000e+000 0.00000000e+000 0.00000000e+000 0.00000000e+000 0.00000000e+000 0.00000000e+000 0.00000000e+000 0.00000000e+000 0.00000000e+000 0.00000000e+000 0.00000000e+000 0.00000000e+000 0.00000000e+000 0.00000000e+000 0.00000000e+000 0.00000000e+000 0.00000000e+000 0.00000000e+000
61420.29445602 0.000000 0.000000 0.000000 0.00000000e+000 0.00000000e+000 0.00000000e+000 0.00000000e+000 0.00000000e+000 0.00000000e+000 0.00000000e+000 0.00000000e+000 0.00000000e+000 0.00000000e+000 0.00000000e+000 0.00000000e+000 0.00000000e+000 0.00000000e+000 0.00000000e+000 0.00000000e+000 0.00000000e+000 0.00000000e+000 0.00000000e+000 0.00000000e+000 0.00000000e+000
61420.45645833 0.000000 0.000000 0.000000 0.00000000e+000 0.00000000e+000 0.00000000e+000 0.00000000e+000 0.00000000e+000 0.00000000e+000 0.00000000e+000 0.00000000e+000 0.00000000e+000 0.00000000e+000 0.00000000e+000 0.00000000e+000 0.00000000e+000 0.00000000e+000 0.00000000e+000 0.00000000e+000 0.00000000e+000 0.00000000e+000 0.00000000e+000 0.00000000e+000 0.00000000e+000
61420.55915852 0.000000 0.000000 0.000000 0.00000000e+000 0.00000000e+000 0.00000000e+000 0.00000000e+000 0.00000000e+000 0.00000000e+000 0.00000000e+000 0.00000000e+000 0.00000000e+000 0.00000000e+000 0.00000000e+000 0.00000000e+000 0.00000000e+000 0.00000000e+000 0.00000000e+000 0.00000000e+000 0.00000000e+000 0.00000000e+000 0.00000000e+000 0.00000000e+000 0.00000000e+000
