# Ae9Ap9 Model output file: MoonBEAM_trajectory_trade/Rp18408_COM_8per90prop30inc_Sci.AE9.output_mc_fluenceIntv_094.txt
# Ae9Ap9 Software Version:  1.50.001
#
# Model type:               AE9
# Particle species:         e-
# Flux type:                1PtDiff
# Flux direction:           Omnidirectional
# Energy levels (MeV):       0.04 0.07 0.1 0.25 0.5 0.75 1 1.5 2 2.5 3 3.5 4 4.5 5 5.5 6 6.5 7 8.5 10
#
# Accumulation mode:        Interval, length = 16589 seconds (0.192002 days)
#
# Time format:              Modified Julian Date
# Coordinate system:        GEI (Geocentric Equatorial Inertial) Cartesian in km
# Data Delimiter:           space
#
# datetime(mjd),posx(km),posy(km),posz(km),fluence,fluence,fluence,fluence,fluence,fluence,fluence,fluence,fluence,fluence,fluence,fluence,fluence,fluence,fluence,fluence,fluence,fluence,fluence,fluence,fluence(#/cm^2/MeV)
61429.66149804 0.000000 0.000000 0.000000 0.00000000e+000 0.00000000e+000 0.00000000e+000 0.00000000e+000 0.00000000e+000 0.00000000e+000 0.00000000e+000 0.00000000e+000 0.00000000e+000 0.00000000e+000 0.00000000e+000 0.00000000e+000 0.00000000e+000 0.00000000e+000 0.00000000e+000 0.00000000e+000 0.00000000e+000 0.00000000e+000 0.00000000e+000 0.00000000e+000 0.00000000e+000
61429.85350036 0.000000 0.000000 0.000000 0.00000000e+000 0.00000000e+000 0.00000000e+000 0.00000000e+000 0.00000000e+000 0.00000000e+000 0.00000000e+000 0.00000000e+000 0.00000000e+000 0.00000000e+000 0.00000000e+000 0.00000000e+000 0.00000000e+000 0.00000000e+000 0.00000000e+000 0.00000000e+000 0.00000000e+000 0.00000000e+000 0.00000000e+000 0.00000000e+000 0.00000000e+000
61430.04550267 0.000000 0.000000 0.000000 0.00000000e+000 0.00000000e+000 0.00000000e+000 0.00000000e+000 0.00000000e+000 0.00000000e+000 0.00000000e+000 0.00000000e+000 0.00000000e+000 0.00000000e+000 0.00000000e+000 0.00000000e+000 0.00000000e+000 0.00000000e+000 0.00000000e+000 0.00000000e+000 0.00000000e+000 0.00000000e+000 0.00000000e+000 0.00000000e+000 0.00000000e+000
61430.23750499 0.000000 0.000000 0.000000 0.00000000e+000 0.00000000e+000 0.00000000e+000 0.00000000e+000 0.00000000e+000 0.00000000e+000 0.00000000e+000 0.00000000e+000 0.00000000e+000 0.00000000e+000 0.00000000e+000 0.00000000e+000 0.00000000e+000 0.00000000e+000 0.00000000e+000 0.00000000e+000 0.00000000e+000 0.00000000e+000 0.00000000e+000 0.00000000e+000 0.00000000e+000
61430.42950730 0.000000 0.000000 0.000000 0.00000000e+000 0.00000000e+000 0.00000000e+000 0.00000000e+000 0.00000000e+000 0.00000000e+000 0.00000000e+000 0.00000000e+000 0.00000000e+000 0.00000000e+000 0.00000000e+000 0.00000000e+000 0.00000000e+000 0.00000000e+000 0.00000000e+000 0.00000000e+000 0.00000000e+000 0.00000000e+000 0.00000000e+000 0.00000000e+000 0.00000000e+000
61430.62150962 0.000000 0.000000 0.000000 0.00000000e+000 0.00000000e+000 0.00000000e+000 0.00000000e+000 0.00000000e+000 0.00000000e+000 0.00000000e+000 0.00000000e+000 0.00000000e+000 0.00000000e+000 0.00000000e+000 0.00000000e+000 0.00000000e+000 0.00000000e+000 0.00000000e+000 0.00000000e+000 0.00000000e+000 0.00000000e+000 0.00000000e+000 0.00000000e+000 0.00000000e+000
61430.81351193 0.000000 0.000000 0.000000 0.00000000e+000 0.00000000e+000 0.00000000e+000 0.00000000e+000 0.00000000e+000 0.00000000e+000 0.00000000e+000 0.00000000e+000 0.00000000e+000 0.00000000e+000 0.00000000e+000 0.00000000e+000 0.00000000e+000 0.00000000e+000 0.00000000e+000 0.00000000e+000 0.00000000e+000 0.00000000e+000 0.00000000e+000 0.00000000e+000 0.00000000e+000
61431.00551425 0.000000 0.000000 0.000000 0.00000000e+000 0.00000000e+000 0.00000000e+000 0.00000000e+000 0.00000000e+000 0.00000000e+000 0.00000000e+000 0.00000000e+000 0.00000000e+000 0.00000000e+000 0.00000000e+000 0.00000000e+000 0.00000000e+000 0.00000000e+000 0.00000000e+000 0.00000000e+000 0.00000000e+000 0.00000000e+000 0.00000000e+000 0.00000000e+000 0.00000000e+000
61431.19751656 0.000000 0.000000 0.000000 0.00000000e+000 0.00000000e+000 0.00000000e+000 0.00000000e+000 0.00000000e+000 0.00000000e+000 0.00000000e+000 0.00000000e+000 0.00000000e+000 0.00000000e+000 0.00000000e+000 0.00000000e+000 0.00000000e+000 0.00000000e+000 0.00000000e+000 0.00000000e+000 0.00000000e+000 0.00000000e+000 0.00000000e+000 0.00000000e+000 0.00000000e+000
61431.38951888 0.000000 0.000000 0.000000 0.00000000e+000 0.00000000e+000 0.00000000e+000 0.00000000e+000 0.00000000e+000 0.00000000e+000 0.00000000e+000 0.00000000e+000 0.00000000e+000 0.00000000e+000 0.00000000e+000 0.00000000e+000 0.00000000e+000 0.00000000e+000 0.00000000e+000 0.00000000e+000 0.00000000e+000 0.00000000e+000 0.00000000e+000 0.00000000e+000 0.00000000e+000
61431.58152119 0.000000 0.000000 0.000000 2.72790275e+011 2.73208574e+011 9.62991888e+010 1.34809786e+010 6.58935815e+008 6.15709541e+007 1.20162452e+007 2.58998493e+006 6.11466417e+005 1.74825313e+005 7.00398600e+004 3.45741191e+004 2.07491811e+004 1.10880090e+004 5.63590997e+003 2.29862562e+003 2.55292645e+002 1.74842141e+002 1.04075653e+002 -1.49663689e+001 0.00000000e+000
61431.77352351 0.000000 0.000000 0.000000 7.68437383e+012 6.66836119e+012 3.12231278e+012 9.26577726e+011 1.88818555e+011 5.81818927e+010 2.28696250e+010 6.58501226e+009 1.39496363e+009 3.25457797e+008 1.09186648e+008 4.31696533e+007 1.90942673e+007 9.32427886e+006 4.59693933e+006 2.39046571e+006 1.33469022e+006 8.63297052e+005 4.87889091e+005 2.47663073e+005 1.60868332e+005
61431.96552582 0.000000 0.000000 0.000000 1.09110865e+013 9.57087079e+012 4.44074556e+012 1.37701217e+012 2.85962293e+011 8.98210919e+010 3.52578490e+010 1.00437747e+010 2.03234704e+009 4.64358007e+008 1.53211555e+008 6.08598462e+007 2.72901345e+007 1.34534532e+007 6.55019187e+006 3.33631514e+006 1.83164051e+006 1.18254883e+006 6.63124724e+005 3.31534781e+005 2.13040437e+005
61432.15752814 0.000000 0.000000 0.000000 1.09110865e+013 9.57087079e+012 4.44074556e+012 1.37701217e+012 2.85962293e+011 8.98210919e+010 3.52578490e+010 1.00437747e+010 2.03234704e+009 4.64358007e+008 1.53211555e+008 6.08598462e+007 2.72901345e+007 1.34534532e+007 6.55019187e+006 3.33631514e+006 1.83164051e+006 1.18254883e+006 6.63124724e+005 3.31534781e+005 2.13040437e+005
61432.34953045 0.000000 0.000000 0.000000 1.09110865e+013 9.57087079e+012 4.44074556e+012 1.37701217e+012 2.85962293e+011 8.98210919e+010 3.52578490e+010 1.00437747e+010 2.03234704e+009 4.64358007e+008 1.53211555e+008 6.08598462e+007 2.72901345e+007 1.34534532e+007 6.55019187e+006 3.33631514e+006 1.83164051e+006 1.18254883e+006 6.63124724e+005 3.31534781e+005 2.13040437e+005
61432.54153277 0.000000 0.000000 0.000000 1.09110865e+013 9.57087079e+012 4.44074556e+012 1.37701217e+012 2.85962293e+011 8.98210919e+010 3.52578490e+010 1.00437747e+010 2.03234704e+009 4.64358007e+008 1.53211555e+008 6.08598462e+007 2.72901345e+007 1.34534532e+007 6.55019187e+006 3.33631514e+006 1.83164051e+006 1.18254883e+006 6.63124724e+005 3.31534781e+005 2.13040437e+005
61432.73353508 0.000000 0.000000 0.000000 1.09110865e+013 9.57087079e+012 4.44074556e+012 1.37701217e+012 2.85962293e+011 8.98210919e+010 3.52578490e+010 1.00437747e+010 2.03234704e+009 4.64358007e+008 1.53211555e+008 6.08598462e+007 2.72901345e+007 1.34534532e+007 6.55019187e+006 3.33631514e+006 1.83164051e+006 1.18254883e+006 6.63124724e+005 3.31534781e+005 2.13040437e+005
61432.92553740 0.000000 0.000000 0.000000 1.09110865e+013 9.57087079e+012 4.44074556e+012 1.37701217e+012 2.85962293e+011 8.98210919e+010 3.52578490e+010 1.00437747e+010 2.03234704e+009 4.64358007e+008 1.53211555e+008 6.08598462e+007 2.72901345e+007 1.34534532e+007 6.55019187e+006 3.33631514e+006 1.83164051e+006 1.18254883e+006 6.63124724e+005 3.31534781e+005 2.13040437e+005
61433.11753971 0.000000 0.000000 0.000000 1.09110865e+013 9.57087079e+012 4.44074556e+012 1.37701217e+012 2.85962293e+011 8.98210919e+010 3.52578490e+010 1.00437747e+010 2.03234704e+009 4.64358007e+008 1.53211555e+008 6.08598462e+007 2.72901345e+007 1.34534532e+007 6.55019187e+006 3.33631514e+006 1.83164051e+006 1.18254883e+006 6.63124724e+005 3.31534781e+005 2.13040437e+005
61433.30954203 0.000000 0.000000 0.000000 1.09110865e+013 9.57087079e+012 4.44074556e+012 1.37701217e+012 2.85962293e+011 8.98210919e+010 3.52578490e+010 1.00437747e+010 2.03234704e+009 4.64358007e+008 1.53211555e+008 6.08598462e+007 2.72901345e+007 1.34534532e+007 6.55019187e+006 3.33631514e+006 1.83164051e+006 1.18254883e+006 6.63124724e+005 3.31534781e+005 2.13040437e+005
61433.50154434 0.000000 0.000000 0.000000 1.09110865e+013 9.57087079e+012 4.44074556e+012 1.37701217e+012 2.85962293e+011 8.98210919e+010 3.52578490e+010 1.00437747e+010 2.03234704e+009 4.64358007e+008 1.53211555e+008 6.08598462e+007 2.72901345e+007 1.34534532e+007 6.55019187e+006 3.33631514e+006 1.83164051e+006 1.18254883e+006 6.63124724e+005 3.31534781e+005 2.13040437e+005
61433.69354666 0.000000 0.000000 0.000000 1.09110865e+013 9.57087079e+012 4.44074556e+012 1.37701217e+012 2.85962293e+011 8.98210919e+010 3.52578490e+010 1.00437747e+010 2.03234704e+009 4.64358007e+008 1.53211555e+008 6.08598462e+007 2.72901345e+007 1.34534532e+007 6.55019187e+006 3.33631514e+006 1.83164051e+006 1.18254883e+006 6.63124724e+005 3.31534781e+005 2.13040437e+005
61433.88554897 0.000000 0.000000 0.000000 1.09110865e+013 9.57087079e+012 4.44074556e+012 1.37701217e+012 2.85962293e+011 8.98210919e+010 3.52578490e+010 1.00437747e+010 2.03234704e+009 4.64358007e+008 1.53211555e+008 6.08598462e+007 2.72901345e+007 1.34534532e+007 6.55019187e+006 3.33631514e+006 1.83164051e+006 1.18254883e+006 6.63124724e+005 3.31534781e+005 2.13040437e+005
61433.90511367 0.000000 0.000000 0.000000 1.09110865e+013 9.57087079e+012 4.44074556e+012 1.37701217e+012 2.85962293e+011 8.98210919e+010 3.52578490e+010 1.00437747e+010 2.03234704e+009 4.64358007e+008 1.53211555e+008 6.08598462e+007 2.72901345e+007 1.34534532e+007 6.55019187e+006 3.33631514e+006 1.83164051e+006 1.18254883e+006 6.63124724e+005 3.31534781e+005 2.13040437e+005
