# Ae9Ap9 Model output file: MoonBEAM_trajectory_trade/Rp18408_COM_8per90prop30inc_Tran.AP9.output_mc_fluenceIntv_086.txt
# Ae9Ap9 Software Version:  1.50.001
#
# Model type:               AP9
# Particle species:         H+
# Flux type:                1PtDiff
# Flux direction:           Omnidirectional
# Energy levels (MeV):       0.1 0.2 0.4 0.6 0.8 1 2 4 6 8 10 15 20 30 50 60 80 100 150 200 300 400 700 1200 2000
#
# Accumulation mode:        Interval, length = 13997 seconds (0.162002 days)
#
# Time format:              Modified Julian Date
# Coordinate system:        GEI (Geocentric Equatorial Inertial) Cartesian in km
# Data Delimiter:           space
#
# datetime(mjd),posx(km),posy(km),posz(km),fluence,fluence,fluence,fluence,fluence,fluence,fluence,fluence,fluence,fluence,fluence,fluence,fluence,fluence,fluence,fluence,fluence,fluence,fluence,fluence,fluence,fluence,fluence,fluence,fluence(#/cm^2/MeV)
61411.87033565 0.000000 0.000000 0.000000 1.46494143e+012 7.19886445e+011 1.86407482e+011 6.92251748e+010 3.37098947e+010 7.81326498e+009 1.18925133e+009 2.71508001e+008 1.01585009e+008 4.76347740e+007 1.71143143e+007 5.34705716e+006 1.12775793e+006 2.62365860e+005 9.91675061e+004 5.15288510e+004 3.61174896e+004 2.18779651e+004 1.26644466e+004 5.48555704e+003 2.08422489e+003 1.80496283e+002 5.65572759e+000 1.76507870e-002 0.00000000e+000
61412.03233796 0.000000 0.000000 0.000000 1.71365779e+012 7.82993191e+011 1.90538857e+011 6.97505238e+010 3.38694457e+010 7.84771681e+009 1.19382007e+009 2.71533492e+008 1.01585287e+008 4.76347740e+007 1.71143143e+007 5.34705716e+006 1.12775793e+006 2.62365860e+005 9.91675061e+004 5.15288510e+004 3.61174896e+004 2.18779651e+004 1.26644466e+004 5.48555704e+003 2.08422489e+003 1.80496283e+002 5.65572759e+000 1.76507870e-002 0.00000000e+000
61412.19434028 0.000000 0.000000 0.000000 2.53335669e+012 1.17402097e+012 2.72678347e+011 8.87754341e+010 3.98596937e+010 8.84526971e+009 1.32064132e+009 2.91211968e+008 1.07446818e+008 5.00547247e+007 1.80012698e+007 5.65181486e+006 1.21973219e+006 2.93162316e+005 1.13264567e+005 5.92481783e+004 4.12317935e+004 2.43110968e+004 1.36657826e+004 5.80458302e+003 2.19239135e+003 1.85857818e+002 5.71382444e+000 1.76507870e-002 0.00000000e+000
61412.35634259 0.000000 0.000000 0.000000 2.81512261e+012 1.26960627e+012 2.81841869e+011 8.98300054e+010 4.00830393e+010 8.88366008e+009 1.32640829e+009 2.91258427e+008 1.07447359e+008 5.00547263e+007 1.80012698e+007 5.65181486e+006 1.21973219e+006 2.93162316e+005 1.13264567e+005 5.92481783e+004 4.12317935e+004 2.43110968e+004 1.36657826e+004 5.80458302e+003 2.19239135e+003 1.85857818e+002 5.71382444e+000 1.76507870e-002 0.00000000e+000
61412.51834491 0.000000 0.000000 0.000000 2.83329906e+012 1.27427863e+012 2.82310482e+011 8.99169878e+010 4.01134574e+010 8.89356939e+009 1.32692384e+009 2.91261690e+008 1.07447359e+008 5.00547263e+007 1.80012698e+007 5.65181486e+006 1.21973219e+006 2.93162316e+005 1.13264567e+005 5.92481783e+004 4.12317935e+004 2.43110968e+004 1.36657826e+004 5.80458302e+003 2.19239135e+003 1.85857818e+002 5.71382444e+000 1.76507870e-002 0.00000000e+000
61412.68034722 0.000000 0.000000 0.000000 4.04512252e+012 1.86433047e+012 4.26951911e+011 1.31624246e+011 5.57987748e+010 1.11389192e+010 1.53462593e+009 3.09462009e+008 1.08605010e+008 5.02303712e+007 1.80231393e+007 5.65783910e+006 1.22157083e+006 2.93496301e+005 1.13341600e+005 5.92733367e+004 4.12414314e+004 2.43128963e+004 1.36658713e+004 5.80457525e+003 2.19239135e+003 1.85857818e+002 5.71382444e+000 1.76507870e-002 0.00000000e+000
61412.84234954 0.000000 0.000000 0.000000 5.17697919e+012 2.47338906e+012 6.30127309e+011 2.20727610e+011 1.01678458e+011 2.30348637e+010 3.28179842e+009 7.19783644e+008 2.90549071e+008 1.52349052e+008 6.46459104e+007 2.27550282e+007 5.22383307e+006 1.24283548e+006 4.67704450e+005 2.48662769e+005 1.81359340e+005 1.12332424e+005 6.64838794e+004 3.13642221e+004 1.31694214e+004 1.43253927e+003 7.19859913e+001 1.44102130e+000 0.00000000e+000
61413.00435185 0.000000 0.000000 0.000000 5.21421755e+012 2.48294916e+012 6.30917680e+011 2.20852867e+011 1.01721035e+011 2.30458776e+010 3.28273114e+009 7.19788930e+008 2.90549097e+008 1.52349052e+008 6.46459104e+007 2.27550282e+007 5.22383307e+006 1.24283548e+006 4.67704450e+005 2.48662769e+005 1.81359340e+005 1.12332424e+005 6.64838794e+004 3.13642221e+004 1.31694214e+004 1.43253927e+003 7.19859913e+001 1.44102130e+000 0.00000000e+000
61413.16635417 0.000000 0.000000 0.000000 5.21453213e+012 2.48305285e+012 6.30933676e+011 2.20859539e+011 1.01724782e+011 2.30462831e+010 3.28273436e+009 7.19788932e+008 2.90549097e+008 1.52349052e+008 6.46459104e+007 2.27550282e+007 5.22383307e+006 1.24283548e+006 4.67704450e+005 2.48662769e+005 1.81359340e+005 1.12332424e+005 6.64838794e+004 3.13642221e+004 1.31694214e+004 1.43253927e+003 7.19859913e+001 1.44102130e+000 0.00000000e+000
61413.32835648 0.000000 0.000000 0.000000 5.23333667e+012 2.48798108e+012 6.31412910e+011 2.20944850e+011 1.01755363e+011 2.30554150e+010 3.28327863e+009 7.19792211e+008 2.90549097e+008 1.52349052e+008 6.46459104e+007 2.27550282e+007 5.22383307e+006 1.24283548e+006 4.67704450e+005 2.48662769e+005 1.81359340e+005 1.12332424e+005 6.64838794e+004 3.13642221e+004 1.31694214e+004 1.43253927e+003 7.19859913e+001 1.44102130e+000 0.00000000e+000
61413.49035880 0.000000 0.000000 0.000000 6.30996559e+012 3.05975605e+012 8.07253294e+011 2.81228398e+011 1.27143933e+011 2.84514900e+010 3.93234582e+009 8.49952631e+008 3.50885970e+008 1.87437890e+008 8.09086990e+007 2.87981010e+007 6.70919159e+006 1.62754242e+006 6.18522776e+005 3.28591644e+005 2.39575283e+005 1.48587436e+005 8.75685095e+004 4.13144446e+004 1.74010955e+004 1.88883324e+003 9.52278319e+001 1.80801571e+000 0.00000000e+000
61413.65236111 0.000000 0.000000 0.000000 7.04055728e+012 3.43316782e+012 9.13081817e+011 3.14557269e+011 1.40272809e+011 3.06457565e+010 4.10503797e+009 8.69555861e+008 3.54100634e+008 1.88078114e+008 8.10072845e+007 2.88184298e+007 6.71349001e+006 1.62818512e+006 6.18680972e+005 3.28640841e+005 2.39591664e+005 1.48591049e+005 8.75695441e+004 4.13146108e+004 1.74010955e+004 1.88883324e+003 9.52278319e+001 1.80801571e+000 0.00000000e+000
61413.81436343 0.000000 0.000000 0.000000 7.04088433e+012 3.43326538e+012 9.13094408e+011 3.14560283e+011 1.40274293e+011 3.06461796e+010 4.10504555e+009 8.69555887e+008 3.54100634e+008 1.88078114e+008 8.10072845e+007 2.88184298e+007 6.71349001e+006 1.62818512e+006 6.18680972e+005 3.28640841e+005 2.39591664e+005 1.48591049e+005 8.75695441e+004 4.13146108e+004 1.74010955e+004 1.88883324e+003 9.52278319e+001 1.80801571e+000 0.00000000e+000
61413.97636574 0.000000 0.000000 0.000000 7.04088433e+012 3.43326538e+012 9.13094408e+011 3.14560283e+011 1.40274293e+011 3.06461796e+010 4.10504555e+009 8.69555887e+008 3.54100634e+008 1.88078114e+008 8.10072845e+007 2.88184298e+007 6.71349001e+006 1.62818512e+006 6.18680972e+005 3.28640841e+005 2.39591664e+005 1.48591049e+005 8.75695441e+004 4.13146108e+004 1.74010955e+004 1.88883324e+003 9.52278319e+001 1.80801571e+000 0.00000000e+000
61414.13836806 0.000000 0.000000 0.000000 7.04088433e+012 3.43326538e+012 9.13094408e+011 3.14560283e+011 1.40274293e+011 3.06461796e+010 4.10504555e+009 8.69555887e+008 3.54100634e+008 1.88078114e+008 8.10072845e+007 2.88184298e+007 6.71349001e+006 1.62818512e+006 6.18680972e+005 3.28640841e+005 2.39591664e+005 1.48591049e+005 8.75695441e+004 4.13146108e+004 1.74010955e+004 1.88883324e+003 9.52278319e+001 1.80801571e+000 0.00000000e+000
61414.30037037 0.000000 0.000000 0.000000 7.04174649e+012 3.43353821e+012 9.13134146e+011 3.14570777e+011 1.40279380e+011 3.06475336e+010 4.10506914e+009 8.69555956e+008 3.54100634e+008 1.88078114e+008 8.10072845e+007 2.88184298e+007 6.71349001e+006 1.62818512e+006 6.18680972e+005 3.28640841e+005 2.39591664e+005 1.48591049e+005 8.75695441e+004 4.13146108e+004 1.74010955e+004 1.88883324e+003 9.52278319e+001 1.80801571e+000 0.00000000e+000
61414.46237269 0.000000 0.000000 0.000000 8.10933862e+012 4.02862545e+012 1.11021353e+012 3.76531031e+011 1.63997319e+011 3.46653631e+010 4.39470993e+009 8.99496111e+008 3.60770233e+008 1.89639736e+008 8.13026946e+007 2.88861185e+007 6.72710690e+006 1.63080878e+006 6.19398566e+005 3.28868612e+005 2.39664626e+005 1.48610393e+005 8.75737939e+004 4.13152197e+004 1.74010955e+004 1.88883324e+003 9.52278319e+001 1.80801571e+000 0.00000000e+000
61414.62437500 0.000000 0.000000 0.000000 8.91415808e+012 4.48505813e+012 1.27285874e+012 4.33879767e+011 1.88179444e+011 4.00128188e+010 4.97097219e+009 1.01219208e+009 4.17031322e+008 2.25447713e+008 9.87894665e+007 3.54739591e+007 8.35550644e+006 2.05482722e+006 7.87122445e+005 4.18405078e+005 3.05323487e+005 1.89530117e+005 1.11391250e+005 5.26277559e+004 2.21566345e+004 2.42603518e+003 1.23651089e+002 2.21338619e+000 0.00000000e+000
61414.78637731 0.000000 0.000000 0.000000 8.91563958e+012 4.48548987e+012 1.27290967e+012 4.33889809e+011 1.88183654e+011 4.00143205e+010 4.97101626e+009 1.01219229e+009 4.17031322e+008 2.25447713e+008 9.87894665e+007 3.54739591e+007 8.35550644e+006 2.05482722e+006 7.87122445e+005 4.18405078e+005 3.05323487e+005 1.89530117e+005 1.11391250e+005 5.26277559e+004 2.21566345e+004 2.42603518e+003 1.23651089e+002 2.21338619e+000 0.00000000e+000
61414.94837963 0.000000 0.000000 0.000000 8.91563958e+012 4.48548987e+012 1.27290967e+012 4.33889809e+011 1.88183654e+011 4.00143205e+010 4.97101626e+009 1.01219229e+009 4.17031322e+008 2.25447713e+008 9.87894665e+007 3.54739591e+007 8.35550644e+006 2.05482722e+006 7.87122445e+005 4.18405078e+005 3.05323487e+005 1.89530117e+005 1.11391250e+005 5.26277559e+004 2.21566345e+004 2.42603518e+003 1.23651089e+002 2.21338619e+000 0.00000000e+000
61415.11038194 0.000000 0.000000 0.000000 8.91563958e+012 4.48548987e+012 1.27290967e+012 4.33889809e+011 1.88183654e+011 4.00143205e+010 4.97101626e+009 1.01219229e+009 4.17031322e+008 2.25447713e+008 9.87894665e+007 3.54739591e+007 8.35550644e+006 2.05482722e+006 7.87122445e+005 4.18405078e+005 3.05323487e+005 1.89530117e+005 1.11391250e+005 5.26277559e+004 2.21566345e+004 2.42603518e+003 1.23651089e+002 2.21338619e+000 0.00000000e+000
61415.27238426 0.000000 0.000000 0.000000 8.91563958e+012 4.48548987e+012 1.27290967e+012 4.33889809e+011 1.88183654e+011 4.00143205e+010 4.97101626e+009 1.01219229e+009 4.17031322e+008 2.25447713e+008 9.87894665e+007 3.54739591e+007 8.35550644e+006 2.05482722e+006 7.87122445e+005 4.18405078e+005 3.05323487e+005 1.89530117e+005 1.11391250e+005 5.26277559e+004 2.21566345e+004 2.42603518e+003 1.23651089e+002 2.21338619e+000 0.00000000e+000
61415.43438657 0.000000 0.000000 0.000000 8.91563958e+012 4.48548987e+012 1.27290967e+012 4.33889809e+011 1.88183654e+011 4.00143205e+010 4.97101626e+009 1.01219229e+009 4.17031322e+008 2.25447713e+008 9.87894665e+007 3.54739591e+007 8.35550644e+006 2.05482722e+006 7.87122445e+005 4.18405078e+005 3.05323487e+005 1.89530117e+005 1.11391250e+005 5.26277559e+004 2.21566345e+004 2.42603518e+003 1.23651089e+002 2.21338619e+000 0.00000000e+000
61415.59638889 0.000000 0.000000 0.000000 8.91563958e+012 4.48548987e+012 1.27290967e+012 4.33889809e+011 1.88183654e+011 4.00143205e+010 4.97101626e+009 1.01219229e+009 4.17031322e+008 2.25447713e+008 9.87894665e+007 3.54739591e+007 8.35550644e+006 2.05482722e+006 7.87122445e+005 4.18405078e+005 3.05323487e+005 1.89530117e+005 1.11391250e+005 5.26277559e+004 2.21566345e+004 2.42603518e+003 1.23651089e+002 2.21338619e+000 0.00000000e+000
61415.75839120 0.000000 0.000000 0.000000 8.91565354e+012 4.48549543e+012 1.27291278e+012 4.33891060e+011 1.88183907e+011 4.00143281e+010 4.97101627e+009 1.01219229e+009 4.17031322e+008 2.25447713e+008 9.87894665e+007 3.54739591e+007 8.35550644e+006 2.05482722e+006 7.87122445e+005 4.18405078e+005 3.05323487e+005 1.89530117e+005 1.11391250e+005 5.26277559e+004 2.21566345e+004 2.42603518e+003 1.23651089e+002 2.21338619e+000 0.00000000e+000
61415.92039352 0.000000 0.000000 0.000000 9.11884593e+012 4.55950718e+012 1.28206936e+012 4.35147430e+011 1.88479745e+011 4.00687421e+010 4.97836658e+009 1.01224289e+009 4.17031771e+008 2.25447713e+008 9.87894665e+007 3.54739591e+007 8.35550644e+006 2.05482722e+006 7.87122445e+005 4.18405078e+005 3.05323487e+005 1.89530117e+005 1.11391250e+005 5.26277559e+004 2.21566345e+004 2.42603518e+003 1.23651089e+002 2.21338619e+000 0.00000000e+000
61416.08239583 0.000000 0.000000 0.000000 1.01664826e+013 5.26277082e+012 1.55163559e+012 5.08945766e+011 2.14364578e+011 4.48352351e+010 5.32286153e+009 1.06194944e+009 4.41639410e+008 2.41850671e+008 1.07094235e+008 3.86537726e+007 9.24833448e+006 2.33532670e+006 9.17498883e+005 4.92180890e+005 3.60811378e+005 2.24529679e+005 1.31281730e+005 6.20081101e+004 2.62663592e+004 2.95059900e+003 1.56405262e+002 2.41578326e+000 0.00000000e+000
61416.24439815 0.000000 0.000000 0.000000 1.01684122e+013 5.26335625e+012 1.55170842e+012 5.08961252e+011 2.14371500e+011 4.48375221e+010 5.32292398e+009 1.06194968e+009 4.41639410e+008 2.41850671e+008 1.07094235e+008 3.86537726e+007 9.24833448e+006 2.33532670e+006 9.17498883e+005 4.92180890e+005 3.60811378e+005 2.24529679e+005 1.31281730e+005 6.20081101e+004 2.62663592e+004 2.95059900e+003 1.56405262e+002 2.41578326e+000 0.00000000e+000
61416.40640046 0.000000 0.000000 0.000000 1.01684122e+013 5.26335625e+012 1.55170842e+012 5.08961252e+011 2.14371500e+011 4.48375221e+010 5.32292398e+009 1.06194968e+009 4.41639410e+008 2.41850671e+008 1.07094235e+008 3.86537726e+007 9.24833448e+006 2.33532670e+006 9.17498883e+005 4.92180890e+005 3.60811378e+005 2.24529679e+005 1.31281730e+005 6.20081101e+004 2.62663592e+004 2.95059900e+003 1.56405262e+002 2.41578326e+000 0.00000000e+000
61416.56840278 0.000000 0.000000 0.000000 1.01684122e+013 5.26335625e+012 1.55170842e+012 5.08961252e+011 2.14371500e+011 4.48375221e+010 5.32292398e+009 1.06194968e+009 4.41639410e+008 2.41850671e+008 1.07094235e+008 3.86537726e+007 9.24833448e+006 2.33532670e+006 9.17498883e+005 4.92180890e+005 3.60811378e+005 2.24529679e+005 1.31281730e+005 6.20081101e+004 2.62663592e+004 2.95059900e+003 1.56405262e+002 2.41578326e+000 0.00000000e+000
61416.73040509 0.000000 0.000000 0.000000 1.01684122e+013 5.26335625e+012 1.55170842e+012 5.08961252e+011 2.14371500e+011 4.48375221e+010 5.32292398e+009 1.06194968e+009 4.41639410e+008 2.41850671e+008 1.07094235e+008 3.86537726e+007 9.24833448e+006 2.33532670e+006 9.17498883e+005 4.92180890e+005 3.60811378e+005 2.24529679e+005 1.31281730e+005 6.20081101e+004 2.62663592e+004 2.95059900e+003 1.56405262e+002 2.41578326e+000 0.00000000e+000
61416.89240741 0.000000 0.000000 0.000000 1.01684122e+013 5.26335625e+012 1.55170842e+012 5.08961252e+011 2.14371500e+011 4.48375221e+010 5.32292398e+009 1.06194968e+009 4.41639410e+008 2.41850671e+008 1.07094235e+008 3.86537726e+007 9.24833448e+006 2.33532670e+006 9.17498883e+005 4.92180890e+005 3.60811378e+005 2.24529679e+005 1.31281730e+005 6.20081101e+004 2.62663592e+004 2.95059900e+003 1.56405262e+002 2.41578326e+000 0.00000000e+000
61417.05440972 0.000000 0.000000 0.000000 1.01684122e+013 5.26335625e+012 1.55170842e+012 5.08961252e+011 2.14371500e+011 4.48375221e+010 5.32292398e+009 1.06194968e+009 4.41639410e+008 2.41850671e+008 1.07094235e+008 3.86537726e+007 9.24833448e+006 2.33532670e+006 9.17498883e+005 4.92180890e+005 3.60811378e+005 2.24529679e+005 1.31281730e+005 6.20081101e+004 2.62663592e+004 2.95059900e+003 1.56405262e+002 2.41578326e+000 0.00000000e+000
61417.21641204 0.000000 0.000000 0.000000 1.01684122e+013 5.26335625e+012 1.55170842e+012 5.08961252e+011 2.14371500e+011 4.48375221e+010 5.32292398e+009 1.06194968e+009 4.41639410e+008 2.41850671e+008 1.07094235e+008 3.86537726e+007 9.24833448e+006 2.33532670e+006 9.17498883e+005 4.92180890e+005 3.60811378e+005 2.24529679e+005 1.31281730e+005 6.20081101e+004 2.62663592e+004 2.95059900e+003 1.56405262e+002 2.41578326e+000 0.00000000e+000
61417.37841435 0.000000 0.000000 0.000000 1.01684122e+013 5.26335625e+012 1.55170842e+012 5.08961252e+011 2.14371500e+011 4.48375221e+010 5.32292398e+009 1.06194968e+009 4.41639410e+008 2.41850671e+008 1.07094235e+008 3.86537726e+007 9.24833448e+006 2.33532670e+006 9.17498883e+005 4.92180890e+005 3.60811378e+005 2.24529679e+005 1.31281730e+005 6.20081101e+004 2.62663592e+004 2.95059900e+003 1.56405262e+002 2.41578326e+000 0.00000000e+000
61417.54041667 0.000000 0.000000 0.000000 1.01684122e+013 5.26335625e+012 1.55170842e+012 5.08961252e+011 2.14371500e+011 4.48375221e+010 5.32292398e+009 1.06194968e+009 4.41639410e+008 2.41850671e+008 1.07094235e+008 3.86537726e+007 9.24833448e+006 2.33532670e+006 9.17498883e+005 4.92180890e+005 3.60811378e+005 2.24529679e+005 1.31281730e+005 6.20081101e+004 2.62663592e+004 2.95059900e+003 1.56405262e+002 2.41578326e+000 0.00000000e+000
61417.70241898 0.000000 0.000000 0.000000 1.01684122e+013 5.26335625e+012 1.55170842e+012 5.08961252e+011 2.14371500e+011 4.48375221e+010 5.32292398e+009 1.06194968e+009 4.41639410e+008 2.41850671e+008 1.07094235e+008 3.86537726e+007 9.24833448e+006 2.33532670e+006 9.17498883e+005 4.92180890e+005 3.60811378e+005 2.24529679e+005 1.31281730e+005 6.20081101e+004 2.62663592e+004 2.95059900e+003 1.56405262e+002 2.41578326e+000 0.00000000e+000
61417.86442130 0.000000 0.000000 0.000000 1.01684122e+013 5.26335625e+012 1.55170842e+012 5.08961252e+011 2.14371500e+011 4.48375221e+010 5.32292398e+009 1.06194968e+009 4.41639410e+008 2.41850671e+008 1.07094235e+008 3.86537726e+007 9.24833448e+006 2.33532670e+006 9.17498883e+005 4.92180890e+005 3.60811378e+005 2.24529679e+005 1.31281730e+005 6.20081101e+004 2.62663592e+004 2.95059900e+003 1.56405262e+002 2.41578326e+000 0.00000000e+000
61418.02642361 0.000000 0.000000 0.000000 1.01684122e+013 5.26335625e+012 1.55170842e+012 5.08961252e+011 2.14371500e+011 4.48375221e+010 5.32292398e+009 1.06194968e+009 4.41639410e+008 2.41850671e+008 1.07094235e+008 3.86537726e+007 9.24833448e+006 2.33532670e+006 9.17498883e+005 4.92180890e+005 3.60811378e+005 2.24529679e+005 1.31281730e+005 6.20081101e+004 2.62663592e+004 2.95059900e+003 1.56405262e+002 2.41578326e+000 0.00000000e+000
61418.18842593 0.000000 0.000000 0.000000 1.01684122e+013 5.26335624e+012 1.55170840e+012 5.08961247e+011 2.14371499e+011 4.48375221e+010 5.32292398e+009 1.06194968e+009 4.41639410e+008 2.41850671e+008 1.07094235e+008 3.86537726e+007 9.24833448e+006 2.33532670e+006 9.17498883e+005 4.92180890e+005 3.60811378e+005 2.24529679e+005 1.31281730e+005 6.20081101e+004 2.62663592e+004 2.95059900e+003 1.56405262e+002 2.41578326e+000 0.00000000e+000
61418.35042824 0.000000 0.000000 0.000000 1.02584384e+013 5.29015629e+012 1.55439193e+012 5.09329582e+011 2.14473329e+011 4.48623761e+010 5.32549459e+009 1.06196380e+009 4.41639468e+008 2.41850671e+008 1.07094235e+008 3.86537726e+007 9.24833448e+006 2.33532670e+006 9.17498883e+005 4.92180890e+005 3.60811378e+005 2.24529679e+005 1.31281730e+005 6.20081101e+004 2.62663592e+004 2.95059900e+003 1.56405262e+002 2.41578326e+000 0.00000000e+000
61418.51243056 0.000000 0.000000 0.000000 1.21548649e+013 6.48453166e+012 1.99215689e+012 6.25683868e+011 2.55147970e+011 5.25171016e+010 5.88109255e+009 1.13824438e+009 4.78896712e+008 2.67160730e+008 1.20634681e+008 4.41911483e+007 1.07590452e+007 2.75068274e+006 1.08019371e+006 5.80500963e+005 4.26651326e+005 2.65940095e+005 1.55384859e+005 7.35408304e+004 3.13114721e+004 3.60224514e+003 2.03713347e+002 3.19039135e+000 0.00000000e+000
61418.67443287 0.000000 0.000000 0.000000 1.21847927e+013 6.49292721e+012 1.99295681e+012 6.25799796e+011 2.55183937e+011 5.25274804e+010 5.88185700e+009 1.13824836e+009 4.78896716e+008 2.67160730e+008 1.20634681e+008 4.41911483e+007 1.07590452e+007 2.75068274e+006 1.08019371e+006 5.80500963e+005 4.26651326e+005 2.65940095e+005 1.55384859e+005 7.35408304e+004 3.13114721e+004 3.60224514e+003 2.03713347e+002 3.19039135e+000 0.00000000e+000
61418.83643519 0.000000 0.000000 0.000000 1.21847927e+013 6.49292721e+012 1.99295681e+012 6.25799796e+011 2.55183937e+011 5.25274804e+010 5.88185700e+009 1.13824836e+009 4.78896716e+008 2.67160730e+008 1.20634681e+008 4.41911483e+007 1.07590452e+007 2.75068274e+006 1.08019371e+006 5.80500963e+005 4.26651326e+005 2.65940095e+005 1.55384859e+005 7.35408304e+004 3.13114721e+004 3.60224514e+003 2.03713347e+002 3.19039135e+000 0.00000000e+000
61418.99843750 0.000000 0.000000 0.000000 1.21847927e+013 6.49292721e+012 1.99295681e+012 6.25799796e+011 2.55183937e+011 5.25274804e+010 5.88185700e+009 1.13824836e+009 4.78896716e+008 2.67160730e+008 1.20634681e+008 4.41911483e+007 1.07590452e+007 2.75068274e+006 1.08019371e+006 5.80500963e+005 4.26651326e+005 2.65940095e+005 1.55384859e+005 7.35408304e+004 3.13114721e+004 3.60224514e+003 2.03713347e+002 3.19039135e+000 0.00000000e+000
61419.16043981 0.000000 0.000000 0.000000 1.21847927e+013 6.49292721e+012 1.99295681e+012 6.25799796e+011 2.55183937e+011 5.25274804e+010 5.88185700e+009 1.13824836e+009 4.78896716e+008 2.67160730e+008 1.20634681e+008 4.41911483e+007 1.07590452e+007 2.75068274e+006 1.08019371e+006 5.80500963e+005 4.26651326e+005 2.65940095e+005 1.55384859e+005 7.35408304e+004 3.13114721e+004 3.60224514e+003 2.03713347e+002 3.19039135e+000 0.00000000e+000
61419.32244213 0.000000 0.000000 0.000000 1.21847927e+013 6.49292721e+012 1.99295681e+012 6.25799796e+011 2.55183937e+011 5.25274804e+010 5.88185700e+009 1.13824836e+009 4.78896716e+008 2.67160730e+008 1.20634681e+008 4.41911483e+007 1.07590452e+007 2.75068274e+006 1.08019371e+006 5.80500963e+005 4.26651326e+005 2.65940095e+005 1.55384859e+005 7.35408304e+004 3.13114721e+004 3.60224514e+003 2.03713347e+002 3.19039135e+000 0.00000000e+000
61419.48444444 0.000000 0.000000 0.000000 1.21847927e+013 6.49292721e+012 1.99295681e+012 6.25799796e+011 2.55183937e+011 5.25274804e+010 5.88185700e+009 1.13824836e+009 4.78896716e+008 2.67160730e+008 1.20634681e+008 4.41911483e+007 1.07590452e+007 2.75068274e+006 1.08019371e+006 5.80500963e+005 4.26651326e+005 2.65940095e+005 1.55384859e+005 7.35408304e+004 3.13114721e+004 3.60224514e+003 2.03713347e+002 3.19039135e+000 0.00000000e+000
61419.64644676 0.000000 0.000000 0.000000 1.21847927e+013 6.49292721e+012 1.99295681e+012 6.25799796e+011 2.55183937e+011 5.25274804e+010 5.88185700e+009 1.13824836e+009 4.78896716e+008 2.67160730e+008 1.20634681e+008 4.41911483e+007 1.07590452e+007 2.75068274e+006 1.08019371e+006 5.80500963e+005 4.26651326e+005 2.65940095e+005 1.55384859e+005 7.35408304e+004 3.13114721e+004 3.60224514e+003 2.03713347e+002 3.19039135e+000 0.00000000e+000
61419.80844907 0.000000 0.000000 0.000000 1.21847927e+013 6.49292721e+012 1.99295681e+012 6.25799796e+011 2.55183937e+011 5.25274804e+010 5.88185700e+009 1.13824836e+009 4.78896716e+008 2.67160730e+008 1.20634681e+008 4.41911483e+007 1.07590452e+007 2.75068274e+006 1.08019371e+006 5.80500963e+005 4.26651326e+005 2.65940095e+005 1.55384859e+005 7.35408304e+004 3.13114721e+004 3.60224514e+003 2.03713347e+002 3.19039135e+000 0.00000000e+000
61419.97045139 0.000000 0.000000 0.000000 1.21847927e+013 6.49292721e+012 1.99295681e+012 6.25799796e+011 2.55183937e+011 5.25274804e+010 5.88185700e+009 1.13824836e+009 4.78896716e+008 2.67160730e+008 1.20634681e+008 4.41911483e+007 1.07590452e+007 2.75068274e+006 1.08019371e+006 5.80500963e+005 4.26651326e+005 2.65940095e+005 1.55384859e+005 7.35408304e+004 3.13114721e+004 3.60224514e+003 2.03713347e+002 3.19039135e+000 0.00000000e+000
61420.13245370 0.000000 0.000000 0.000000 1.21847927e+013 6.49292721e+012 1.99295681e+012 6.25799796e+011 2.55183937e+011 5.25274804e+010 5.88185700e+009 1.13824836e+009 4.78896716e+008 2.67160730e+008 1.20634681e+008 4.41911483e+007 1.07590452e+007 2.75068274e+006 1.08019371e+006 5.80500963e+005 4.26651326e+005 2.65940095e+005 1.55384859e+005 7.35408304e+004 3.13114721e+004 3.60224514e+003 2.03713347e+002 3.19039135e+000 0.00000000e+000
61420.29445602 0.000000 0.000000 0.000000 1.21847927e+013 6.49292721e+012 1.99295681e+012 6.25799796e+011 2.55183937e+011 5.25274804e+010 5.88185700e+009 1.13824836e+009 4.78896716e+008 2.67160730e+008 1.20634681e+008 4.41911483e+007 1.07590452e+007 2.75068274e+006 1.08019371e+006 5.80500963e+005 4.26651326e+005 2.65940095e+005 1.55384859e+005 7.35408304e+004 3.13114721e+004 3.60224514e+003 2.03713347e+002 3.19039135e+000 0.00000000e+000
61420.45645833 0.000000 0.000000 0.000000 1.21847927e+013 6.49292721e+012 1.99295681e+012 6.25799796e+011 2.55183937e+011 5.25274804e+010 5.88185700e+009 1.13824836e+009 4.78896716e+008 2.67160730e+008 1.20634681e+008 4.41911483e+007 1.07590452e+007 2.75068274e+006 1.08019371e+006 5.80500963e+005 4.26651326e+005 2.65940095e+005 1.55384859e+005 7.35408304e+004 3.13114721e+004 3.60224514e+003 2.03713347e+002 3.19039135e+000 0.00000000e+000
61420.55915852 0.000000 0.000000 0.000000 1.21847927e+013 6.49292721e+012 1.99295681e+012 6.25799796e+011 2.55183937e+011 5.25274804e+010 5.88185700e+009 1.13824836e+009 4.78896716e+008 2.67160730e+008 1.20634681e+008 4.41911483e+007 1.07590452e+007 2.75068274e+006 1.08019371e+006 5.80500963e+005 4.26651326e+005 2.65940095e+005 1.55384859e+005 7.35408304e+004 3.13114721e+004 3.60224514e+003 2.03713347e+002 3.19039135e+000 0.00000000e+000
