# Ae9Ap9 Model output file: MoonBEAM_trajectory_trade/Rp18408_COM_8per90prop30inc_Tran.AE9.output_mc_fluenceIntv_074.txt
# Ae9Ap9 Software Version:  1.50.001
#
# Model type:               AE9
# Particle species:         e-
# Flux type:                1PtDiff
# Flux direction:           Omnidirectional
# Energy levels (MeV):       0.04 0.07 0.1 0.25 0.5 0.75 1 1.5 2 2.5 3 3.5 4 4.5 5 5.5 6 6.5 7 8.5 10
#
# Accumulation mode:        Interval, length = 13997 seconds (0.162002 days)
#
# Time format:              Modified Julian Date
# Coordinate system:        GEI (Geocentric Equatorial Inertial) Cartesian in km
# Data Delimiter:           space
#
# datetime(mjd),posx(km),posy(km),posz(km),fluence,fluence,fluence,fluence,fluence,fluence,fluence,fluence,fluence,fluence,fluence,fluence,fluence,fluence,fluence,fluence,fluence,fluence,fluence,fluence,fluence(#/cm^2/MeV)
61411.87033565 0.000000 0.000000 0.000000 3.77534838e+011 1.15579649e+011 4.29031098e+010 2.26355333e+010 1.05875474e+010 4.17292045e+009 1.84568198e+009 9.96907717e+008 5.91751597e+008 3.37111730e+008 1.81441849e+008 8.54820678e+007 3.88123069e+007 1.78223809e+007 8.48259685e+006 4.73173718e+006 3.07304441e+006 2.19958832e+006 1.32394313e+006 7.20896129e+005 4.64568677e+005
61412.03233796 0.000000 0.000000 0.000000 5.50887153e+011 2.37991202e+011 9.48615480e+010 4.52062314e+010 2.85662319e+010 1.03706411e+010 4.74010236e+009 2.67974610e+009 1.28252186e+009 6.03589527e+008 2.92512578e+008 1.36456863e+008 6.43668983e+007 3.05461842e+007 1.53561260e+007 8.96120888e+006 6.07103888e+006 4.47908436e+006 2.78348021e+006 1.68388764e+006 1.20879794e+006
61412.19434028 0.000000 0.000000 0.000000 7.26886670e+011 3.04313620e+011 1.13987676e+011 5.26004134e+010 3.56200990e+010 1.27115513e+010 5.85655463e+009 3.57073751e+009 1.88272710e+009 8.77829035e+008 4.12302767e+008 1.88050809e+008 8.87810530e+007 4.20565419e+007 2.02760931e+007 1.11073871e+007 7.19243673e+006 5.22314595e+006 3.22889350e+006 1.94346156e+006 1.39569940e+006
61412.35634259 0.000000 0.000000 0.000000 7.41507567e+011 3.18046001e+011 1.23572834e+011 6.94960285e+010 5.65684993e+010 1.90810371e+010 8.73575872e+009 5.10317803e+009 2.52883454e+009 1.10952009e+009 5.02011098e+008 2.24592544e+008 1.05840082e+008 5.02654140e+007 2.43242042e+007 1.33077382e+007 8.60792195e+006 6.28229181e+006 3.92473350e+006 2.43188227e+006 1.78755744e+006
61412.51834491 0.000000 0.000000 0.000000 7.49383369e+011 3.28808314e+011 1.31794247e+011 8.46794469e+010 7.02061112e+010 2.28809176e+010 1.01459804e+010 5.54877907e+009 2.63754453e+009 1.14046834e+009 5.15069248e+008 2.30826174e+008 1.09548479e+008 5.23712771e+007 2.55248086e+007 1.40369941e+007 9.14855696e+006 6.72514864e+006 4.23295571e+006 2.65097943e+006 1.95811374e+006
61412.68034722 0.000000 0.000000 0.000000 7.69433426e+011 3.43477474e+011 1.42030748e+011 1.02352522e+011 9.04998828e+010 3.14980261e+010 1.45344035e+010 8.02456724e+009 3.62756922e+009 1.45717060e+009 6.23589431e+008 2.70236854e+008 1.26029849e+008 5.98168018e+007 2.91798104e+007 1.60606624e+007 1.04722784e+007 7.68902821e+006 4.81725310e+006 3.01008372e+006 2.22030063e+006
61412.84234954 0.000000 0.000000 0.000000 2.08038090e+012 9.64720357e+011 3.79289839e+011 1.62911749e+011 1.08508479e+011 3.69606493e+010 1.70680417e+010 9.38426485e+009 4.15645865e+009 1.61915333e+009 6.76726665e+008 2.88232854e+008 1.32895276e+008 6.27977703e+007 3.06262892e+007 1.68280297e+007 1.09285068e+007 7.99170486e+006 4.98702719e+006 3.10771565e+006 2.29176309e+006
61413.00435185 0.000000 0.000000 0.000000 2.11341323e+012 9.98357831e+011 3.97752977e+011 1.77378737e+011 1.16938057e+011 3.94980833e+010 1.80283342e+010 9.71244611e+009 4.23992391e+009 1.63912847e+009 6.82562683e+008 2.90426901e+008 1.34044007e+008 6.33816278e+007 3.09320961e+007 1.69992047e+007 1.10479443e+007 8.08064705e+006 5.03893417e+006 3.13513591e+006 2.30906433e+006
61413.16635417 0.000000 0.000000 0.000000 2.11988195e+012 1.00492096e+012 4.00493318e+011 1.78598200e+011 1.17254570e+011 3.95406726e+010 1.80384846e+010 9.71471492e+009 4.24039922e+009 1.63926770e+009 6.82621996e+008 2.90456320e+008 1.34061260e+008 6.33910188e+007 3.09372495e+007 1.70018997e+007 1.10495717e+007 8.08183278e+006 5.03959644e+006 3.13525652e+006 2.30906459e+006
61413.32835648 0.000000 0.000000 0.000000 2.23822842e+012 1.10623108e+012 4.44031893e+011 1.95920213e+011 1.22295103e+011 4.06075767e+010 1.83357317e+010 9.78058048e+009 4.25265849e+009 1.64163997e+009 6.83285961e+008 2.90709142e+008 1.34198835e+008 6.34566224e+007 3.09693473e+007 1.70186486e+007 1.10611686e+007 8.08998373e+006 5.04370112e+006 3.13667279e+006 2.30964378e+006
61413.49035880 0.000000 0.000000 0.000000 3.60188294e+012 2.33872450e+012 9.40266324e+011 2.87470099e+011 1.45080816e+011 4.81128963e+010 2.16459176e+010 1.10102325e+010 4.54336389e+009 1.70217607e+009 6.98873034e+008 2.95163892e+008 1.35757670e+008 6.41211247e+007 3.12958126e+007 1.71894624e+007 1.11590861e+007 8.15139621e+006 5.07648118e+006 3.15318943e+006 2.32060826e+006
61413.65236111 0.000000 0.000000 0.000000 4.19305830e+012 2.79610074e+012 1.09429703e+012 3.23407752e+011 1.57026144e+011 5.24390999e+010 2.35403450e+010 1.16724584e+010 4.69136401e+009 1.73388167e+009 7.07304128e+008 2.97592700e+008 1.36621099e+008 6.44840959e+007 3.14670840e+007 1.72732360e+007 1.12039451e+007 8.17794305e+006 5.08956825e+006 3.15932227e+006 2.32459252e+006
61413.81436343 0.000000 0.000000 0.000000 4.21063792e+012 2.80970265e+012 1.09864827e+012 3.24002118e+011 1.57089791e+011 5.24465256e+010 2.35417877e+010 1.16726761e+010 4.69139925e+009 1.73388985e+009 7.07307551e+008 2.97594344e+008 1.36621988e+008 6.44845040e+007 3.14672918e+007 1.72733456e+007 1.12040206e+007 8.17799364e+006 5.08959046e+006 3.15932766e+006 2.32459395e+006
61413.97636574 0.000000 0.000000 0.000000 4.21063792e+012 2.80970265e+012 1.09864827e+012 3.24002118e+011 1.57089791e+011 5.24465256e+010 2.35417877e+010 1.16726761e+010 4.69139925e+009 1.73388985e+009 7.07307551e+008 2.97594344e+008 1.36621988e+008 6.44845040e+007 3.14672918e+007 1.72733456e+007 1.12040206e+007 8.17799364e+006 5.08959046e+006 3.15932766e+006 2.32459395e+006
61414.13836806 0.000000 0.000000 0.000000 4.21063792e+012 2.80970265e+012 1.09864827e+012 3.24002118e+011 1.57089791e+011 5.24465256e+010 2.35417877e+010 1.16726761e+010 4.69139925e+009 1.73388985e+009 7.07307551e+008 2.97594344e+008 1.36621988e+008 6.44845040e+007 3.14672918e+007 1.72733456e+007 1.12040206e+007 8.17799364e+006 5.08959046e+006 3.15932766e+006 2.32459395e+006
61414.30037037 0.000000 0.000000 0.000000 4.38432841e+012 2.92350707e+012 1.12664171e+012 3.25232330e+011 1.57123238e+011 5.24490969e+010 2.35421401e+010 1.16727150e+010 4.69140650e+009 1.73389153e+009 7.07308188e+008 2.97594594e+008 1.36622091e+008 6.44845352e+007 3.14673024e+007 1.72733496e+007 1.12040229e+007 8.17799496e+006 5.08959091e+006 3.15932773e+006 2.32459396e+006
61414.46237269 0.000000 0.000000 0.000000 6.36674970e+012 4.24898770e+012 1.51664739e+012 3.51548514e+011 1.59861175e+011 5.33396721e+010 2.39609254e+010 1.18991663e+010 4.78457219e+009 1.76607455e+009 7.19259675e+008 3.02227296e+008 1.38537187e+008 6.53293997e+007 3.18571015e+007 1.74676349e+007 1.13087506e+007 8.24045814e+006 5.12162586e+006 3.17315913e+006 2.33213864e+006
61414.62437500 0.000000 0.000000 0.000000 7.91898560e+012 5.41362181e+012 1.91516690e+012 3.90519566e+011 1.63570691e+011 5.42339835e+010 2.43528274e+010 1.20899905e+010 4.85162904e+009 1.78811235e+009 7.27363608e+008 3.05375353e+008 1.39868213e+008 6.59363948e+007 3.21507917e+007 1.76207979e+007 1.13941907e+007 8.29221222e+006 5.14871440e+006 3.18502779e+006 2.33869122e+006
61414.78637731 0.000000 0.000000 0.000000 7.99856377e+012 5.47094204e+012 1.93222923e+012 3.91685326e+011 1.63615133e+011 5.42385514e+010 2.43535667e+010 1.20900818e+010 4.85164470e+009 1.78811581e+009 7.27365053e+008 3.05376091e+008 1.39868605e+008 6.59365489e+007 3.21508603e+007 1.76208301e+007 1.13942128e+007 8.29222572e+006 5.14871930e+006 3.18502863e+006 2.33869144e+006
61414.94837963 0.000000 0.000000 0.000000 7.99856377e+012 5.47094204e+012 1.93222923e+012 3.91685326e+011 1.63615133e+011 5.42385514e+010 2.43535667e+010 1.20900818e+010 4.85164470e+009 1.78811581e+009 7.27365053e+008 3.05376091e+008 1.39868605e+008 6.59365489e+007 3.21508603e+007 1.76208301e+007 1.13942128e+007 8.29222572e+006 5.14871930e+006 3.18502863e+006 2.33869144e+006
61415.11038194 0.000000 0.000000 0.000000 7.99856377e+012 5.47094204e+012 1.93222923e+012 3.91685326e+011 1.63615133e+011 5.42385514e+010 2.43535667e+010 1.20900818e+010 4.85164470e+009 1.78811581e+009 7.27365053e+008 3.05376091e+008 1.39868605e+008 6.59365489e+007 3.21508603e+007 1.76208301e+007 1.13942128e+007 8.29222572e+006 5.14871930e+006 3.18502863e+006 2.33869144e+006
61415.27238426 0.000000 0.000000 0.000000 7.99856377e+012 5.47094204e+012 1.93222923e+012 3.91685326e+011 1.63615133e+011 5.42385514e+010 2.43535667e+010 1.20900818e+010 4.85164470e+009 1.78811581e+009 7.27365053e+008 3.05376091e+008 1.39868605e+008 6.59365489e+007 3.21508603e+007 1.76208301e+007 1.13942128e+007 8.29222572e+006 5.14871930e+006 3.18502863e+006 2.33869144e+006
61415.43438657 0.000000 0.000000 0.000000 7.99856377e+012 5.47094204e+012 1.93222923e+012 3.91685326e+011 1.63615133e+011 5.42385514e+010 2.43535667e+010 1.20900818e+010 4.85164470e+009 1.78811581e+009 7.27365053e+008 3.05376091e+008 1.39868605e+008 6.59365489e+007 3.21508603e+007 1.76208301e+007 1.13942128e+007 8.29222572e+006 5.14871930e+006 3.18502863e+006 2.33869144e+006
61415.59638889 0.000000 0.000000 0.000000 7.99856377e+012 5.47094204e+012 1.93222923e+012 3.91685326e+011 1.63615133e+011 5.42385514e+010 2.43535667e+010 1.20900818e+010 4.85164470e+009 1.78811581e+009 7.27365053e+008 3.05376091e+008 1.39868605e+008 6.59365489e+007 3.21508603e+007 1.76208301e+007 1.13942128e+007 8.29222572e+006 5.14871930e+006 3.18502863e+006 2.33869144e+006
61415.75839120 0.000000 0.000000 0.000000 7.99918630e+012 5.47172211e+012 1.93255254e+012 3.91737055e+011 1.63618787e+011 5.42389394e+010 2.43536495e+010 1.20901023e+010 4.85165216e+009 1.78811907e+009 7.27366758e+008 3.05376974e+008 1.39869129e+008 6.59367655e+007 3.21509605e+007 1.76208505e+007 1.13942124e+007 8.29222549e+006 5.14871921e+006 3.18502863e+006 2.33869144e+006
61415.92039352 0.000000 0.000000 0.000000 8.09288812e+012 5.57904292e+012 1.99039803e+012 4.09130788e+011 1.68606264e+011 5.60616865e+010 2.51163500e+010 1.23697834e+010 4.92311256e+009 1.80512299e+009 7.31758491e+008 3.06576011e+008 1.40299968e+008 6.61078638e+007 3.22277748e+007 1.76571693e+007 1.14146328e+007 8.30421638e+006 5.15391464e+006 3.18632553e+006 2.33915847e+006
61416.08239583 0.000000 0.000000 0.000000 8.52587254e+012 6.06290065e+012 2.21792562e+012 4.51438683e+011 1.77922187e+011 5.98557419e+010 2.69640644e+010 1.31092825e+010 5.14548311e+009 1.86249381e+009 7.47266041e+008 3.11110088e+008 1.41858912e+008 6.66810368e+007 3.24505969e+007 1.77451512e+007 1.14539986e+007 8.32427575e+006 5.16197859e+006 3.18865300e+006 2.34017748e+006
61416.24439815 0.000000 0.000000 0.000000 8.55599541e+012 6.09523941e+012 2.23085884e+012 4.53555662e+011 1.78220505e+011 5.99005811e+010 2.69740507e+010 1.31113585e+010 5.14593294e+009 1.86259750e+009 7.47303445e+008 3.11126676e+008 1.41867504e+008 6.66849400e+007 3.24523861e+007 1.77459871e+007 1.14545011e+007 8.32457370e+006 5.16209779e+006 3.18867393e+006 2.34018226e+006
61416.40640046 0.000000 0.000000 0.000000 8.55599541e+012 6.09523941e+012 2.23085884e+012 4.53555662e+011 1.78220505e+011 5.99005811e+010 2.69740507e+010 1.31113585e+010 5.14593294e+009 1.86259750e+009 7.47303445e+008 3.11126676e+008 1.41867504e+008 6.66849400e+007 3.24523861e+007 1.77459871e+007 1.14545011e+007 8.32457370e+006 5.16209779e+006 3.18867393e+006 2.34018226e+006
61416.56840278 0.000000 0.000000 0.000000 8.55599541e+012 6.09523941e+012 2.23085884e+012 4.53555662e+011 1.78220505e+011 5.99005811e+010 2.69740507e+010 1.31113585e+010 5.14593294e+009 1.86259750e+009 7.47303445e+008 3.11126676e+008 1.41867504e+008 6.66849400e+007 3.24523861e+007 1.77459871e+007 1.14545011e+007 8.32457370e+006 5.16209779e+006 3.18867393e+006 2.34018226e+006
61416.73040509 0.000000 0.000000 0.000000 8.55599541e+012 6.09523941e+012 2.23085884e+012 4.53555662e+011 1.78220505e+011 5.99005811e+010 2.69740507e+010 1.31113585e+010 5.14593294e+009 1.86259750e+009 7.47303445e+008 3.11126676e+008 1.41867504e+008 6.66849400e+007 3.24523861e+007 1.77459871e+007 1.14545011e+007 8.32457370e+006 5.16209779e+006 3.18867393e+006 2.34018226e+006
61416.89240741 0.000000 0.000000 0.000000 8.55599541e+012 6.09523941e+012 2.23085884e+012 4.53555662e+011 1.78220505e+011 5.99005811e+010 2.69740507e+010 1.31113585e+010 5.14593294e+009 1.86259750e+009 7.47303445e+008 3.11126676e+008 1.41867504e+008 6.66849400e+007 3.24523861e+007 1.77459871e+007 1.14545011e+007 8.32457370e+006 5.16209779e+006 3.18867393e+006 2.34018226e+006
61417.05440972 0.000000 0.000000 0.000000 8.55599541e+012 6.09523941e+012 2.23085884e+012 4.53555662e+011 1.78220505e+011 5.99005811e+010 2.69740507e+010 1.31113585e+010 5.14593294e+009 1.86259750e+009 7.47303445e+008 3.11126676e+008 1.41867504e+008 6.66849400e+007 3.24523861e+007 1.77459871e+007 1.14545011e+007 8.32457370e+006 5.16209779e+006 3.18867393e+006 2.34018226e+006
61417.21641204 0.000000 0.000000 0.000000 8.55599541e+012 6.09523941e+012 2.23085884e+012 4.53555662e+011 1.78220505e+011 5.99005811e+010 2.69740507e+010 1.31113585e+010 5.14593294e+009 1.86259750e+009 7.47303445e+008 3.11126676e+008 1.41867504e+008 6.66849400e+007 3.24523861e+007 1.77459871e+007 1.14545011e+007 8.32457370e+006 5.16209779e+006 3.18867393e+006 2.34018226e+006
61417.37841435 0.000000 0.000000 0.000000 8.55599541e+012 6.09523941e+012 2.23085884e+012 4.53555662e+011 1.78220505e+011 5.99005811e+010 2.69740507e+010 1.31113585e+010 5.14593294e+009 1.86259750e+009 7.47303445e+008 3.11126676e+008 1.41867504e+008 6.66849400e+007 3.24523861e+007 1.77459871e+007 1.14545011e+007 8.32457370e+006 5.16209779e+006 3.18867393e+006 2.34018226e+006
61417.54041667 0.000000 0.000000 0.000000 8.55599541e+012 6.09523941e+012 2.23085884e+012 4.53555662e+011 1.78220505e+011 5.99005811e+010 2.69740507e+010 1.31113585e+010 5.14593294e+009 1.86259750e+009 7.47303445e+008 3.11126676e+008 1.41867504e+008 6.66849400e+007 3.24523861e+007 1.77459871e+007 1.14545011e+007 8.32457370e+006 5.16209779e+006 3.18867393e+006 2.34018226e+006
61417.70241898 0.000000 0.000000 0.000000 8.55599541e+012 6.09523941e+012 2.23085884e+012 4.53555662e+011 1.78220505e+011 5.99005811e+010 2.69740507e+010 1.31113585e+010 5.14593294e+009 1.86259750e+009 7.47303445e+008 3.11126676e+008 1.41867504e+008 6.66849400e+007 3.24523861e+007 1.77459871e+007 1.14545011e+007 8.32457370e+006 5.16209779e+006 3.18867393e+006 2.34018226e+006
61417.86442130 0.000000 0.000000 0.000000 8.55599541e+012 6.09523941e+012 2.23085884e+012 4.53555662e+011 1.78220505e+011 5.99005811e+010 2.69740507e+010 1.31113585e+010 5.14593294e+009 1.86259750e+009 7.47303445e+008 3.11126676e+008 1.41867504e+008 6.66849400e+007 3.24523861e+007 1.77459871e+007 1.14545011e+007 8.32457370e+006 5.16209779e+006 3.18867393e+006 2.34018226e+006
61418.02642361 0.000000 0.000000 0.000000 8.55599541e+012 6.09523941e+012 2.23085884e+012 4.53555662e+011 1.78220505e+011 5.99005811e+010 2.69740507e+010 1.31113585e+010 5.14593294e+009 1.86259750e+009 7.47303445e+008 3.11126676e+008 1.41867504e+008 6.66849400e+007 3.24523861e+007 1.77459871e+007 1.14545011e+007 8.32457370e+006 5.16209779e+006 3.18867393e+006 2.34018226e+006
61418.18842593 0.000000 0.000000 0.000000 8.55600590e+012 6.09526239e+012 2.23086183e+012 4.53553769e+011 1.78220462e+011 5.99005782e+010 2.69740503e+010 1.31113584e+010 5.14593293e+009 1.86259749e+009 7.47303440e+008 3.11126675e+008 1.41867503e+008 6.66849400e+007 3.24523861e+007 1.77459871e+007 1.14545011e+007 8.32457370e+006 5.16209779e+006 3.18867393e+006 2.34018226e+006
61418.35042824 0.000000 0.000000 0.000000 9.16535348e+012 6.68567711e+012 2.50291122e+012 5.42823370e+011 2.00859451e+011 6.79863711e+010 2.99692220e+010 1.39926919e+010 5.38125540e+009 1.91333994e+009 7.57371571e+008 3.13450992e+008 1.42697090e+008 6.70142763e+007 3.25938730e+007 1.78103642e+007 1.14890746e+007 8.34357759e+006 5.16975715e+006 3.19016466e+006 2.34061203e+006
61418.51243056 0.000000 0.000000 0.000000 1.09320733e+013 9.55909575e+012 4.11258854e+012 1.00850828e+012 3.70132931e+011 1.64071121e+011 8.54136554e+010 3.31968158e+010 9.73006890e+009 2.86276543e+009 9.92507710e+008 3.80397484e+008 1.64132799e+008 7.43955422e+007 3.51894330e+007 1.88219832e+007 1.19601163e+007 8.61080977e+006 5.29809321e+006 3.23554979e+006 2.36180653e+006
61418.67443287 0.000000 0.000000 0.000000 1.12407088e+013 9.87520779e+012 4.26049088e+012 1.04750658e+012 3.78513873e+011 1.66540639e+011 8.61818979e+010 3.34036193e+010 9.78257122e+009 2.87407551e+009 9.95198705e+008 3.81191189e+008 1.64465726e+008 7.45383115e+007 3.52536201e+007 1.88517661e+007 1.19764173e+007 8.61965828e+006 5.30155622e+006 3.23609399e+006 2.36193158e+006
61418.83643519 0.000000 0.000000 0.000000 1.12407088e+013 9.87520779e+012 4.26049088e+012 1.04750658e+012 3.78513873e+011 1.66540639e+011 8.61818979e+010 3.34036193e+010 9.78257122e+009 2.87407551e+009 9.95198705e+008 3.81191189e+008 1.64465726e+008 7.45383115e+007 3.52536201e+007 1.88517661e+007 1.19764173e+007 8.61965828e+006 5.30155622e+006 3.23609399e+006 2.36193158e+006
61418.99843750 0.000000 0.000000 0.000000 1.12407088e+013 9.87520779e+012 4.26049088e+012 1.04750658e+012 3.78513873e+011 1.66540639e+011 8.61818979e+010 3.34036193e+010 9.78257122e+009 2.87407551e+009 9.95198705e+008 3.81191189e+008 1.64465726e+008 7.45383115e+007 3.52536201e+007 1.88517661e+007 1.19764173e+007 8.61965828e+006 5.30155622e+006 3.23609399e+006 2.36193158e+006
61419.16043981 0.000000 0.000000 0.000000 1.12407088e+013 9.87520779e+012 4.26049088e+012 1.04750658e+012 3.78513873e+011 1.66540639e+011 8.61818979e+010 3.34036193e+010 9.78257122e+009 2.87407551e+009 9.95198705e+008 3.81191189e+008 1.64465726e+008 7.45383115e+007 3.52536201e+007 1.88517661e+007 1.19764173e+007 8.61965828e+006 5.30155622e+006 3.23609399e+006 2.36193158e+006
61419.32244213 0.000000 0.000000 0.000000 1.12407088e+013 9.87520779e+012 4.26049088e+012 1.04750658e+012 3.78513873e+011 1.66540639e+011 8.61818979e+010 3.34036193e+010 9.78257122e+009 2.87407551e+009 9.95198705e+008 3.81191189e+008 1.64465726e+008 7.45383115e+007 3.52536201e+007 1.88517661e+007 1.19764173e+007 8.61965828e+006 5.30155622e+006 3.23609399e+006 2.36193158e+006
61419.48444444 0.000000 0.000000 0.000000 1.12407088e+013 9.87520779e+012 4.26049088e+012 1.04750658e+012 3.78513873e+011 1.66540639e+011 8.61818979e+010 3.34036193e+010 9.78257122e+009 2.87407551e+009 9.95198705e+008 3.81191189e+008 1.64465726e+008 7.45383115e+007 3.52536201e+007 1.88517661e+007 1.19764173e+007 8.61965828e+006 5.30155622e+006 3.23609399e+006 2.36193158e+006
61419.64644676 0.000000 0.000000 0.000000 1.12407088e+013 9.87520779e+012 4.26049088e+012 1.04750658e+012 3.78513873e+011 1.66540639e+011 8.61818979e+010 3.34036193e+010 9.78257122e+009 2.87407551e+009 9.95198705e+008 3.81191189e+008 1.64465726e+008 7.45383115e+007 3.52536201e+007 1.88517661e+007 1.19764173e+007 8.61965828e+006 5.30155622e+006 3.23609399e+006 2.36193158e+006
61419.80844907 0.000000 0.000000 0.000000 1.12407088e+013 9.87520779e+012 4.26049088e+012 1.04750658e+012 3.78513873e+011 1.66540639e+011 8.61818979e+010 3.34036193e+010 9.78257122e+009 2.87407551e+009 9.95198705e+008 3.81191189e+008 1.64465726e+008 7.45383115e+007 3.52536201e+007 1.88517661e+007 1.19764173e+007 8.61965828e+006 5.30155622e+006 3.23609399e+006 2.36193158e+006
61419.97045139 0.000000 0.000000 0.000000 1.12407088e+013 9.87520779e+012 4.26049088e+012 1.04750658e+012 3.78513873e+011 1.66540639e+011 8.61818979e+010 3.34036193e+010 9.78257122e+009 2.87407551e+009 9.95198705e+008 3.81191189e+008 1.64465726e+008 7.45383115e+007 3.52536201e+007 1.88517661e+007 1.19764173e+007 8.61965828e+006 5.30155622e+006 3.23609399e+006 2.36193158e+006
61420.13245370 0.000000 0.000000 0.000000 1.12407088e+013 9.87520779e+012 4.26049088e+012 1.04750658e+012 3.78513873e+011 1.66540639e+011 8.61818979e+010 3.34036193e+010 9.78257122e+009 2.87407551e+009 9.95198705e+008 3.81191189e+008 1.64465726e+008 7.45383115e+007 3.52536201e+007 1.88517661e+007 1.19764173e+007 8.61965828e+006 5.30155622e+006 3.23609399e+006 2.36193158e+006
61420.29445602 0.000000 0.000000 0.000000 1.12407088e+013 9.87520779e+012 4.26049088e+012 1.04750658e+012 3.78513873e+011 1.66540639e+011 8.61818979e+010 3.34036193e+010 9.78257122e+009 2.87407551e+009 9.95198705e+008 3.81191189e+008 1.64465726e+008 7.45383115e+007 3.52536201e+007 1.88517661e+007 1.19764173e+007 8.61965828e+006 5.30155622e+006 3.23609399e+006 2.36193158e+006
61420.45645833 0.000000 0.000000 0.000000 1.12407088e+013 9.87520779e+012 4.26049088e+012 1.04750658e+012 3.78513873e+011 1.66540639e+011 8.61818979e+010 3.34036193e+010 9.78257122e+009 2.87407551e+009 9.95198705e+008 3.81191189e+008 1.64465726e+008 7.45383115e+007 3.52536201e+007 1.88517661e+007 1.19764173e+007 8.61965828e+006 5.30155622e+006 3.23609399e+006 2.36193158e+006
61420.55915852 0.000000 0.000000 0.000000 1.12407088e+013 9.87520779e+012 4.26049088e+012 1.04750658e+012 3.78513873e+011 1.66540639e+011 8.61818979e+010 3.34036193e+010 9.78257122e+009 2.87407551e+009 9.95198705e+008 3.81191189e+008 1.64465726e+008 7.45383115e+007 3.52536201e+007 1.88517661e+007 1.19764173e+007 8.61965828e+006 5.30155622e+006 3.23609399e+006 2.36193158e+006
