# Ae9Ap9 Model output file: MoonBEAM_trajectory_trade/Rp18408_COM_8per90prop30inc_Sci.AP9.output_mc_fluenceIntv_009.txt
# Ae9Ap9 Software Version:  1.50.001
#
# Model type:               AP9
# Particle species:         H+
# Flux type:                1PtDiff
# Flux direction:           Omnidirectional
# Energy levels (MeV):       0.1 0.2 0.4 0.6 0.8 1 2 4 6 8 10 15 20 30 50 60 80 100 150 200 300 400 700 1200 2000
#
# Accumulation mode:        Interval, length = 16589 seconds (0.192002 days)
#
# Time format:              Modified Julian Date
# Coordinate system:        GEI (Geocentric Equatorial Inertial) Cartesian in km
# Data Delimiter:           space
#
# datetime(mjd),posx(km),posy(km),posz(km),fluence,fluence,fluence,fluence,fluence,fluence,fluence,fluence,fluence,fluence,fluence,fluence,fluence,fluence,fluence,fluence,fluence,fluence,fluence,fluence,fluence,fluence,fluence,fluence,fluence(#/cm^2/MeV)
61429.66149804 0.000000 0.000000 0.000000 0.00000000e+000 0.00000000e+000 0.00000000e+000 0.00000000e+000 0.00000000e+000 0.00000000e+000 0.00000000e+000 0.00000000e+000 0.00000000e+000 0.00000000e+000 0.00000000e+000 0.00000000e+000 0.00000000e+000 0.00000000e+000 0.00000000e+000 0.00000000e+000 0.00000000e+000 0.00000000e+000 0.00000000e+000 0.00000000e+000 0.00000000e+000 0.00000000e+000 0.00000000e+000 0.00000000e+000 0.00000000e+000
61429.85350036 0.000000 0.000000 0.000000 0.00000000e+000 0.00000000e+000 0.00000000e+000 0.00000000e+000 0.00000000e+000 0.00000000e+000 0.00000000e+000 0.00000000e+000 0.00000000e+000 0.00000000e+000 0.00000000e+000 0.00000000e+000 0.00000000e+000 0.00000000e+000 0.00000000e+000 0.00000000e+000 0.00000000e+000 0.00000000e+000 0.00000000e+000 0.00000000e+000 0.00000000e+000 0.00000000e+000 0.00000000e+000 0.00000000e+000 0.00000000e+000
61430.04550267 0.000000 0.000000 0.000000 0.00000000e+000 0.00000000e+000 0.00000000e+000 0.00000000e+000 0.00000000e+000 0.00000000e+000 0.00000000e+000 0.00000000e+000 0.00000000e+000 0.00000000e+000 0.00000000e+000 0.00000000e+000 0.00000000e+000 0.00000000e+000 0.00000000e+000 0.00000000e+000 0.00000000e+000 0.00000000e+000 0.00000000e+000 0.00000000e+000 0.00000000e+000 0.00000000e+000 0.00000000e+000 0.00000000e+000 0.00000000e+000
61430.23750499 0.000000 0.000000 0.000000 0.00000000e+000 0.00000000e+000 0.00000000e+000 0.00000000e+000 0.00000000e+000 0.00000000e+000 0.00000000e+000 0.00000000e+000 0.00000000e+000 0.00000000e+000 0.00000000e+000 0.00000000e+000 0.00000000e+000 0.00000000e+000 0.00000000e+000 0.00000000e+000 0.00000000e+000 0.00000000e+000 0.00000000e+000 0.00000000e+000 0.00000000e+000 0.00000000e+000 0.00000000e+000 0.00000000e+000 0.00000000e+000
61430.42950730 0.000000 0.000000 0.000000 0.00000000e+000 0.00000000e+000 0.00000000e+000 0.00000000e+000 0.00000000e+000 0.00000000e+000 0.00000000e+000 0.00000000e+000 0.00000000e+000 0.00000000e+000 0.00000000e+000 0.00000000e+000 0.00000000e+000 0.00000000e+000 0.00000000e+000 0.00000000e+000 0.00000000e+000 0.00000000e+000 0.00000000e+000 0.00000000e+000 0.00000000e+000 0.00000000e+000 0.00000000e+000 0.00000000e+000 0.00000000e+000
61430.62150962 0.000000 0.000000 0.000000 0.00000000e+000 0.00000000e+000 0.00000000e+000 0.00000000e+000 0.00000000e+000 0.00000000e+000 0.00000000e+000 0.00000000e+000 0.00000000e+000 0.00000000e+000 0.00000000e+000 0.00000000e+000 0.00000000e+000 0.00000000e+000 0.00000000e+000 0.00000000e+000 0.00000000e+000 0.00000000e+000 0.00000000e+000 0.00000000e+000 0.00000000e+000 0.00000000e+000 0.00000000e+000 0.00000000e+000 0.00000000e+000
61430.81351193 0.000000 0.000000 0.000000 0.00000000e+000 0.00000000e+000 0.00000000e+000 0.00000000e+000 0.00000000e+000 0.00000000e+000 0.00000000e+000 0.00000000e+000 0.00000000e+000 0.00000000e+000 0.00000000e+000 0.00000000e+000 0.00000000e+000 0.00000000e+000 0.00000000e+000 0.00000000e+000 0.00000000e+000 0.00000000e+000 0.00000000e+000 0.00000000e+000 0.00000000e+000 0.00000000e+000 0.00000000e+000 0.00000000e+000 0.00000000e+000
61431.00551425 0.000000 0.000000 0.000000 0.00000000e+000 0.00000000e+000 0.00000000e+000 0.00000000e+000 0.00000000e+000 0.00000000e+000 0.00000000e+000 0.00000000e+000 0.00000000e+000 0.00000000e+000 0.00000000e+000 0.00000000e+000 0.00000000e+000 0.00000000e+000 0.00000000e+000 0.00000000e+000 0.00000000e+000 0.00000000e+000 0.00000000e+000 0.00000000e+000 0.00000000e+000 0.00000000e+000 0.00000000e+000 0.00000000e+000 0.00000000e+000
61431.19751656 0.000000 0.000000 0.000000 0.00000000e+000 0.00000000e+000 0.00000000e+000 0.00000000e+000 0.00000000e+000 0.00000000e+000 0.00000000e+000 0.00000000e+000 0.00000000e+000 0.00000000e+000 0.00000000e+000 0.00000000e+000 0.00000000e+000 0.00000000e+000 0.00000000e+000 0.00000000e+000 0.00000000e+000 0.00000000e+000 0.00000000e+000 0.00000000e+000 0.00000000e+000 0.00000000e+000 0.00000000e+000 0.00000000e+000 0.00000000e+000
61431.38951888 0.000000 0.000000 0.000000 0.00000000e+000 0.00000000e+000 0.00000000e+000 0.00000000e+000 0.00000000e+000 0.00000000e+000 0.00000000e+000 0.00000000e+000 0.00000000e+000 0.00000000e+000 0.00000000e+000 0.00000000e+000 0.00000000e+000 0.00000000e+000 0.00000000e+000 0.00000000e+000 0.00000000e+000 0.00000000e+000 0.00000000e+000 0.00000000e+000 0.00000000e+000 0.00000000e+000 0.00000000e+000 0.00000000e+000 0.00000000e+000
61431.58152119 0.000000 0.000000 0.000000 1.28789912e+008 3.47040668e+007 3.65690210e+006 6.45923783e+005 1.70532025e+005 7.96774341e+003 3.56512589e+001 -4.13450630e-002 0.00000000e+000 0.00000000e+000 0.00000000e+000 0.00000000e+000 0.00000000e+000 0.00000000e+000 0.00000000e+000 0.00000000e+000 0.00000000e+000 0.00000000e+000 0.00000000e+000 0.00000000e+000 0.00000000e+000 0.00000000e+000 0.00000000e+000 0.00000000e+000 0.00000000e+000
61431.77352351 0.000000 0.000000 0.000000 7.64476684e+011 6.00227795e+011 5.07663226e+011 3.60931027e+011 2.29815017e+011 5.90514358e+010 4.88933207e+009 4.13570037e+008 4.94635157e+007 8.93168745e+006 1.65121597e+006 4.24623676e+005 7.56607400e+004 1.42505053e+004 4.00759266e+003 1.25405054e+003 4.62101547e+002 9.58574269e+001 2.11687862e+001 4.00205504e+000 8.48454668e-001 1.24759639e-002 0.00000000e+000 0.00000000e+000 0.00000000e+000
61431.96552582 0.000000 0.000000 0.000000 1.03560250e+012 7.31915470e+011 5.48563018e+011 3.72737696e+011 2.33993519e+011 5.95171376e+010 4.91368072e+009 4.14053067e+008 4.94749619e+007 8.93235104e+006 1.65128400e+006 4.24623742e+005 7.56607400e+004 1.42505053e+004 4.00759266e+003 1.25405054e+003 4.62101547e+002 9.58574269e+001 2.11687862e+001 4.00205504e+000 8.48454668e-001 1.24759639e-002 0.00000000e+000 0.00000000e+000 0.00000000e+000
61432.15752814 0.000000 0.000000 0.000000 1.03560250e+012 7.31915470e+011 5.48563018e+011 3.72737696e+011 2.33993519e+011 5.95171376e+010 4.91368072e+009 4.14053067e+008 4.94749619e+007 8.93235104e+006 1.65128400e+006 4.24623742e+005 7.56607400e+004 1.42505053e+004 4.00759266e+003 1.25405054e+003 4.62101547e+002 9.58574269e+001 2.11687862e+001 4.00205504e+000 8.48454668e-001 1.24759639e-002 0.00000000e+000 0.00000000e+000 0.00000000e+000
61432.34953045 0.000000 0.000000 0.000000 1.03560250e+012 7.31915470e+011 5.48563018e+011 3.72737696e+011 2.33993519e+011 5.95171376e+010 4.91368072e+009 4.14053067e+008 4.94749619e+007 8.93235104e+006 1.65128400e+006 4.24623742e+005 7.56607400e+004 1.42505053e+004 4.00759266e+003 1.25405054e+003 4.62101547e+002 9.58574269e+001 2.11687862e+001 4.00205504e+000 8.48454668e-001 1.24759639e-002 0.00000000e+000 0.00000000e+000 0.00000000e+000
61432.54153277 0.000000 0.000000 0.000000 1.03560250e+012 7.31915470e+011 5.48563018e+011 3.72737696e+011 2.33993519e+011 5.95171376e+010 4.91368072e+009 4.14053067e+008 4.94749619e+007 8.93235104e+006 1.65128400e+006 4.24623742e+005 7.56607400e+004 1.42505053e+004 4.00759266e+003 1.25405054e+003 4.62101547e+002 9.58574269e+001 2.11687862e+001 4.00205504e+000 8.48454668e-001 1.24759639e-002 0.00000000e+000 0.00000000e+000 0.00000000e+000
61432.73353508 0.000000 0.000000 0.000000 1.03560250e+012 7.31915470e+011 5.48563018e+011 3.72737696e+011 2.33993519e+011 5.95171376e+010 4.91368072e+009 4.14053067e+008 4.94749619e+007 8.93235104e+006 1.65128400e+006 4.24623742e+005 7.56607400e+004 1.42505053e+004 4.00759266e+003 1.25405054e+003 4.62101547e+002 9.58574269e+001 2.11687862e+001 4.00205504e+000 8.48454668e-001 1.24759639e-002 0.00000000e+000 0.00000000e+000 0.00000000e+000
61432.92553740 0.000000 0.000000 0.000000 1.03560250e+012 7.31915470e+011 5.48563018e+011 3.72737696e+011 2.33993519e+011 5.95171376e+010 4.91368072e+009 4.14053067e+008 4.94749619e+007 8.93235104e+006 1.65128400e+006 4.24623742e+005 7.56607400e+004 1.42505053e+004 4.00759266e+003 1.25405054e+003 4.62101547e+002 9.58574269e+001 2.11687862e+001 4.00205504e+000 8.48454668e-001 1.24759639e-002 0.00000000e+000 0.00000000e+000 0.00000000e+000
61433.11753971 0.000000 0.000000 0.000000 1.03560250e+012 7.31915470e+011 5.48563018e+011 3.72737696e+011 2.33993519e+011 5.95171376e+010 4.91368072e+009 4.14053067e+008 4.94749619e+007 8.93235104e+006 1.65128400e+006 4.24623742e+005 7.56607400e+004 1.42505053e+004 4.00759266e+003 1.25405054e+003 4.62101547e+002 9.58574269e+001 2.11687862e+001 4.00205504e+000 8.48454668e-001 1.24759639e-002 0.00000000e+000 0.00000000e+000 0.00000000e+000
61433.30954203 0.000000 0.000000 0.000000 1.03560250e+012 7.31915470e+011 5.48563018e+011 3.72737696e+011 2.33993519e+011 5.95171376e+010 4.91368072e+009 4.14053067e+008 4.94749619e+007 8.93235104e+006 1.65128400e+006 4.24623742e+005 7.56607400e+004 1.42505053e+004 4.00759266e+003 1.25405054e+003 4.62101547e+002 9.58574269e+001 2.11687862e+001 4.00205504e+000 8.48454668e-001 1.24759639e-002 0.00000000e+000 0.00000000e+000 0.00000000e+000
61433.50154434 0.000000 0.000000 0.000000 1.03560250e+012 7.31915470e+011 5.48563018e+011 3.72737696e+011 2.33993519e+011 5.95171376e+010 4.91368072e+009 4.14053067e+008 4.94749619e+007 8.93235104e+006 1.65128400e+006 4.24623742e+005 7.56607400e+004 1.42505053e+004 4.00759266e+003 1.25405054e+003 4.62101547e+002 9.58574269e+001 2.11687862e+001 4.00205504e+000 8.48454668e-001 1.24759639e-002 0.00000000e+000 0.00000000e+000 0.00000000e+000
61433.69354666 0.000000 0.000000 0.000000 1.03560250e+012 7.31915470e+011 5.48563018e+011 3.72737696e+011 2.33993519e+011 5.95171376e+010 4.91368072e+009 4.14053067e+008 4.94749619e+007 8.93235104e+006 1.65128400e+006 4.24623742e+005 7.56607400e+004 1.42505053e+004 4.00759266e+003 1.25405054e+003 4.62101547e+002 9.58574269e+001 2.11687862e+001 4.00205504e+000 8.48454668e-001 1.24759639e-002 0.00000000e+000 0.00000000e+000 0.00000000e+000
61433.88554897 0.000000 0.000000 0.000000 1.03560250e+012 7.31915470e+011 5.48563018e+011 3.72737696e+011 2.33993519e+011 5.95171376e+010 4.91368072e+009 4.14053067e+008 4.94749619e+007 8.93235104e+006 1.65128400e+006 4.24623742e+005 7.56607400e+004 1.42505053e+004 4.00759266e+003 1.25405054e+003 4.62101547e+002 9.58574269e+001 2.11687862e+001 4.00205504e+000 8.48454668e-001 1.24759639e-002 0.00000000e+000 0.00000000e+000 0.00000000e+000
61433.90511367 0.000000 0.000000 0.000000 1.03560250e+012 7.31915470e+011 5.48563018e+011 3.72737696e+011 2.33993519e+011 5.95171376e+010 4.91368072e+009 4.14053067e+008 4.94749619e+007 8.93235104e+006 1.65128400e+006 4.24623742e+005 7.56607400e+004 1.42505053e+004 4.00759266e+003 1.25405054e+003 4.62101547e+002 9.58574269e+001 2.11687862e+001 4.00205504e+000 8.48454668e-001 1.24759639e-002 0.00000000e+000 0.00000000e+000 0.00000000e+000
