# Ae9Ap9 Model output file: MoonBEAM_trajectory_trade/Rp18408_COM_8per90prop30inc_Tran.AE9.output_mc_fluxIntvAvg_031.txt
# Ae9Ap9 Software Version:  1.50.001
#
# Model type:               AE9
# Particle species:         e-
# Flux type:                1PtDiff
# Flux direction:           Omnidirectional
# Energy levels (MeV):       0.04 0.07 0.1 0.25 0.5 0.75 1 1.5 2 2.5 3 3.5 4 4.5 5 5.5 6 6.5 7 8.5 10
#
# Accumulation mode:        Interval, length = 13997 seconds (0.162002 days)
#
# Time format:              Modified Julian Date
# Coordinate system:        GEI (Geocentric Equatorial Inertial) Cartesian in km
# Data Delimiter:           space
#
# datetime(mjd),posx(km),posy(km),posz(km),flux,flux,flux,flux,flux,flux,flux,flux,flux,flux,flux,flux,flux,flux,flux,flux,flux,flux,flux,flux,flux(#/cm^2/s/MeV)
61411.87033565 0.000000 0.000000 0.000000 2.70796893e+008 2.26206349e+008 1.11625158e+008 3.60835360e+007 1.61395214e+007 8.25299410e+006 4.26885946e+006 1.70592942e+006 5.98351121e+005 2.08697948e+005 7.90760772e+004 3.13978964e+004 1.21888275e+004 4.86656036e+003 1.88724386e+003 8.65007215e+002 4.74133622e+002 3.22129273e+002 1.91053781e+002 9.51905552e+001 5.95853199e+001
61412.03233796 0.000000 0.000000 0.000000 2.60982061e+008 1.96391731e+008 8.35998784e+007 2.84605608e+007 9.27297113e+006 3.35775120e+006 1.22477625e+006 3.47177767e+005 9.71522993e+004 2.85658009e+004 9.19269768e+003 3.09081775e+003 1.22686651e+003 5.20363997e+002 2.41435618e+002 1.25463582e+002 7.58038453e+001 4.95993909e+001 2.67805986e+001 1.08909346e+001 5.83680703e+000
61412.19434028 0.000000 0.000000 0.000000 1.24192525e+008 1.02745085e+008 5.03044297e+007 2.65618602e+007 1.21050276e+007 5.68836262e+006 3.29944370e+006 1.63074581e+006 5.67927667e+005 1.77720150e+005 6.56889964e+004 2.84335399e+004 1.33213690e+004 6.28077558e+003 2.32422084e+003 8.72935357e+002 4.23075891e+002 2.96344764e+002 2.03939444e+002 1.17640302e+002 7.94162618e+001
61412.35634259 0.000000 0.000000 0.000000 2.97386404e+008 2.14663095e+008 8.46185492e+007 2.58426756e+007 7.48006774e+006 2.85625819e+006 1.26925604e+006 4.48230390e+005 1.28488445e+005 3.79102164e+004 1.27101403e+004 5.00114983e+003 2.21607917e+003 9.94527988e+002 3.82034710e+002 1.61440867e+002 8.29135747e+001 5.61435929e+001 3.35879455e+001 1.68466850e+001 1.04890977e+001
61412.51834491 0.000000 0.000000 0.000000 4.03824038e+008 2.86093476e+008 9.56766561e+007 1.40815287e+007 1.51704809e+006 3.09320481e+005 7.75957370e+004 1.65294972e+004 3.69214062e+003 9.69086460e+002 3.47912803e+002 1.44626376e+002 6.83427827e+001 2.82984023e+001 1.12679259e+001 4.67990878e+000 2.58358379e+000 1.56894471e+000 7.80341596e-001 2.26368939e-001 9.75188977e-002
61412.68034722 0.000000 0.000000 0.000000 4.99098924e+008 3.42354126e+008 1.32853249e+008 4.09815057e+007 1.59118542e+007 7.33614218e+006 3.70935854e+006 1.64418721e+006 6.81021122e+005 2.56711288e+005 1.06226536e+005 4.79324261e+004 2.09544238e+004 9.12493644e+003 3.50603757e+003 1.53990538e+003 8.19158938e+002 5.64993153e+002 3.44730463e+002 1.72490004e+002 1.07977089e+002
61412.84234954 0.000000 0.000000 0.000000 5.21914122e+008 3.97739896e+008 1.94583052e+008 4.56798067e+007 1.38746121e+007 6.04739108e+006 3.04448908e+006 1.36606934e+006 6.24925703e+005 2.49600174e+005 1.07816914e+005 5.00604017e+004 2.21684367e+004 1.00021475e+004 4.15840947e+003 2.00195183e+003 1.08194127e+003 7.11483319e+002 4.17031706e+002 2.03872927e+002 1.26792460e+002
61413.00435185 0.000000 0.000000 0.000000 5.84638776e+008 3.97055990e+008 1.16628241e+008 1.56594504e+007 1.85922774e+006 4.09290269e+005 1.18607211e+005 3.38658916e+004 9.75207575e+003 2.87323819e+003 1.00578837e+003 3.68762794e+002 1.52095987e+002 6.12628370e+001 2.57616153e+001 1.16696301e+001 6.46186545e+000 3.93863495e+000 1.99133966e+000 7.02300240e-001 3.55646944e-001
61413.16635417 0.000000 0.000000 0.000000 1.40692196e+008 1.09919525e+008 2.84659479e+007 2.10988402e+006 8.57092276e+004 9.35351180e+003 1.94255429e+003 5.12306739e+002 1.10376912e+002 2.14384557e+001 6.00069748e+000 2.23419446e+000 1.02867093e+000 4.32242048e-001 1.70906473e-001 6.09401720e-002 2.85328965e-002 1.78410364e-002 8.77335743e-003 1.03014346e-003 1.95167129e-006
61413.32835648 0.000000 0.000000 0.000000 9.48442022e+008 6.33030265e+008 1.70858460e+008 1.97061659e+007 1.81893855e+006 2.90106120e+005 7.32474747e+004 2.10662092e+004 5.89097117e+003 1.56328467e+003 5.28432021e+002 1.99263327e+002 8.49976851e+001 3.43795109e+001 1.37134684e+001 5.71990867e+000 3.03162727e+000 1.83196532e+000 9.39176637e-001 3.40483567e-001 1.73780917e-001
61413.49035880 0.000000 0.000000 0.000000 7.36477332e+008 4.96298084e+008 1.91581880e+008 3.73652042e+007 1.13547258e+007 4.53731681e+006 1.89527811e+006 7.40548259e+005 4.17432024e+005 1.72491842e+005 7.03800665e+004 3.06439417e+004 1.27658975e+004 5.29675371e+003 1.94774466e+003 8.02899693e+002 3.92467022e+002 2.44582634e+002 1.38330261e+002 6.07716983e+001 3.50893698e+001
61413.65236111 0.000000 0.000000 0.000000 8.60661384e+008 5.66323964e+008 1.73272935e+008 2.57904364e+007 7.15941507e+006 2.94864547e+006 1.26962291e+006 5.25396188e+005 2.87004735e+005 1.09772995e+005 4.34046896e+004 1.87791877e+004 7.97162236e+003 3.36118205e+003 1.23365462e+003 4.96717797e+002 2.37982285e+002 1.47545522e+002 8.45927718e+001 3.80542334e+001 2.23153980e+001
61413.81436343 0.000000 0.000000 0.000000 4.93351567e+007 3.63283914e+007 9.57234395e+006 6.26332996e+005 2.82324178e+004 3.19519184e+003 6.54457902e+002 1.68698108e+002 4.29306637e+001 1.02875511e+001 3.65946560e+000 1.65216276e+000 8.72735337e-001 4.04933604e-001 1.79484841e-001 7.94237539e-002 4.58499410e-002 3.14862496e-002 1.75582713e-002 6.61151170e-003 2.26190675e-003
61413.97636574 0.000000 0.000000 0.000000 0.00000000e+000 0.00000000e+000 0.00000000e+000 0.00000000e+000 0.00000000e+000 0.00000000e+000 0.00000000e+000 0.00000000e+000 0.00000000e+000 0.00000000e+000 0.00000000e+000 0.00000000e+000 0.00000000e+000 0.00000000e+000 0.00000000e+000 0.00000000e+000 0.00000000e+000 0.00000000e+000 0.00000000e+000 0.00000000e+000 0.00000000e+000
61414.13836806 0.000000 0.000000 0.000000 0.00000000e+000 0.00000000e+000 0.00000000e+000 0.00000000e+000 0.00000000e+000 0.00000000e+000 0.00000000e+000 0.00000000e+000 0.00000000e+000 0.00000000e+000 0.00000000e+000 0.00000000e+000 0.00000000e+000 0.00000000e+000 0.00000000e+000 0.00000000e+000 0.00000000e+000 0.00000000e+000 0.00000000e+000 0.00000000e+000 0.00000000e+000
61414.30037037 0.000000 0.000000 0.000000 8.02302794e+007 5.58252017e+007 1.41049534e+007 5.22000077e+005 2.36090812e+004 2.73296154e+003 4.71183581e+002 1.00419841e+002 2.83296098e+001 1.00938061e+001 5.64696992e+000 3.47336380e+000 2.10218736e+000 1.03997234e+000 4.73095997e-001 2.14450968e-001 1.22541574e-001 8.42898038e-002 4.70510715e-002 1.51047378e-002 2.77521636e-003
61414.46237269 0.000000 0.000000 0.000000 4.02620616e+008 3.02148141e+008 1.09805687e+008 3.29733083e+007 1.16634553e+007 5.24331458e+006 2.51049651e+006 8.16383455e+005 2.34241945e+005 6.73838578e+004 2.39941056e+004 9.51213046e+003 3.87961915e+003 1.63463030e+003 6.42286268e+002 2.83025474e+002 1.48035555e+002 9.69259536e+001 5.64525437e+001 2.77703916e+001 1.77220175e+001
61414.62437500 0.000000 0.000000 0.000000 2.13876413e+008 1.92879361e+008 1.03725645e+008 3.40740798e+007 9.20717790e+006 3.52697607e+006 1.62112588e+006 5.37971381e+005 1.61142016e+005 4.69169915e+004 1.65450300e+004 6.52043720e+003 2.69419626e+003 1.15100209e+003 4.56421545e+002 2.00103902e+002 1.04313799e+002 6.81265837e+001 3.98051310e+001 1.98199277e+001 1.27489672e+001
61414.78637731 0.000000 0.000000 0.000000 1.64194889e+007 1.11300102e+007 3.22585704e+006 3.53921571e+005 3.87695540e+004 5.83980053e+003 1.24696907e+003 3.05382941e+002 8.59690894e+001 3.13525598e+001 1.81566550e+001 1.11539387e+001 6.94805801e+000 3.76950071e+000 1.93388175e+000 1.00413129e+000 6.43675254e-001 4.75565304e-001 2.97506082e-001 1.49639180e-001 7.68869483e-002
61414.94837963 0.000000 0.000000 0.000000 0.00000000e+000 0.00000000e+000 0.00000000e+000 0.00000000e+000 0.00000000e+000 0.00000000e+000 0.00000000e+000 0.00000000e+000 0.00000000e+000 0.00000000e+000 0.00000000e+000 0.00000000e+000 0.00000000e+000 0.00000000e+000 0.00000000e+000 0.00000000e+000 0.00000000e+000 0.00000000e+000 0.00000000e+000 0.00000000e+000 0.00000000e+000
61415.11038194 0.000000 0.000000 0.000000 0.00000000e+000 0.00000000e+000 0.00000000e+000 0.00000000e+000 0.00000000e+000 0.00000000e+000 0.00000000e+000 0.00000000e+000 0.00000000e+000 0.00000000e+000 0.00000000e+000 0.00000000e+000 0.00000000e+000 0.00000000e+000 0.00000000e+000 0.00000000e+000 0.00000000e+000 0.00000000e+000 0.00000000e+000 0.00000000e+000 0.00000000e+000
61415.27238426 0.000000 0.000000 0.000000 0.00000000e+000 0.00000000e+000 0.00000000e+000 0.00000000e+000 0.00000000e+000 0.00000000e+000 0.00000000e+000 0.00000000e+000 0.00000000e+000 0.00000000e+000 0.00000000e+000 0.00000000e+000 0.00000000e+000 0.00000000e+000 0.00000000e+000 0.00000000e+000 0.00000000e+000 0.00000000e+000 0.00000000e+000 0.00000000e+000 0.00000000e+000
61415.43438657 0.000000 0.000000 0.000000 0.00000000e+000 0.00000000e+000 0.00000000e+000 0.00000000e+000 0.00000000e+000 0.00000000e+000 0.00000000e+000 0.00000000e+000 0.00000000e+000 0.00000000e+000 0.00000000e+000 0.00000000e+000 0.00000000e+000 0.00000000e+000 0.00000000e+000 0.00000000e+000 0.00000000e+000 0.00000000e+000 0.00000000e+000 0.00000000e+000 0.00000000e+000
61415.59638889 0.000000 0.000000 0.000000 0.00000000e+000 0.00000000e+000 0.00000000e+000 0.00000000e+000 0.00000000e+000 0.00000000e+000 0.00000000e+000 0.00000000e+000 0.00000000e+000 0.00000000e+000 0.00000000e+000 0.00000000e+000 0.00000000e+000 0.00000000e+000 0.00000000e+000 0.00000000e+000 0.00000000e+000 0.00000000e+000 0.00000000e+000 0.00000000e+000 0.00000000e+000
61415.75839120 0.000000 0.000000 0.000000 9.61718518e+004 8.61500433e+004 2.99656683e+004 1.00045558e+004 2.77268580e+003 4.26104625e+002 1.12455399e+002 3.69509326e+001 1.07963661e+001 3.52460261e+000 1.48975650e+000 7.36323885e-001 4.34603595e-001 2.14035179e-001 1.19131893e-001 2.13376124e-002 -3.02714406e-004 -2.10318377e-004 -1.06946010e-004 0.00000000e+000 0.00000000e+000
61415.92039352 0.000000 0.000000 0.000000 1.81290680e+007 1.72504971e+007 8.39428309e+006 3.49692638e+006 1.88693264e+006 7.61427630e+005 3.11019894e+005 1.16326501e+005 4.20335375e+004 1.36244481e+004 4.94735308e+003 2.07905295e+003 9.62391179e+002 4.40103343e+002 1.82054100e+002 8.19896729e+001 4.34833526e+001 2.86909860e+001 1.67667061e+001 8.64003328e+000 5.52017450e+000
61416.08239583 0.000000 0.000000 0.000000 7.94371582e+007 8.41355738e+007 4.75029677e+007 1.51880608e+007 5.87612330e+006 2.75036530e+006 1.37270950e+006 5.87334315e+005 2.34053845e+005 8.11598274e+004 3.10965570e+004 1.30470809e+004 5.70743812e+003 2.50694123e+003 9.39104630e+002 3.81283731e+002 1.90729402e+002 1.27475459e+002 7.80750725e+001 4.02970298e+001 2.63894537e+001
61416.24439815 0.000000 0.000000 0.000000 5.99597501e+006 6.25882771e+006 2.49348506e+006 2.51047447e+005 4.60694396e+004 8.34726105e+003 2.07341744e+003 5.70240370e+002 1.50199994e+002 4.79902341e+001 2.29537909e+001 1.27811005e+001 8.00865339e+000 4.53265528e+000 2.34802575e+000 1.19954889e+000 7.24321836e-001 4.94908916e-001 2.81845202e-001 1.06833926e-001 4.40563861e-002
61416.40640046 0.000000 0.000000 0.000000 0.00000000e+000 0.00000000e+000 0.00000000e+000 0.00000000e+000 0.00000000e+000 0.00000000e+000 0.00000000e+000 0.00000000e+000 0.00000000e+000 0.00000000e+000 0.00000000e+000 0.00000000e+000 0.00000000e+000 0.00000000e+000 0.00000000e+000 0.00000000e+000 0.00000000e+000 0.00000000e+000 0.00000000e+000 0.00000000e+000 0.00000000e+000
61416.56840278 0.000000 0.000000 0.000000 0.00000000e+000 0.00000000e+000 0.00000000e+000 0.00000000e+000 0.00000000e+000 0.00000000e+000 0.00000000e+000 0.00000000e+000 0.00000000e+000 0.00000000e+000 0.00000000e+000 0.00000000e+000 0.00000000e+000 0.00000000e+000 0.00000000e+000 0.00000000e+000 0.00000000e+000 0.00000000e+000 0.00000000e+000 0.00000000e+000 0.00000000e+000
61416.73040509 0.000000 0.000000 0.000000 0.00000000e+000 0.00000000e+000 0.00000000e+000 0.00000000e+000 0.00000000e+000 0.00000000e+000 0.00000000e+000 0.00000000e+000 0.00000000e+000 0.00000000e+000 0.00000000e+000 0.00000000e+000 0.00000000e+000 0.00000000e+000 0.00000000e+000 0.00000000e+000 0.00000000e+000 0.00000000e+000 0.00000000e+000 0.00000000e+000 0.00000000e+000
61416.89240741 0.000000 0.000000 0.000000 0.00000000e+000 0.00000000e+000 0.00000000e+000 0.00000000e+000 0.00000000e+000 0.00000000e+000 0.00000000e+000 0.00000000e+000 0.00000000e+000 0.00000000e+000 0.00000000e+000 0.00000000e+000 0.00000000e+000 0.00000000e+000 0.00000000e+000 0.00000000e+000 0.00000000e+000 0.00000000e+000 0.00000000e+000 0.00000000e+000 0.00000000e+000
61417.05440972 0.000000 0.000000 0.000000 0.00000000e+000 0.00000000e+000 0.00000000e+000 0.00000000e+000 0.00000000e+000 0.00000000e+000 0.00000000e+000 0.00000000e+000 0.00000000e+000 0.00000000e+000 0.00000000e+000 0.00000000e+000 0.00000000e+000 0.00000000e+000 0.00000000e+000 0.00000000e+000 0.00000000e+000 0.00000000e+000 0.00000000e+000 0.00000000e+000 0.00000000e+000
61417.21641204 0.000000 0.000000 0.000000 0.00000000e+000 0.00000000e+000 0.00000000e+000 0.00000000e+000 0.00000000e+000 0.00000000e+000 0.00000000e+000 0.00000000e+000 0.00000000e+000 0.00000000e+000 0.00000000e+000 0.00000000e+000 0.00000000e+000 0.00000000e+000 0.00000000e+000 0.00000000e+000 0.00000000e+000 0.00000000e+000 0.00000000e+000 0.00000000e+000 0.00000000e+000
61417.37841435 0.000000 0.000000 0.000000 0.00000000e+000 0.00000000e+000 0.00000000e+000 0.00000000e+000 0.00000000e+000 0.00000000e+000 0.00000000e+000 0.00000000e+000 0.00000000e+000 0.00000000e+000 0.00000000e+000 0.00000000e+000 0.00000000e+000 0.00000000e+000 0.00000000e+000 0.00000000e+000 0.00000000e+000 0.00000000e+000 0.00000000e+000 0.00000000e+000 0.00000000e+000
61417.54041667 0.000000 0.000000 0.000000 0.00000000e+000 0.00000000e+000 0.00000000e+000 0.00000000e+000 0.00000000e+000 0.00000000e+000 0.00000000e+000 0.00000000e+000 0.00000000e+000 0.00000000e+000 0.00000000e+000 0.00000000e+000 0.00000000e+000 0.00000000e+000 0.00000000e+000 0.00000000e+000 0.00000000e+000 0.00000000e+000 0.00000000e+000 0.00000000e+000 0.00000000e+000
61417.70241898 0.000000 0.000000 0.000000 0.00000000e+000 0.00000000e+000 0.00000000e+000 0.00000000e+000 0.00000000e+000 0.00000000e+000 0.00000000e+000 0.00000000e+000 0.00000000e+000 0.00000000e+000 0.00000000e+000 0.00000000e+000 0.00000000e+000 0.00000000e+000 0.00000000e+000 0.00000000e+000 0.00000000e+000 0.00000000e+000 0.00000000e+000 0.00000000e+000 0.00000000e+000
61417.86442130 0.000000 0.000000 0.000000 0.00000000e+000 0.00000000e+000 0.00000000e+000 0.00000000e+000 0.00000000e+000 0.00000000e+000 0.00000000e+000 0.00000000e+000 0.00000000e+000 0.00000000e+000 0.00000000e+000 0.00000000e+000 0.00000000e+000 0.00000000e+000 0.00000000e+000 0.00000000e+000 0.00000000e+000 0.00000000e+000 0.00000000e+000 0.00000000e+000 0.00000000e+000
61418.02642361 0.000000 0.000000 0.000000 0.00000000e+000 0.00000000e+000 0.00000000e+000 0.00000000e+000 0.00000000e+000 0.00000000e+000 0.00000000e+000 0.00000000e+000 0.00000000e+000 0.00000000e+000 0.00000000e+000 0.00000000e+000 0.00000000e+000 0.00000000e+000 0.00000000e+000 0.00000000e+000 0.00000000e+000 0.00000000e+000 0.00000000e+000 0.00000000e+000 0.00000000e+000
61418.18842593 0.000000 0.000000 0.000000 2.95722535e+003 2.85389361e+003 5.05225405e+002 -2.70363840e+001 -1.46308053e+000 7.82659621e-002 5.70364832e-002 1.88895401e-002 1.18525397e-003 -9.09535668e-004 -6.41874221e-003 -9.97572186e-004 -6.19831563e-004 0.00000000e+000 0.00000000e+000 0.00000000e+000 0.00000000e+000 0.00000000e+000 0.00000000e+000 0.00000000e+000 0.00000000e+000
61418.35042824 0.000000 0.000000 0.000000 4.81915490e+007 4.66968060e+007 2.09646333e+007 6.98746234e+006 1.90349541e+006 5.86901436e+005 1.99081421e+005 5.67584562e+004 1.43161855e+004 3.67383048e+003 1.13951432e+003 4.30181428e+002 2.03291611e+002 9.82591120e+001 4.93230737e+001 2.68603535e+001 1.71953869e+001 1.21292206e+001 7.16081020e+000 3.45535956e+000 2.06635269e+000
61418.51243056 0.000000 0.000000 0.000000 1.23125635e+008 1.62612434e+008 1.12182916e+008 5.59432802e+007 1.92043378e+007 8.55525012e+006 4.31097874e+006 1.37011216e+006 2.85970038e+005 6.13780861e+004 1.71143196e+004 5.72261925e+003 2.16708585e+003 9.00412011e+002 3.71271992e+002 1.72149431e+002 9.40589573e+001 6.32161705e+001 3.72178949e+001 1.93712456e+001 1.27553477e+001
61418.67443287 0.000000 0.000000 0.000000 3.29840301e+007 3.09186237e+007 1.31372202e+007 3.13667568e+006 6.58291430e+005 1.66378829e+005 4.85540842e+004 1.23001792e+004 2.92367783e+003 7.59215768e+002 2.73734582e+002 1.19752479e+002 6.32654249e+001 3.25371417e+001 1.66027819e+001 8.78940436e+000 5.48008443e+000 3.78988096e+000 2.21270857e+000 9.94634817e-001 5.47788001e-001
61418.83643519 0.000000 0.000000 0.000000 0.00000000e+000 0.00000000e+000 0.00000000e+000 0.00000000e+000 0.00000000e+000 0.00000000e+000 0.00000000e+000 0.00000000e+000 0.00000000e+000 0.00000000e+000 0.00000000e+000 0.00000000e+000 0.00000000e+000 0.00000000e+000 0.00000000e+000 0.00000000e+000 0.00000000e+000 0.00000000e+000 0.00000000e+000 0.00000000e+000 0.00000000e+000
61418.99843750 0.000000 0.000000 0.000000 0.00000000e+000 0.00000000e+000 0.00000000e+000 0.00000000e+000 0.00000000e+000 0.00000000e+000 0.00000000e+000 0.00000000e+000 0.00000000e+000 0.00000000e+000 0.00000000e+000 0.00000000e+000 0.00000000e+000 0.00000000e+000 0.00000000e+000 0.00000000e+000 0.00000000e+000 0.00000000e+000 0.00000000e+000 0.00000000e+000 0.00000000e+000
61419.16043981 0.000000 0.000000 0.000000 0.00000000e+000 0.00000000e+000 0.00000000e+000 0.00000000e+000 0.00000000e+000 0.00000000e+000 0.00000000e+000 0.00000000e+000 0.00000000e+000 0.00000000e+000 0.00000000e+000 0.00000000e+000 0.00000000e+000 0.00000000e+000 0.00000000e+000 0.00000000e+000 0.00000000e+000 0.00000000e+000 0.00000000e+000 0.00000000e+000 0.00000000e+000
61419.32244213 0.000000 0.000000 0.000000 0.00000000e+000 0.00000000e+000 0.00000000e+000 0.00000000e+000 0.00000000e+000 0.00000000e+000 0.00000000e+000 0.00000000e+000 0.00000000e+000 0.00000000e+000 0.00000000e+000 0.00000000e+000 0.00000000e+000 0.00000000e+000 0.00000000e+000 0.00000000e+000 0.00000000e+000 0.00000000e+000 0.00000000e+000 0.00000000e+000 0.00000000e+000
61419.48444444 0.000000 0.000000 0.000000 0.00000000e+000 0.00000000e+000 0.00000000e+000 0.00000000e+000 0.00000000e+000 0.00000000e+000 0.00000000e+000 0.00000000e+000 0.00000000e+000 0.00000000e+000 0.00000000e+000 0.00000000e+000 0.00000000e+000 0.00000000e+000 0.00000000e+000 0.00000000e+000 0.00000000e+000 0.00000000e+000 0.00000000e+000 0.00000000e+000 0.00000000e+000
61419.64644676 0.000000 0.000000 0.000000 0.00000000e+000 0.00000000e+000 0.00000000e+000 0.00000000e+000 0.00000000e+000 0.00000000e+000 0.00000000e+000 0.00000000e+000 0.00000000e+000 0.00000000e+000 0.00000000e+000 0.00000000e+000 0.00000000e+000 0.00000000e+000 0.00000000e+000 0.00000000e+000 0.00000000e+000 0.00000000e+000 0.00000000e+000 0.00000000e+000 0.00000000e+000
61419.80844907 0.000000 0.000000 0.000000 0.00000000e+000 0.00000000e+000 0.00000000e+000 0.00000000e+000 0.00000000e+000 0.00000000e+000 0.00000000e+000 0.00000000e+000 0.00000000e+000 0.00000000e+000 0.00000000e+000 0.00000000e+000 0.00000000e+000 0.00000000e+000 0.00000000e+000 0.00000000e+000 0.00000000e+000 0.00000000e+000 0.00000000e+000 0.00000000e+000 0.00000000e+000
61419.97045139 0.000000 0.000000 0.000000 0.00000000e+000 0.00000000e+000 0.00000000e+000 0.00000000e+000 0.00000000e+000 0.00000000e+000 0.00000000e+000 0.00000000e+000 0.00000000e+000 0.00000000e+000 0.00000000e+000 0.00000000e+000 0.00000000e+000 0.00000000e+000 0.00000000e+000 0.00000000e+000 0.00000000e+000 0.00000000e+000 0.00000000e+000 0.00000000e+000 0.00000000e+000
61420.13245370 0.000000 0.000000 0.000000 0.00000000e+000 0.00000000e+000 0.00000000e+000 0.00000000e+000 0.00000000e+000 0.00000000e+000 0.00000000e+000 0.00000000e+000 0.00000000e+000 0.00000000e+000 0.00000000e+000 0.00000000e+000 0.00000000e+000 0.00000000e+000 0.00000000e+000 0.00000000e+000 0.00000000e+000 0.00000000e+000 0.00000000e+000 0.00000000e+000 0.00000000e+000
61420.29445602 0.000000 0.000000 0.000000 0.00000000e+000 0.00000000e+000 0.00000000e+000 0.00000000e+000 0.00000000e+000 0.00000000e+000 0.00000000e+000 0.00000000e+000 0.00000000e+000 0.00000000e+000 0.00000000e+000 0.00000000e+000 0.00000000e+000 0.00000000e+000 0.00000000e+000 0.00000000e+000 0.00000000e+000 0.00000000e+000 0.00000000e+000 0.00000000e+000 0.00000000e+000
61420.45645833 0.000000 0.000000 0.000000 0.00000000e+000 0.00000000e+000 0.00000000e+000 0.00000000e+000 0.00000000e+000 0.00000000e+000 0.00000000e+000 0.00000000e+000 0.00000000e+000 0.00000000e+000 0.00000000e+000 0.00000000e+000 0.00000000e+000 0.00000000e+000 0.00000000e+000 0.00000000e+000 0.00000000e+000 0.00000000e+000 0.00000000e+000 0.00000000e+000 0.00000000e+000
61420.55915852 0.000000 0.000000 0.000000 0.00000000e+000 0.00000000e+000 0.00000000e+000 0.00000000e+000 0.00000000e+000 0.00000000e+000 0.00000000e+000 0.00000000e+000 0.00000000e+000 0.00000000e+000 0.00000000e+000 0.00000000e+000 0.00000000e+000 0.00000000e+000 0.00000000e+000 0.00000000e+000 0.00000000e+000 0.00000000e+000 0.00000000e+000 0.00000000e+000 0.00000000e+000
