# Ae9Ap9 Model output file: MoonBEAM_trajectory_trade/Rp18408_COM_8per90prop30inc_Tran.AE9.output_mc_fluxIntvAvg_030.txt
# Ae9Ap9 Software Version:  1.50.001
#
# Model type:               AE9
# Particle species:         e-
# Flux type:                1PtDiff
# Flux direction:           Omnidirectional
# Energy levels (MeV):       0.04 0.07 0.1 0.25 0.5 0.75 1 1.5 2 2.5 3 3.5 4 4.5 5 5.5 6 6.5 7 8.5 10
#
# Accumulation mode:        Interval, length = 13997 seconds (0.162002 days)
#
# Time format:              Modified Julian Date
# Coordinate system:        GEI (Geocentric Equatorial Inertial) Cartesian in km
# Data Delimiter:           space
#
# datetime(mjd),posx(km),posy(km),posz(km),flux,flux,flux,flux,flux,flux,flux,flux,flux,flux,flux,flux,flux,flux,flux,flux,flux,flux,flux,flux,flux(#/cm^2/s/MeV)
61411.87033565 0.000000 0.000000 0.000000 1.58978549e+008 1.22397585e+008 5.45273906e+007 1.25844299e+007 3.71073676e+006 1.43853286e+006 5.89008464e+005 2.20214859e+005 7.55754417e+004 2.82656853e+004 1.27335999e+004 5.69392188e+003 2.48950186e+003 1.07449455e+003 5.03274052e+002 2.86183504e+002 1.93198071e+002 1.41560691e+002 8.64605007e+001 4.72138693e+001 3.17010052e+001
61412.03233796 0.000000 0.000000 0.000000 1.81875943e+007 2.06293437e+007 1.37408075e+007 1.19804717e+007 4.58301455e+006 1.42885050e+006 4.73615366e+005 1.69677309e+005 5.62185885e+004 2.04264728e+004 8.82162897e+003 4.03455472e+003 1.97964397e+003 9.48639315e+002 4.89241530e+002 2.95576211e+002 2.09351177e+002 1.58163313e+002 9.92045624e+001 5.79387892e+001 4.13373031e+001
61412.19434028 0.000000 0.000000 0.000000 3.91241182e+007 2.91655517e+007 1.03105423e+007 5.96594897e+006 2.73969487e+006 9.62381905e+005 3.69985127e+005 1.32506769e+005 4.42468489e+004 1.56862846e+004 6.34086722e+003 2.63628029e+003 1.21485959e+003 5.62641728e+002 2.54519139e+002 1.23067797e+002 7.00253539e+001 4.72943239e+001 2.81382255e+001 1.53181612e+001 1.04371388e+001
61412.35634259 0.000000 0.000000 0.000000 9.44663454e+006 1.15494019e+007 8.52979913e+006 7.50255225e+006 3.00290015e+006 8.97158083e+005 2.99900391e+005 1.00551286e+005 3.23733009e+004 1.12604916e+004 4.58489335e+003 1.95526326e+003 9.45850103e+002 4.61131730e+002 2.27413510e+002 1.21548193e+002 7.54396621e+001 5.31642768e+001 3.24994722e+001 1.84685427e+001 1.28698466e+001
61412.51834491 0.000000 0.000000 0.000000 7.12152819e+006 9.37221044e+006 6.94701775e+006 4.55300212e+006 1.12944333e+006 2.37640487e+005 5.94181714e+004 1.51009383e+004 3.86799383e+003 1.31697633e+003 6.52032976e+002 3.59839629e+002 2.23282468e+002 1.25393136e+002 6.81976214e+001 3.84299420e+001 2.63513176e+001 2.00652870e+001 1.30441516e+001 7.67634810e+000 5.37500292e+000
61412.68034722 0.000000 0.000000 0.000000 6.91817502e+006 6.64258901e+006 5.04192020e+006 4.87609589e+006 2.30143529e+006 8.56035244e+005 3.31850431e+005 1.34697749e+005 5.25919577e+004 2.14681635e+004 9.56886530e+003 4.16530403e+003 1.83911591e+003 8.09416085e+002 3.75071701e+002 2.00132017e+002 1.25909768e+002 8.82747020e+001 5.26466230e+001 2.72697496e+001 1.76585073e+001
61412.84234954 0.000000 0.000000 0.000000 2.73822873e+008 1.88018482e+008 7.60421874e+007 5.53455344e+006 9.98252637e+005 4.07477940e+005 1.74428906e+005 7.77405931e+004 3.39183974e+004 1.50086413e+004 6.92121827e+003 3.02576654e+003 1.30057369e+003 5.60409645e+002 2.54081273e+002 1.31842814e+002 7.95962686e+001 5.41292913e+001 3.18034032e+001 1.60196831e+001 1.01286743e+001
61413.00435185 0.000000 0.000000 0.000000 2.85290664e+006 4.14651088e+006 3.36708629e+006 2.27266368e+006 7.06321088e+005 1.85738893e+005 5.40906002e+004 1.64772642e+004 4.70647298e+003 1.55224987e+003 6.29441589e+002 2.84018254e+002 1.52816015e+002 7.71412113e+001 3.89951377e+001 2.11384776e+001 1.38719864e+001 9.98480004e+000 6.08999191e+000 3.13242072e+000 1.97309066e+000
61413.16635417 0.000000 0.000000 0.000000 5.05522640e+005 6.90171351e+005 4.03246271e+005 1.84497240e+005 3.07998500e+004 4.05245148e+003 7.72833086e+002 1.55926562e+002 3.60200494e+001 1.26684676e+001 6.56843015e+000 3.88853774e+000 2.54851989e+000 1.47398364e+000 8.25784367e-001 4.21789822e-001 2.42708837e-001 1.78432375e-001 1.08702419e-001 1.94987965e-002 3.38369267e-005
61413.32835648 0.000000 0.000000 0.000000 1.11453105e+007 1.26339159e+007 7.49378073e+006 2.57167265e+006 4.64561780e+005 9.27386105e+004 2.08176790e+004 4.51644745e+003 9.98032888e+002 2.94403787e+002 1.20077951e+002 6.01580495e+001 3.73908017e+001 2.01325536e+001 1.03976488e+001 5.57813311e+000 3.79288647e+000 2.86122087e+000 1.85212666e+000 1.02237322e+000 6.43877245e-001
61413.49035880 0.000000 0.000000 0.000000 1.34858942e+008 9.94487082e+007 3.94163187e+007 5.33977772e+006 9.56103815e+005 2.97744199e+005 1.13225465e+005 4.38768110e+004 1.27569883e+004 3.94068129e+003 1.52839480e+003 6.25566761e+002 2.87764811e+002 1.40643367e+002 7.44858966e+001 4.21021244e+001 2.67986820e+001 1.87287503e+001 1.15109883e+001 6.52382053e+000 4.54214193e+000
61413.65236111 0.000000 0.000000 0.000000 3.92443252e+007 3.17306997e+007 1.46963671e+007 4.33077207e+006 9.09547443e+005 2.46533416e+005 8.27060662e+004 2.81895188e+004 6.53821837e+003 1.83897634e+003 6.93307492e+002 2.85272649e+002 1.39944742e+002 7.22482901e+001 4.00185816e+001 2.28659176e+001 1.48529557e+001 1.05523797e+001 6.61771379e+000 3.84918418e+000 2.72418193e+000
61413.81436343 0.000000 0.000000 0.000000 2.09389857e+006 1.96355584e+006 8.05107165e+005 1.32883751e+005 1.19672708e+004 1.48505951e+003 2.43204036e+002 3.29580844e+001 5.73795014e+000 1.97224394e+000 1.16481295e+000 7.55741369e-001 5.16408523e-001 2.88926313e-001 1.63003006e-001 9.32294194e-002 6.59001626e-002 5.16587214e-002 3.45631886e-002 1.83698839e-002 8.03056294e-003
61413.97636574 0.000000 0.000000 0.000000 0.00000000e+000 0.00000000e+000 0.00000000e+000 0.00000000e+000 0.00000000e+000 0.00000000e+000 0.00000000e+000 0.00000000e+000 0.00000000e+000 0.00000000e+000 0.00000000e+000 0.00000000e+000 0.00000000e+000 0.00000000e+000 0.00000000e+000 0.00000000e+000 0.00000000e+000 0.00000000e+000 0.00000000e+000 0.00000000e+000 0.00000000e+000
61414.13836806 0.000000 0.000000 0.000000 0.00000000e+000 0.00000000e+000 0.00000000e+000 0.00000000e+000 0.00000000e+000 0.00000000e+000 0.00000000e+000 0.00000000e+000 0.00000000e+000 0.00000000e+000 0.00000000e+000 0.00000000e+000 0.00000000e+000 0.00000000e+000 0.00000000e+000 0.00000000e+000 0.00000000e+000 0.00000000e+000 0.00000000e+000 0.00000000e+000 0.00000000e+000
61414.30037037 0.000000 0.000000 0.000000 2.98404968e+007 1.95460863e+007 5.07888294e+006 4.54373283e+005 2.18959695e+004 2.01908892e+003 2.50110001e+002 3.21654648e+001 6.15010471e+000 2.05515324e+000 1.15898115e+000 6.83037296e-001 4.11143807e-001 1.95369190e-001 9.52917645e-002 4.89157786e-002 3.40026809e-002 2.99321672e-002 2.28668138e-002 1.54233271e-002 3.64548618e-003
61414.46237269 0.000000 0.000000 0.000000 2.64525738e+008 1.49812183e+008 4.08678311e+007 4.23382606e+006 3.34019508e+005 5.75923985e+004 1.37746079e+004 4.00871358e+003 9.40196028e+002 2.06679053e+002 6.02150698e+001 2.15264032e+001 1.00939108e+001 5.06958917e+000 2.86515034e+000 1.63739728e+000 1.09684116e+000 8.01307390e-001 5.40382697e-001 3.74446046e-001 3.00461807e-001
61414.62437500 0.000000 0.000000 0.000000 4.13835146e+008 2.46718613e+008 8.55633709e+007 1.04511778e+007 7.71371438e+005 6.23524993e+004 1.17085198e+004 3.27733062e+003 8.46128467e+002 1.91161234e+002 4.90216636e+001 1.49421726e+001 6.08230154e+000 2.94332875e+000 1.68542705e+000 1.00625415e+000 6.93460703e-001 5.11576581e-001 3.46911213e-001 2.44200561e-001 2.00558463e-001
61414.78637731 0.000000 0.000000 0.000000 5.56726710e+007 3.03740708e+007 6.39225917e+006 4.26254382e+005 1.44253137e+004 1.02739886e+003 1.15064834e+002 1.47445520e+001 2.62626473e+000 7.30315738e-001 4.00744518e-001 2.45506225e-001 1.50165407e-001 6.95107441e-002 3.51574176e-002 2.04878557e-002 1.84932157e-002 1.91908081e-002 1.67919318e-002 1.81720580e-002 1.53089503e-002
61414.94837963 0.000000 0.000000 0.000000 0.00000000e+000 0.00000000e+000 0.00000000e+000 0.00000000e+000 0.00000000e+000 0.00000000e+000 0.00000000e+000 0.00000000e+000 0.00000000e+000 0.00000000e+000 0.00000000e+000 0.00000000e+000 0.00000000e+000 0.00000000e+000 0.00000000e+000 0.00000000e+000 0.00000000e+000 0.00000000e+000 0.00000000e+000 0.00000000e+000 0.00000000e+000
61415.11038194 0.000000 0.000000 0.000000 0.00000000e+000 0.00000000e+000 0.00000000e+000 0.00000000e+000 0.00000000e+000 0.00000000e+000 0.00000000e+000 0.00000000e+000 0.00000000e+000 0.00000000e+000 0.00000000e+000 0.00000000e+000 0.00000000e+000 0.00000000e+000 0.00000000e+000 0.00000000e+000 0.00000000e+000 0.00000000e+000 0.00000000e+000 0.00000000e+000 0.00000000e+000
61415.27238426 0.000000 0.000000 0.000000 0.00000000e+000 0.00000000e+000 0.00000000e+000 0.00000000e+000 0.00000000e+000 0.00000000e+000 0.00000000e+000 0.00000000e+000 0.00000000e+000 0.00000000e+000 0.00000000e+000 0.00000000e+000 0.00000000e+000 0.00000000e+000 0.00000000e+000 0.00000000e+000 0.00000000e+000 0.00000000e+000 0.00000000e+000 0.00000000e+000 0.00000000e+000
61415.43438657 0.000000 0.000000 0.000000 0.00000000e+000 0.00000000e+000 0.00000000e+000 0.00000000e+000 0.00000000e+000 0.00000000e+000 0.00000000e+000 0.00000000e+000 0.00000000e+000 0.00000000e+000 0.00000000e+000 0.00000000e+000 0.00000000e+000 0.00000000e+000 0.00000000e+000 0.00000000e+000 0.00000000e+000 0.00000000e+000 0.00000000e+000 0.00000000e+000 0.00000000e+000
61415.59638889 0.000000 0.000000 0.000000 0.00000000e+000 0.00000000e+000 0.00000000e+000 0.00000000e+000 0.00000000e+000 0.00000000e+000 0.00000000e+000 0.00000000e+000 0.00000000e+000 0.00000000e+000 0.00000000e+000 0.00000000e+000 0.00000000e+000 0.00000000e+000 0.00000000e+000 0.00000000e+000 0.00000000e+000 0.00000000e+000 0.00000000e+000 0.00000000e+000 0.00000000e+000
61415.75839120 0.000000 0.000000 0.000000 1.67519574e+006 7.49238836e+005 1.26042583e+005 1.07844964e+004 8.18631561e+002 7.56643888e+001 1.41336337e+001 4.15313134e+000 1.58667788e+000 7.46637542e-001 3.79190078e-001 1.79380885e-001 9.26283116e-002 3.33627222e-002 1.45872777e-002 2.22507968e-003 -5.30868203e-005 -4.47046264e-005 -2.52050008e-005 0.00000000e+000 0.00000000e+000
61415.92039352 0.000000 0.000000 0.000000 1.88321289e+008 9.73887385e+007 2.51030296e+007 4.78758089e+006 1.02524143e+006 2.38921344e+005 5.69164638e+004 1.04545355e+004 2.87859435e+003 1.00970779e+003 3.83414677e+002 1.44603569e+002 6.88437435e+001 3.45911826e+001 1.86239553e+001 1.01757785e+001 6.46959049e+000 4.58684675e+000 2.87912810e+000 1.69627878e+000 1.17043308e+000
61416.08239583 0.000000 0.000000 0.000000 3.78984730e+008 2.19327978e+008 6.82767002e+007 7.59059963e+006 1.09035208e+006 2.85876986e+005 8.07286910e+004 1.89180659e+004 5.73671366e+003 2.18198529e+003 9.92940960e+002 4.49449308e+002 2.21775827e+002 1.07892515e+002 5.22326048e+001 2.53284697e+001 1.44441990e+001 9.53533424e+000 5.67074493e+000 2.94158177e+000 1.87320427e+000
61416.24439815 0.000000 0.000000 0.000000 5.10483528e+007 2.85918935e+007 6.38523178e+006 5.66523613e+005 3.20911906e+004 3.02378503e+003 4.41472263e+002 7.29210233e+001 1.46787368e+001 5.18425038e+000 3.13094290e+000 2.06611343e+000 1.40102771e+000 7.66236187e-001 4.03864620e-001 2.19310022e-001 1.58668602e-001 1.31291624e-001 9.39067698e-002 6.23100666e-002 3.80661273e-002
61416.40640046 0.000000 0.000000 0.000000 0.00000000e+000 0.00000000e+000 0.00000000e+000 0.00000000e+000 0.00000000e+000 0.00000000e+000 0.00000000e+000 0.00000000e+000 0.00000000e+000 0.00000000e+000 0.00000000e+000 0.00000000e+000 0.00000000e+000 0.00000000e+000 0.00000000e+000 0.00000000e+000 0.00000000e+000 0.00000000e+000 0.00000000e+000 0.00000000e+000 0.00000000e+000
61416.56840278 0.000000 0.000000 0.000000 0.00000000e+000 0.00000000e+000 0.00000000e+000 0.00000000e+000 0.00000000e+000 0.00000000e+000 0.00000000e+000 0.00000000e+000 0.00000000e+000 0.00000000e+000 0.00000000e+000 0.00000000e+000 0.00000000e+000 0.00000000e+000 0.00000000e+000 0.00000000e+000 0.00000000e+000 0.00000000e+000 0.00000000e+000 0.00000000e+000 0.00000000e+000
61416.73040509 0.000000 0.000000 0.000000 0.00000000e+000 0.00000000e+000 0.00000000e+000 0.00000000e+000 0.00000000e+000 0.00000000e+000 0.00000000e+000 0.00000000e+000 0.00000000e+000 0.00000000e+000 0.00000000e+000 0.00000000e+000 0.00000000e+000 0.00000000e+000 0.00000000e+000 0.00000000e+000 0.00000000e+000 0.00000000e+000 0.00000000e+000 0.00000000e+000 0.00000000e+000
61416.89240741 0.000000 0.000000 0.000000 0.00000000e+000 0.00000000e+000 0.00000000e+000 0.00000000e+000 0.00000000e+000 0.00000000e+000 0.00000000e+000 0.00000000e+000 0.00000000e+000 0.00000000e+000 0.00000000e+000 0.00000000e+000 0.00000000e+000 0.00000000e+000 0.00000000e+000 0.00000000e+000 0.00000000e+000 0.00000000e+000 0.00000000e+000 0.00000000e+000 0.00000000e+000
61417.05440972 0.000000 0.000000 0.000000 0.00000000e+000 0.00000000e+000 0.00000000e+000 0.00000000e+000 0.00000000e+000 0.00000000e+000 0.00000000e+000 0.00000000e+000 0.00000000e+000 0.00000000e+000 0.00000000e+000 0.00000000e+000 0.00000000e+000 0.00000000e+000 0.00000000e+000 0.00000000e+000 0.00000000e+000 0.00000000e+000 0.00000000e+000 0.00000000e+000 0.00000000e+000
61417.21641204 0.000000 0.000000 0.000000 0.00000000e+000 0.00000000e+000 0.00000000e+000 0.00000000e+000 0.00000000e+000 0.00000000e+000 0.00000000e+000 0.00000000e+000 0.00000000e+000 0.00000000e+000 0.00000000e+000 0.00000000e+000 0.00000000e+000 0.00000000e+000 0.00000000e+000 0.00000000e+000 0.00000000e+000 0.00000000e+000 0.00000000e+000 0.00000000e+000 0.00000000e+000
61417.37841435 0.000000 0.000000 0.000000 0.00000000e+000 0.00000000e+000 0.00000000e+000 0.00000000e+000 0.00000000e+000 0.00000000e+000 0.00000000e+000 0.00000000e+000 0.00000000e+000 0.00000000e+000 0.00000000e+000 0.00000000e+000 0.00000000e+000 0.00000000e+000 0.00000000e+000 0.00000000e+000 0.00000000e+000 0.00000000e+000 0.00000000e+000 0.00000000e+000 0.00000000e+000
61417.54041667 0.000000 0.000000 0.000000 0.00000000e+000 0.00000000e+000 0.00000000e+000 0.00000000e+000 0.00000000e+000 0.00000000e+000 0.00000000e+000 0.00000000e+000 0.00000000e+000 0.00000000e+000 0.00000000e+000 0.00000000e+000 0.00000000e+000 0.00000000e+000 0.00000000e+000 0.00000000e+000 0.00000000e+000 0.00000000e+000 0.00000000e+000 0.00000000e+000 0.00000000e+000
61417.70241898 0.000000 0.000000 0.000000 0.00000000e+000 0.00000000e+000 0.00000000e+000 0.00000000e+000 0.00000000e+000 0.00000000e+000 0.00000000e+000 0.00000000e+000 0.00000000e+000 0.00000000e+000 0.00000000e+000 0.00000000e+000 0.00000000e+000 0.00000000e+000 0.00000000e+000 0.00000000e+000 0.00000000e+000 0.00000000e+000 0.00000000e+000 0.00000000e+000 0.00000000e+000
61417.86442130 0.000000 0.000000 0.000000 0.00000000e+000 0.00000000e+000 0.00000000e+000 0.00000000e+000 0.00000000e+000 0.00000000e+000 0.00000000e+000 0.00000000e+000 0.00000000e+000 0.00000000e+000 0.00000000e+000 0.00000000e+000 0.00000000e+000 0.00000000e+000 0.00000000e+000 0.00000000e+000 0.00000000e+000 0.00000000e+000 0.00000000e+000 0.00000000e+000 0.00000000e+000
61418.02642361 0.000000 0.000000 0.000000 0.00000000e+000 0.00000000e+000 0.00000000e+000 0.00000000e+000 0.00000000e+000 0.00000000e+000 0.00000000e+000 0.00000000e+000 0.00000000e+000 0.00000000e+000 0.00000000e+000 0.00000000e+000 0.00000000e+000 0.00000000e+000 0.00000000e+000 0.00000000e+000 0.00000000e+000 0.00000000e+000 0.00000000e+000 0.00000000e+000 0.00000000e+000
61418.18842593 0.000000 0.000000 0.000000 1.08552379e+004 8.12584830e+003 7.36914655e+002 -4.90306483e+001 -7.77864723e+000 -5.84583182e-001 -7.31163951e-002 4.42140085e-004 3.39599138e-003 1.72848236e-003 -5.13774776e-003 -8.88727556e-004 -5.95857097e-004 0.00000000e+000 0.00000000e+000 0.00000000e+000 0.00000000e+000 0.00000000e+000 0.00000000e+000 0.00000000e+000 0.00000000e+000
61418.35042824 0.000000 0.000000 0.000000 2.85797128e+008 2.22741486e+008 6.74476613e+007 1.06794784e+007 1.57898395e+006 3.96931764e+005 1.19797296e+005 3.18976588e+004 7.46644102e+003 1.86139067e+003 5.49830731e+002 2.23189624e+002 1.22476609e+002 6.53692722e+001 3.53752358e+001 2.00561266e+001 1.32506985e+001 9.60218066e+000 5.86684479e+000 2.97272453e+000 1.79763446e+000
61418.51243056 0.000000 0.000000 0.000000 2.99231424e+008 2.51917596e+008 1.08128825e+008 2.87675219e+007 6.44337278e+006 2.56416432e+006 1.08766958e+006 2.87484214e+005 5.46674647e+004 1.26634342e+004 4.08052208e+003 1.57004190e+003 6.94975221e+002 3.22457140e+002 1.56261301e+002 8.28763447e+001 5.02580105e+001 3.42924111e+001 2.00192316e+001 1.00158785e+001 6.07587307e+000
61418.67443287 0.000000 0.000000 0.000000 1.41767064e+008 1.18575683e+008 3.84688821e+007 6.84895288e+006 9.21301151e+005 1.96009321e+005 5.33289006e+004 1.27741275e+004 2.79732699e+003 7.07745444e+002 2.44423884e+002 1.10837722e+002 6.33244495e+001 3.46548440e+001 1.88078182e+001 1.03590777e+001 6.63243499e+000 4.69447017e+000 2.83815222e+000 1.36203051e+000 7.75115834e-001
61418.83643519 0.000000 0.000000 0.000000 0.00000000e+000 0.00000000e+000 0.00000000e+000 0.00000000e+000 0.00000000e+000 0.00000000e+000 0.00000000e+000 0.00000000e+000 0.00000000e+000 0.00000000e+000 0.00000000e+000 0.00000000e+000 0.00000000e+000 0.00000000e+000 0.00000000e+000 0.00000000e+000 0.00000000e+000 0.00000000e+000 0.00000000e+000 0.00000000e+000 0.00000000e+000
61418.99843750 0.000000 0.000000 0.000000 0.00000000e+000 0.00000000e+000 0.00000000e+000 0.00000000e+000 0.00000000e+000 0.00000000e+000 0.00000000e+000 0.00000000e+000 0.00000000e+000 0.00000000e+000 0.00000000e+000 0.00000000e+000 0.00000000e+000 0.00000000e+000 0.00000000e+000 0.00000000e+000 0.00000000e+000 0.00000000e+000 0.00000000e+000 0.00000000e+000 0.00000000e+000
61419.16043981 0.000000 0.000000 0.000000 0.00000000e+000 0.00000000e+000 0.00000000e+000 0.00000000e+000 0.00000000e+000 0.00000000e+000 0.00000000e+000 0.00000000e+000 0.00000000e+000 0.00000000e+000 0.00000000e+000 0.00000000e+000 0.00000000e+000 0.00000000e+000 0.00000000e+000 0.00000000e+000 0.00000000e+000 0.00000000e+000 0.00000000e+000 0.00000000e+000 0.00000000e+000
61419.32244213 0.000000 0.000000 0.000000 0.00000000e+000 0.00000000e+000 0.00000000e+000 0.00000000e+000 0.00000000e+000 0.00000000e+000 0.00000000e+000 0.00000000e+000 0.00000000e+000 0.00000000e+000 0.00000000e+000 0.00000000e+000 0.00000000e+000 0.00000000e+000 0.00000000e+000 0.00000000e+000 0.00000000e+000 0.00000000e+000 0.00000000e+000 0.00000000e+000 0.00000000e+000
61419.48444444 0.000000 0.000000 0.000000 0.00000000e+000 0.00000000e+000 0.00000000e+000 0.00000000e+000 0.00000000e+000 0.00000000e+000 0.00000000e+000 0.00000000e+000 0.00000000e+000 0.00000000e+000 0.00000000e+000 0.00000000e+000 0.00000000e+000 0.00000000e+000 0.00000000e+000 0.00000000e+000 0.00000000e+000 0.00000000e+000 0.00000000e+000 0.00000000e+000 0.00000000e+000
61419.64644676 0.000000 0.000000 0.000000 0.00000000e+000 0.00000000e+000 0.00000000e+000 0.00000000e+000 0.00000000e+000 0.00000000e+000 0.00000000e+000 0.00000000e+000 0.00000000e+000 0.00000000e+000 0.00000000e+000 0.00000000e+000 0.00000000e+000 0.00000000e+000 0.00000000e+000 0.00000000e+000 0.00000000e+000 0.00000000e+000 0.00000000e+000 0.00000000e+000 0.00000000e+000
61419.80844907 0.000000 0.000000 0.000000 0.00000000e+000 0.00000000e+000 0.00000000e+000 0.00000000e+000 0.00000000e+000 0.00000000e+000 0.00000000e+000 0.00000000e+000 0.00000000e+000 0.00000000e+000 0.00000000e+000 0.00000000e+000 0.00000000e+000 0.00000000e+000 0.00000000e+000 0.00000000e+000 0.00000000e+000 0.00000000e+000 0.00000000e+000 0.00000000e+000 0.00000000e+000
61419.97045139 0.000000 0.000000 0.000000 0.00000000e+000 0.00000000e+000 0.00000000e+000 0.00000000e+000 0.00000000e+000 0.00000000e+000 0.00000000e+000 0.00000000e+000 0.00000000e+000 0.00000000e+000 0.00000000e+000 0.00000000e+000 0.00000000e+000 0.00000000e+000 0.00000000e+000 0.00000000e+000 0.00000000e+000 0.00000000e+000 0.00000000e+000 0.00000000e+000 0.00000000e+000
61420.13245370 0.000000 0.000000 0.000000 0.00000000e+000 0.00000000e+000 0.00000000e+000 0.00000000e+000 0.00000000e+000 0.00000000e+000 0.00000000e+000 0.00000000e+000 0.00000000e+000 0.00000000e+000 0.00000000e+000 0.00000000e+000 0.00000000e+000 0.00000000e+000 0.00000000e+000 0.00000000e+000 0.00000000e+000 0.00000000e+000 0.00000000e+000 0.00000000e+000 0.00000000e+000
61420.29445602 0.000000 0.000000 0.000000 0.00000000e+000 0.00000000e+000 0.00000000e+000 0.00000000e+000 0.00000000e+000 0.00000000e+000 0.00000000e+000 0.00000000e+000 0.00000000e+000 0.00000000e+000 0.00000000e+000 0.00000000e+000 0.00000000e+000 0.00000000e+000 0.00000000e+000 0.00000000e+000 0.00000000e+000 0.00000000e+000 0.00000000e+000 0.00000000e+000 0.00000000e+000
61420.45645833 0.000000 0.000000 0.000000 0.00000000e+000 0.00000000e+000 0.00000000e+000 0.00000000e+000 0.00000000e+000 0.00000000e+000 0.00000000e+000 0.00000000e+000 0.00000000e+000 0.00000000e+000 0.00000000e+000 0.00000000e+000 0.00000000e+000 0.00000000e+000 0.00000000e+000 0.00000000e+000 0.00000000e+000 0.00000000e+000 0.00000000e+000 0.00000000e+000 0.00000000e+000
61420.55915852 0.000000 0.000000 0.000000 0.00000000e+000 0.00000000e+000 0.00000000e+000 0.00000000e+000 0.00000000e+000 0.00000000e+000 0.00000000e+000 0.00000000e+000 0.00000000e+000 0.00000000e+000 0.00000000e+000 0.00000000e+000 0.00000000e+000 0.00000000e+000 0.00000000e+000 0.00000000e+000 0.00000000e+000 0.00000000e+000 0.00000000e+000 0.00000000e+000 0.00000000e+000
