# Ae9Ap9 Model output file: MoonBEAM_trajectory_trade/Rp18408_COM_8per90prop30inc_Tran.AE9.output_mc_fluxIntvAvg_070.txt
# Ae9Ap9 Software Version:  1.50.001
#
# Model type:               AE9
# Particle species:         e-
# Flux type:                1PtDiff
# Flux direction:           Omnidirectional
# Energy levels (MeV):       0.04 0.07 0.1 0.25 0.5 0.75 1 1.5 2 2.5 3 3.5 4 4.5 5 5.5 6 6.5 7 8.5 10
#
# Accumulation mode:        Interval, length = 13997 seconds (0.162002 days)
#
# Time format:              Modified Julian Date
# Coordinate system:        GEI (Geocentric Equatorial Inertial) Cartesian in km
# Data Delimiter:           space
#
# datetime(mjd),posx(km),posy(km),posz(km),flux,flux,flux,flux,flux,flux,flux,flux,flux,flux,flux,flux,flux,flux,flux,flux,flux,flux,flux,flux,flux(#/cm^2/s/MeV)
61411.87033565 0.000000 0.000000 0.000000 6.39069887e+008 5.27778801e+008 2.66699675e+008 6.44885742e+007 1.60234966e+007 7.86132402e+006 4.56769329e+006 1.98570454e+006 5.38311666e+005 1.48644146e+005 4.87980165e+004 1.62149283e+004 5.41933102e+003 1.85708238e+003 6.72945304e+002 2.87298136e+002 1.52955201e+002 9.73632882e+001 5.60286460e+001 2.68472841e+001 1.59942983e+001
61412.03233796 0.000000 0.000000 0.000000 6.70158345e+008 3.56092609e+008 1.02736657e+008 2.75348905e+007 6.47180472e+006 2.10421329e+006 6.72937198e+005 1.96770803e+005 6.78652905e+004 2.19201383e+004 6.53023335e+003 1.88844754e+003 6.84482497e+002 2.65493342e+002 1.15985346e+002 5.69670141e+001 3.41371022e+001 2.30442839e+001 1.28236390e+001 5.57513375e+000 3.10268699e+000
61412.19434028 0.000000 0.000000 0.000000 1.78481973e+008 1.51568745e+008 6.75187220e+007 2.93794478e+007 1.02692624e+007 4.88844545e+006 2.48926156e+006 8.42304030e+005 2.14394195e+005 5.62537438e+004 1.60843801e+004 5.03344259e+003 1.90247212e+003 7.40122857e+002 2.77563688e+002 1.08229971e+002 5.40310105e+001 3.40514721e+001 1.95055490e+001 9.40057720e+000 5.65401678e+000
61412.35634259 0.000000 0.000000 0.000000 3.56364977e+008 2.45746048e+008 8.19755059e+007 2.52298715e+007 6.57267013e+006 2.46804283e+006 1.03153935e+006 3.40952927e+005 9.69133424e+004 2.67250163e+004 7.46199684e+003 2.19950421e+003 7.96802945e+002 3.06692800e+002 1.26694387e+002 5.82958197e+001 3.32062262e+001 2.17262573e+001 1.21550407e+001 5.45817827e+000 3.10432046e+000
61412.51834491 0.000000 0.000000 0.000000 3.12608106e+008 2.36986073e+008 7.74822619e+007 1.63144201e+007 2.58359125e+006 5.39915213e+005 1.35063339e+005 3.24117282e+004 7.23520951e+003 1.73790417e+003 5.86042963e+002 2.49839202e+002 1.28054763e+002 5.95657508e+001 2.75981926e+001 1.35005244e+001 8.57344839e+000 6.01851613e+000 3.55825679e+000 1.58125000e+000 8.82490951e-001
61412.68034722 0.000000 0.000000 0.000000 2.20033756e+008 1.91549276e+008 7.59393624e+007 3.27607240e+007 1.19182780e+007 5.65472731e+006 2.71870219e+006 1.04999111e+006 3.08003281e+005 7.67099672e+004 1.89984516e+004 5.06084600e+003 1.54369015e+003 5.17807840e+002 2.02682948e+002 9.41324610e+001 5.26279080e+001 3.28896564e+001 1.76709460e+001 8.00254167e+000 4.71027605e+000
61412.84234954 0.000000 0.000000 0.000000 6.36476554e+008 6.87492906e+008 4.35323866e+008 8.99985765e+007 1.44968785e+007 4.49570185e+006 2.07957551e+006 8.20210419e+005 2.45961141e+005 6.08938418e+004 1.48231885e+004 3.89241716e+003 1.14358532e+003 3.69472489e+002 1.41252136e+002 6.51891863e+001 3.57580384e+001 2.18110185e+001 1.15553680e+001 5.32733948e+000 3.21349886e+000
61413.00435185 0.000000 0.000000 0.000000 1.08868357e+008 1.03637447e+008 4.24367720e+007 1.34021494e+007 3.00466272e+006 8.19231136e+005 2.68936043e+005 8.72589928e+004 2.41504855e+004 5.90430728e+003 1.54510733e+003 4.85621362e+002 2.13087615e+002 9.54430591e+001 4.45913134e+001 2.26059080e+001 1.42731820e+001 1.00484156e+001 5.98076693e+000 2.82689833e+000 1.59638378e+000
61413.16635417 0.000000 0.000000 0.000000 1.08993834e+007 1.27255555e+007 5.20302091e+006 1.27437297e+006 1.57260619e+005 2.23196391e+004 4.83373933e+003 1.05908839e+003 2.34338824e+002 6.43398854e+001 2.66587086e+001 1.32279419e+001 7.69036390e+000 4.19589709e+000 2.23099902e+000 1.09798446e+000 5.87669568e-001 4.10544647e-001 2.39234965e-001 3.38302621e-002 3.74256664e-005
61413.32835648 0.000000 0.000000 0.000000 5.72244532e+007 6.26919328e+007 3.05499347e+007 1.17378858e+007 2.51197267e+006 6.05792785e+005 1.84049324e+005 5.25331001e+004 1.29672004e+004 3.16341841e+003 9.88826604e+002 3.73967591e+002 1.83585223e+002 8.78865442e+001 4.28610122e+001 2.24300890e+001 1.45534771e+001 1.05473465e+001 6.54326326e+000 3.26780516e+000 1.86841501e+000
61413.49035880 0.000000 0.000000 0.000000 2.92752154e+008 2.90938761e+008 1.68018554e+008 3.64696407e+007 7.61547867e+006 2.90305348e+006 1.41892451e+006 6.52649503e+005 2.24024574e+005 5.98863644e+004 1.56284946e+004 4.45504258e+003 1.43475204e+003 4.94711514e+002 1.96681405e+002 9.38871162e+001 5.50117422e+001 3.61555397e+001 2.04906892e+001 1.01461220e+001 6.28965415e+000
61413.65236111 0.000000 0.000000 0.000000 4.14504017e+007 4.28372274e+007 2.31794087e+007 1.67832762e+007 6.18956681e+006 2.49432007e+006 1.17159755e+006 5.17351119e+005 1.71486283e+005 4.54502040e+004 1.23995653e+004 3.74648579e+003 1.31797421e+003 4.89669683e+002 2.03566410e+002 9.89372648e+001 5.97252765e+001 4.07225932e+001 2.40537976e+001 1.23092808e+001 7.67300003e+000
61413.81436343 0.000000 0.000000 0.000000 1.94617463e+006 2.61902909e+006 1.41758595e+006 6.58230388e+005 1.14799260e+005 2.05629894e+004 5.29461659e+003 1.20452143e+003 2.59933716e+002 6.77412438e+001 2.70567400e+001 1.27147326e+001 7.13719988e+000 3.82886603e+000 2.04398237e+000 1.09491706e+000 6.83283916e-001 4.93020816e-001 3.07836948e-001 1.39152637e-001 4.71295851e-002
61413.97636574 0.000000 0.000000 0.000000 0.00000000e+000 0.00000000e+000 0.00000000e+000 0.00000000e+000 0.00000000e+000 0.00000000e+000 0.00000000e+000 0.00000000e+000 0.00000000e+000 0.00000000e+000 0.00000000e+000 0.00000000e+000 0.00000000e+000 0.00000000e+000 0.00000000e+000 0.00000000e+000 0.00000000e+000 0.00000000e+000 0.00000000e+000 0.00000000e+000 0.00000000e+000
61414.13836806 0.000000 0.000000 0.000000 0.00000000e+000 0.00000000e+000 0.00000000e+000 0.00000000e+000 0.00000000e+000 0.00000000e+000 0.00000000e+000 0.00000000e+000 0.00000000e+000 0.00000000e+000 0.00000000e+000 0.00000000e+000 0.00000000e+000 0.00000000e+000 0.00000000e+000 0.00000000e+000 0.00000000e+000 0.00000000e+000 0.00000000e+000 0.00000000e+000 0.00000000e+000
61414.30037037 0.000000 0.000000 0.000000 6.46741833e+006 7.16717392e+006 3.32912801e+006 1.68902267e+006 2.62524646e+005 4.22876682e+004 9.70437273e+003 2.07919860e+003 4.18296270e+002 9.96037171e+001 3.62491851e+001 1.57858719e+001 8.24579813e+000 3.97585951e+000 1.88118030e+000 8.96935416e-001 5.16172733e-001 3.62643808e-001 2.16251738e-001 7.94880531e-002 1.42440518e-002
61414.46237269 0.000000 0.000000 0.000000 8.66527332e+007 5.64058946e+007 1.98398983e+007 1.21160064e+007 4.46084233e+006 1.66560930e+006 7.10564690e+005 3.22868430e+005 1.36374536e+005 4.44880358e+004 1.35000938e+004 4.10070480e+003 1.34738258e+003 4.60392978e+002 1.75360202e+002 7.72204086e+001 4.16071980e+001 2.53994679e+001 1.33460713e+001 5.53163698e+000 2.94102384e+000
61414.62437500 0.000000 0.000000 0.000000 3.29172243e+008 2.79242417e+008 1.48453019e+008 2.30860068e+007 4.10971672e+006 1.33273787e+006 5.49487199e+005 2.43273320e+005 1.03186760e+005 3.33010034e+004 1.01466346e+004 3.10620590e+003 1.03452806e+003 3.53042138e+002 1.31022773e+002 5.50509933e+001 2.84260428e+001 1.68630281e+001 8.63724345e+000 3.39436681e+000 1.72724300e+000
61414.78637731 0.000000 0.000000 0.000000 5.69000337e+006 5.35425515e+006 2.37627790e+006 1.36782914e+006 2.42463642e+005 4.25483140e+004 1.05597280e+004 2.32179191e+003 4.53380575e+002 1.00055496e+002 3.26551111e+001 1.31188880e+001 6.49610824e+000 2.96220342e+000 1.33880171e+000 6.26945154e-001 3.80650440e-001 2.61561926e-001 1.50368123e-001 6.39400878e-002 3.04821132e-002
61414.94837963 0.000000 0.000000 0.000000 0.00000000e+000 0.00000000e+000 0.00000000e+000 0.00000000e+000 0.00000000e+000 0.00000000e+000 0.00000000e+000 0.00000000e+000 0.00000000e+000 0.00000000e+000 0.00000000e+000 0.00000000e+000 0.00000000e+000 0.00000000e+000 0.00000000e+000 0.00000000e+000 0.00000000e+000 0.00000000e+000 0.00000000e+000 0.00000000e+000 0.00000000e+000
61415.11038194 0.000000 0.000000 0.000000 0.00000000e+000 0.00000000e+000 0.00000000e+000 0.00000000e+000 0.00000000e+000 0.00000000e+000 0.00000000e+000 0.00000000e+000 0.00000000e+000 0.00000000e+000 0.00000000e+000 0.00000000e+000 0.00000000e+000 0.00000000e+000 0.00000000e+000 0.00000000e+000 0.00000000e+000 0.00000000e+000 0.00000000e+000 0.00000000e+000 0.00000000e+000
61415.27238426 0.000000 0.000000 0.000000 0.00000000e+000 0.00000000e+000 0.00000000e+000 0.00000000e+000 0.00000000e+000 0.00000000e+000 0.00000000e+000 0.00000000e+000 0.00000000e+000 0.00000000e+000 0.00000000e+000 0.00000000e+000 0.00000000e+000 0.00000000e+000 0.00000000e+000 0.00000000e+000 0.00000000e+000 0.00000000e+000 0.00000000e+000 0.00000000e+000 0.00000000e+000
61415.43438657 0.000000 0.000000 0.000000 0.00000000e+000 0.00000000e+000 0.00000000e+000 0.00000000e+000 0.00000000e+000 0.00000000e+000 0.00000000e+000 0.00000000e+000 0.00000000e+000 0.00000000e+000 0.00000000e+000 0.00000000e+000 0.00000000e+000 0.00000000e+000 0.00000000e+000 0.00000000e+000 0.00000000e+000 0.00000000e+000 0.00000000e+000 0.00000000e+000 0.00000000e+000
61415.59638889 0.000000 0.000000 0.000000 0.00000000e+000 0.00000000e+000 0.00000000e+000 0.00000000e+000 0.00000000e+000 0.00000000e+000 0.00000000e+000 0.00000000e+000 0.00000000e+000 0.00000000e+000 0.00000000e+000 0.00000000e+000 0.00000000e+000 0.00000000e+000 0.00000000e+000 0.00000000e+000 0.00000000e+000 0.00000000e+000 0.00000000e+000 0.00000000e+000 0.00000000e+000
61415.75839120 0.000000 0.000000 0.000000 1.95933725e+006 8.07745931e+005 1.27644113e+005 2.48177339e+004 2.10063640e+003 2.44419538e+002 4.24161428e+001 8.60768950e+000 2.92753194e+000 1.29630345e+000 6.29672190e-001 2.55317170e-001 1.15745681e-001 3.54722043e-002 1.54089497e-002 1.62934171e-003 -2.81796510e-005 -2.58529912e-005 -1.60764467e-005 0.00000000e+000 0.00000000e+000
61415.92039352 0.000000 0.000000 0.000000 1.59516696e+008 8.16540656e+007 2.18441155e+007 5.15202385e+006 6.51305905e+005 1.20636303e+005 2.34725283e+004 4.44928681e+003 1.15731539e+003 3.29061713e+002 8.23082880e+001 1.85154362e+001 7.33433358e+000 3.30238771e+000 1.64722728e+000 8.06133976e-001 5.23778134e-001 3.98867064e-001 2.62101825e-001 2.12450777e-001 1.85091759e-001
61416.08239583 0.000000 0.000000 0.000000 3.28572731e+008 2.47905470e+008 1.08240291e+008 1.29011059e+007 9.40497859e+005 1.61421192e+005 3.83005140e+004 9.86108687e+003 2.47531594e+003 5.57271273e+002 1.36906311e+002 3.51809151e+001 1.42113437e+001 6.42180334e+000 3.10377406e+000 1.42038284e+000 7.79261141e-001 4.91000439e-001 2.73390837e-001 1.61862462e-001 1.22872425e-001
61416.24439815 0.000000 0.000000 0.000000 2.53750956e+007 1.73909512e+007 5.06056617e+006 9.99757103e+005 7.33000635e+004 8.11263130e+003 1.28836771e+003 1.70322743e+002 2.73001416e+001 7.03079648e+000 3.38595211e+000 1.91022386e+000 1.18454359e+000 5.91805751e-001 2.93245783e-001 1.51382471e-001 1.06955940e-001 8.90310933e-002 6.16671993e-002 4.17048598e-002 2.36587933e-002
61416.40640046 0.000000 0.000000 0.000000 0.00000000e+000 0.00000000e+000 0.00000000e+000 0.00000000e+000 0.00000000e+000 0.00000000e+000 0.00000000e+000 0.00000000e+000 0.00000000e+000 0.00000000e+000 0.00000000e+000 0.00000000e+000 0.00000000e+000 0.00000000e+000 0.00000000e+000 0.00000000e+000 0.00000000e+000 0.00000000e+000 0.00000000e+000 0.00000000e+000 0.00000000e+000
61416.56840278 0.000000 0.000000 0.000000 0.00000000e+000 0.00000000e+000 0.00000000e+000 0.00000000e+000 0.00000000e+000 0.00000000e+000 0.00000000e+000 0.00000000e+000 0.00000000e+000 0.00000000e+000 0.00000000e+000 0.00000000e+000 0.00000000e+000 0.00000000e+000 0.00000000e+000 0.00000000e+000 0.00000000e+000 0.00000000e+000 0.00000000e+000 0.00000000e+000 0.00000000e+000
61416.73040509 0.000000 0.000000 0.000000 0.00000000e+000 0.00000000e+000 0.00000000e+000 0.00000000e+000 0.00000000e+000 0.00000000e+000 0.00000000e+000 0.00000000e+000 0.00000000e+000 0.00000000e+000 0.00000000e+000 0.00000000e+000 0.00000000e+000 0.00000000e+000 0.00000000e+000 0.00000000e+000 0.00000000e+000 0.00000000e+000 0.00000000e+000 0.00000000e+000 0.00000000e+000
61416.89240741 0.000000 0.000000 0.000000 0.00000000e+000 0.00000000e+000 0.00000000e+000 0.00000000e+000 0.00000000e+000 0.00000000e+000 0.00000000e+000 0.00000000e+000 0.00000000e+000 0.00000000e+000 0.00000000e+000 0.00000000e+000 0.00000000e+000 0.00000000e+000 0.00000000e+000 0.00000000e+000 0.00000000e+000 0.00000000e+000 0.00000000e+000 0.00000000e+000 0.00000000e+000
61417.05440972 0.000000 0.000000 0.000000 0.00000000e+000 0.00000000e+000 0.00000000e+000 0.00000000e+000 0.00000000e+000 0.00000000e+000 0.00000000e+000 0.00000000e+000 0.00000000e+000 0.00000000e+000 0.00000000e+000 0.00000000e+000 0.00000000e+000 0.00000000e+000 0.00000000e+000 0.00000000e+000 0.00000000e+000 0.00000000e+000 0.00000000e+000 0.00000000e+000 0.00000000e+000
61417.21641204 0.000000 0.000000 0.000000 0.00000000e+000 0.00000000e+000 0.00000000e+000 0.00000000e+000 0.00000000e+000 0.00000000e+000 0.00000000e+000 0.00000000e+000 0.00000000e+000 0.00000000e+000 0.00000000e+000 0.00000000e+000 0.00000000e+000 0.00000000e+000 0.00000000e+000 0.00000000e+000 0.00000000e+000 0.00000000e+000 0.00000000e+000 0.00000000e+000 0.00000000e+000
61417.37841435 0.000000 0.000000 0.000000 0.00000000e+000 0.00000000e+000 0.00000000e+000 0.00000000e+000 0.00000000e+000 0.00000000e+000 0.00000000e+000 0.00000000e+000 0.00000000e+000 0.00000000e+000 0.00000000e+000 0.00000000e+000 0.00000000e+000 0.00000000e+000 0.00000000e+000 0.00000000e+000 0.00000000e+000 0.00000000e+000 0.00000000e+000 0.00000000e+000 0.00000000e+000
61417.54041667 0.000000 0.000000 0.000000 0.00000000e+000 0.00000000e+000 0.00000000e+000 0.00000000e+000 0.00000000e+000 0.00000000e+000 0.00000000e+000 0.00000000e+000 0.00000000e+000 0.00000000e+000 0.00000000e+000 0.00000000e+000 0.00000000e+000 0.00000000e+000 0.00000000e+000 0.00000000e+000 0.00000000e+000 0.00000000e+000 0.00000000e+000 0.00000000e+000 0.00000000e+000
61417.70241898 0.000000 0.000000 0.000000 0.00000000e+000 0.00000000e+000 0.00000000e+000 0.00000000e+000 0.00000000e+000 0.00000000e+000 0.00000000e+000 0.00000000e+000 0.00000000e+000 0.00000000e+000 0.00000000e+000 0.00000000e+000 0.00000000e+000 0.00000000e+000 0.00000000e+000 0.00000000e+000 0.00000000e+000 0.00000000e+000 0.00000000e+000 0.00000000e+000 0.00000000e+000
61417.86442130 0.000000 0.000000 0.000000 0.00000000e+000 0.00000000e+000 0.00000000e+000 0.00000000e+000 0.00000000e+000 0.00000000e+000 0.00000000e+000 0.00000000e+000 0.00000000e+000 0.00000000e+000 0.00000000e+000 0.00000000e+000 0.00000000e+000 0.00000000e+000 0.00000000e+000 0.00000000e+000 0.00000000e+000 0.00000000e+000 0.00000000e+000 0.00000000e+000 0.00000000e+000
61418.02642361 0.000000 0.000000 0.000000 0.00000000e+000 0.00000000e+000 0.00000000e+000 0.00000000e+000 0.00000000e+000 0.00000000e+000 0.00000000e+000 0.00000000e+000 0.00000000e+000 0.00000000e+000 0.00000000e+000 0.00000000e+000 0.00000000e+000 0.00000000e+000 0.00000000e+000 0.00000000e+000 0.00000000e+000 0.00000000e+000 0.00000000e+000 0.00000000e+000 0.00000000e+000
61418.18842593 0.000000 0.000000 0.000000 5.76019233e+003 4.07162496e+003 4.41155586e+002 -1.80842961e+001 1.08564476e+000 4.09420489e-001 1.29972440e-001 3.12595725e-002 6.01883361e-003 1.96762793e-003 -1.73215833e-003 -1.37208164e-004 -6.34941679e-005 0.00000000e+000 0.00000000e+000 0.00000000e+000 0.00000000e+000 0.00000000e+000 0.00000000e+000 0.00000000e+000 0.00000000e+000
61418.35042824 0.000000 0.000000 0.000000 7.02205885e+008 3.55056002e+008 7.13157632e+007 6.98936760e+006 5.18190364e+005 7.57155294e+004 1.37759714e+004 3.24744726e+003 7.89757151e+002 1.61374426e+002 3.20469060e+001 9.22606427e+000 4.79414658e+000 2.31028980e+000 1.01978779e+000 4.10013489e-001 2.23377364e-001 1.50374260e-001 8.21764971e-002 4.03756007e-002 2.45682879e-002
61418.51243056 0.000000 0.000000 0.000000 7.52958521e+008 5.10870012e+008 2.05285334e+008 2.54978906e+007 2.16273452e+006 4.58953298e+005 1.23312642e+005 2.11969171e+004 3.94770406e+003 8.95639155e+002 2.39224166e+002 6.17938591e+001 2.02317673e+001 8.01628582e+000 3.87279359e+000 1.76328881e+000 8.14938063e-001 3.81940991e-001 1.52806272e-001 5.24077263e-002 2.60897528e-002
61418.67443287 0.000000 0.000000 0.000000 4.19274520e+008 2.13068570e+008 4.17022442e+007 3.25624862e+006 1.78774344e+005 2.06235439e+004 3.09703018e+003 5.60732636e+002 1.02787063e+002 1.90868124e+001 4.96855880e+000 2.32363074e+000 1.61777629e+000 8.76170971e-001 4.29682747e-001 2.05121197e-001 1.43864892e-001 1.16080168e-001 7.46120701e-002 4.69259873e-002 3.19417821e-002
61418.83643519 0.000000 0.000000 0.000000 0.00000000e+000 0.00000000e+000 0.00000000e+000 0.00000000e+000 0.00000000e+000 0.00000000e+000 0.00000000e+000 0.00000000e+000 0.00000000e+000 0.00000000e+000 0.00000000e+000 0.00000000e+000 0.00000000e+000 0.00000000e+000 0.00000000e+000 0.00000000e+000 0.00000000e+000 0.00000000e+000 0.00000000e+000 0.00000000e+000 0.00000000e+000
61418.99843750 0.000000 0.000000 0.000000 0.00000000e+000 0.00000000e+000 0.00000000e+000 0.00000000e+000 0.00000000e+000 0.00000000e+000 0.00000000e+000 0.00000000e+000 0.00000000e+000 0.00000000e+000 0.00000000e+000 0.00000000e+000 0.00000000e+000 0.00000000e+000 0.00000000e+000 0.00000000e+000 0.00000000e+000 0.00000000e+000 0.00000000e+000 0.00000000e+000 0.00000000e+000
61419.16043981 0.000000 0.000000 0.000000 0.00000000e+000 0.00000000e+000 0.00000000e+000 0.00000000e+000 0.00000000e+000 0.00000000e+000 0.00000000e+000 0.00000000e+000 0.00000000e+000 0.00000000e+000 0.00000000e+000 0.00000000e+000 0.00000000e+000 0.00000000e+000 0.00000000e+000 0.00000000e+000 0.00000000e+000 0.00000000e+000 0.00000000e+000 0.00000000e+000 0.00000000e+000
61419.32244213 0.000000 0.000000 0.000000 0.00000000e+000 0.00000000e+000 0.00000000e+000 0.00000000e+000 0.00000000e+000 0.00000000e+000 0.00000000e+000 0.00000000e+000 0.00000000e+000 0.00000000e+000 0.00000000e+000 0.00000000e+000 0.00000000e+000 0.00000000e+000 0.00000000e+000 0.00000000e+000 0.00000000e+000 0.00000000e+000 0.00000000e+000 0.00000000e+000 0.00000000e+000
61419.48444444 0.000000 0.000000 0.000000 0.00000000e+000 0.00000000e+000 0.00000000e+000 0.00000000e+000 0.00000000e+000 0.00000000e+000 0.00000000e+000 0.00000000e+000 0.00000000e+000 0.00000000e+000 0.00000000e+000 0.00000000e+000 0.00000000e+000 0.00000000e+000 0.00000000e+000 0.00000000e+000 0.00000000e+000 0.00000000e+000 0.00000000e+000 0.00000000e+000 0.00000000e+000
61419.64644676 0.000000 0.000000 0.000000 0.00000000e+000 0.00000000e+000 0.00000000e+000 0.00000000e+000 0.00000000e+000 0.00000000e+000 0.00000000e+000 0.00000000e+000 0.00000000e+000 0.00000000e+000 0.00000000e+000 0.00000000e+000 0.00000000e+000 0.00000000e+000 0.00000000e+000 0.00000000e+000 0.00000000e+000 0.00000000e+000 0.00000000e+000 0.00000000e+000 0.00000000e+000
61419.80844907 0.000000 0.000000 0.000000 0.00000000e+000 0.00000000e+000 0.00000000e+000 0.00000000e+000 0.00000000e+000 0.00000000e+000 0.00000000e+000 0.00000000e+000 0.00000000e+000 0.00000000e+000 0.00000000e+000 0.00000000e+000 0.00000000e+000 0.00000000e+000 0.00000000e+000 0.00000000e+000 0.00000000e+000 0.00000000e+000 0.00000000e+000 0.00000000e+000 0.00000000e+000
61419.97045139 0.000000 0.000000 0.000000 0.00000000e+000 0.00000000e+000 0.00000000e+000 0.00000000e+000 0.00000000e+000 0.00000000e+000 0.00000000e+000 0.00000000e+000 0.00000000e+000 0.00000000e+000 0.00000000e+000 0.00000000e+000 0.00000000e+000 0.00000000e+000 0.00000000e+000 0.00000000e+000 0.00000000e+000 0.00000000e+000 0.00000000e+000 0.00000000e+000 0.00000000e+000
61420.13245370 0.000000 0.000000 0.000000 0.00000000e+000 0.00000000e+000 0.00000000e+000 0.00000000e+000 0.00000000e+000 0.00000000e+000 0.00000000e+000 0.00000000e+000 0.00000000e+000 0.00000000e+000 0.00000000e+000 0.00000000e+000 0.00000000e+000 0.00000000e+000 0.00000000e+000 0.00000000e+000 0.00000000e+000 0.00000000e+000 0.00000000e+000 0.00000000e+000 0.00000000e+000
61420.29445602 0.000000 0.000000 0.000000 0.00000000e+000 0.00000000e+000 0.00000000e+000 0.00000000e+000 0.00000000e+000 0.00000000e+000 0.00000000e+000 0.00000000e+000 0.00000000e+000 0.00000000e+000 0.00000000e+000 0.00000000e+000 0.00000000e+000 0.00000000e+000 0.00000000e+000 0.00000000e+000 0.00000000e+000 0.00000000e+000 0.00000000e+000 0.00000000e+000 0.00000000e+000
61420.45645833 0.000000 0.000000 0.000000 0.00000000e+000 0.00000000e+000 0.00000000e+000 0.00000000e+000 0.00000000e+000 0.00000000e+000 0.00000000e+000 0.00000000e+000 0.00000000e+000 0.00000000e+000 0.00000000e+000 0.00000000e+000 0.00000000e+000 0.00000000e+000 0.00000000e+000 0.00000000e+000 0.00000000e+000 0.00000000e+000 0.00000000e+000 0.00000000e+000 0.00000000e+000
61420.55915852 0.000000 0.000000 0.000000 0.00000000e+000 0.00000000e+000 0.00000000e+000 0.00000000e+000 0.00000000e+000 0.00000000e+000 0.00000000e+000 0.00000000e+000 0.00000000e+000 0.00000000e+000 0.00000000e+000 0.00000000e+000 0.00000000e+000 0.00000000e+000 0.00000000e+000 0.00000000e+000 0.00000000e+000 0.00000000e+000 0.00000000e+000 0.00000000e+000 0.00000000e+000
