# Ae9Ap9 Model output file: MoonBEAM_trajectory_trade/Rp18408_COM_8per90prop30inc_Sci.AE9.output_mc_flux_083.txt
# Ae9Ap9 Software Version:  1.50.001
#
# Model type:               AE9
# Particle species:         e-
# Flux type:                1PtDiff
# Flux direction:           Omnidirectional
# Energy levels (MeV):       0.04 0.07 0.1 0.25 0.5 0.75 1 1.5 2 2.5 3 3.5 4 4.5 5 5.5 6 6.5 7 8.5 10
#
# Time format:              Modified Julian Date
# Coordinate system:        GEI (Geocentric Equatorial Inertial) Cartesian in km
# Data Delimiter:           space
#
# datetime(mjd),posx(km),posy(km),posz(km),flux,flux,flux,flux,flux,flux,flux,flux,flux,flux,flux,flux,flux,flux,flux,flux,flux,flux,flux,flux,flux(#/cm^2/s/MeV)
61429.46949573 -304181.640280 -80019.908149 -48268.149155 0.00000000e+000 0.00000000e+000 0.00000000e+000 0.00000000e+000 0.00000000e+000 0.00000000e+000 0.00000000e+000 0.00000000e+000 0.00000000e+000 0.00000000e+000 0.00000000e+000 0.00000000e+000 0.00000000e+000 0.00000000e+000 0.00000000e+000 0.00000000e+000 0.00000000e+000 0.00000000e+000 0.00000000e+000 0.00000000e+000 0.00000000e+000
61429.66048586 -288432.736372 -81391.796844 -48968.293303 0.00000000e+000 0.00000000e+000 0.00000000e+000 0.00000000e+000 0.00000000e+000 0.00000000e+000 0.00000000e+000 0.00000000e+000 0.00000000e+000 0.00000000e+000 0.00000000e+000 0.00000000e+000 0.00000000e+000 0.00000000e+000 0.00000000e+000 0.00000000e+000 0.00000000e+000 0.00000000e+000 0.00000000e+000 0.00000000e+000 0.00000000e+000
61429.83554417 -273010.020262 -82357.483670 -49436.342914 0.00000000e+000 0.00000000e+000 0.00000000e+000 0.00000000e+000 0.00000000e+000 0.00000000e+000 0.00000000e+000 0.00000000e+000 0.00000000e+000 0.00000000e+000 0.00000000e+000 0.00000000e+000 0.00000000e+000 0.00000000e+000 0.00000000e+000 0.00000000e+000 0.00000000e+000 0.00000000e+000 0.00000000e+000 0.00000000e+000 0.00000000e+000
61429.99606503 -257962.515504 -82957.629171 -49695.942067 0.00000000e+000 0.00000000e+000 0.00000000e+000 0.00000000e+000 0.00000000e+000 0.00000000e+000 0.00000000e+000 0.00000000e+000 0.00000000e+000 0.00000000e+000 0.00000000e+000 0.00000000e+000 0.00000000e+000 0.00000000e+000 0.00000000e+000 0.00000000e+000 0.00000000e+000 0.00000000e+000 0.00000000e+000 0.00000000e+000 0.00000000e+000
61430.14332375 -243325.313087 -83229.370856 -49768.584099 0.00000000e+000 0.00000000e+000 0.00000000e+000 0.00000000e+000 0.00000000e+000 0.00000000e+000 0.00000000e+000 0.00000000e+000 0.00000000e+000 0.00000000e+000 0.00000000e+000 0.00000000e+000 0.00000000e+000 0.00000000e+000 0.00000000e+000 0.00000000e+000 0.00000000e+000 0.00000000e+000 0.00000000e+000 0.00000000e+000 0.00000000e+000
61430.27841426 -229129.707830 -83206.426949 -49673.748906 0.00000000e+000 0.00000000e+000 0.00000000e+000 0.00000000e+000 0.00000000e+000 0.00000000e+000 0.00000000e+000 0.00000000e+000 0.00000000e+000 0.00000000e+000 0.00000000e+000 0.00000000e+000 0.00000000e+000 0.00000000e+000 0.00000000e+000 0.00000000e+000 0.00000000e+000 0.00000000e+000 0.00000000e+000 0.00000000e+000 0.00000000e+000
61430.40228940 -215403.737884 -82919.837530 -49429.352360 0.00000000e+000 0.00000000e+000 0.00000000e+000 0.00000000e+000 0.00000000e+000 0.00000000e+000 0.00000000e+000 0.00000000e+000 0.00000000e+000 0.00000000e+000 0.00000000e+000 0.00000000e+000 0.00000000e+000 0.00000000e+000 0.00000000e+000 0.00000000e+000 0.00000000e+000 0.00000000e+000 0.00000000e+000 0.00000000e+000 0.00000000e+000
61430.51580883 -202170.399177 -82398.415302 -49052.011790 0.00000000e+000 0.00000000e+000 0.00000000e+000 0.00000000e+000 0.00000000e+000 0.00000000e+000 0.00000000e+000 0.00000000e+000 0.00000000e+000 0.00000000e+000 0.00000000e+000 0.00000000e+000 0.00000000e+000 0.00000000e+000 0.00000000e+000 0.00000000e+000 0.00000000e+000 0.00000000e+000 0.00000000e+000 0.00000000e+000 0.00000000e+000
61430.61977333 -189445.885593 -81668.859664 -48557.111969 0.00000000e+000 0.00000000e+000 0.00000000e+000 0.00000000e+000 0.00000000e+000 0.00000000e+000 0.00000000e+000 0.00000000e+000 0.00000000e+000 0.00000000e+000 0.00000000e+000 0.00000000e+000 0.00000000e+000 0.00000000e+000 0.00000000e+000 0.00000000e+000 0.00000000e+000 0.00000000e+000 0.00000000e+000 0.00000000e+000 0.00000000e+000
61430.71493913 -177239.203290 -80755.717461 -47958.784592 0.00000000e+000 0.00000000e+000 0.00000000e+000 0.00000000e+000 0.00000000e+000 0.00000000e+000 0.00000000e+000 0.00000000e+000 0.00000000e+000 0.00000000e+000 0.00000000e+000 0.00000000e+000 0.00000000e+000 0.00000000e+000 0.00000000e+000 0.00000000e+000 0.00000000e+000 0.00000000e+000 0.00000000e+000 0.00000000e+000 0.00000000e+000
61430.80201861 -165553.095089 -79681.378917 -47269.910770 0.00000000e+000 0.00000000e+000 0.00000000e+000 0.00000000e+000 0.00000000e+000 0.00000000e+000 0.00000000e+000 0.00000000e+000 0.00000000e+000 0.00000000e+000 0.00000000e+000 0.00000000e+000 0.00000000e+000 0.00000000e+000 0.00000000e+000 0.00000000e+000 0.00000000e+000 0.00000000e+000 0.00000000e+000 0.00000000e+000 0.00000000e+000
61430.88167676 -154385.502613 -78466.176697 -46502.183187 0.00000000e+000 0.00000000e+000 0.00000000e+000 0.00000000e+000 0.00000000e+000 0.00000000e+000 0.00000000e+000 0.00000000e+000 0.00000000e+000 0.00000000e+000 0.00000000e+000 0.00000000e+000 0.00000000e+000 0.00000000e+000 0.00000000e+000 0.00000000e+000 0.00000000e+000 0.00000000e+000 0.00000000e+000 0.00000000e+000 0.00000000e+000
61430.95453120 -143730.591781 -77128.516026 -45666.182304 0.00000000e+000 0.00000000e+000 0.00000000e+000 0.00000000e+000 0.00000000e+000 0.00000000e+000 0.00000000e+000 0.00000000e+000 0.00000000e+000 0.00000000e+000 0.00000000e+000 0.00000000e+000 0.00000000e+000 0.00000000e+000 0.00000000e+000 0.00000000e+000 0.00000000e+000 0.00000000e+000 0.00000000e+000 0.00000000e+000 0.00000000e+000
61431.02115235 -133579.751094 -75685.045112 -44771.475483 0.00000000e+000 0.00000000e+000 0.00000000e+000 0.00000000e+000 0.00000000e+000 0.00000000e+000 0.00000000e+000 0.00000000e+000 0.00000000e+000 0.00000000e+000 0.00000000e+000 0.00000000e+000 0.00000000e+000 0.00000000e+000 0.00000000e+000 0.00000000e+000 0.00000000e+000 0.00000000e+000 0.00000000e+000 0.00000000e+000 0.00000000e+000
61431.08206661 -123922.090855 -74150.787180 -43826.691445 0.00000000e+000 0.00000000e+000 0.00000000e+000 0.00000000e+000 0.00000000e+000 0.00000000e+000 0.00000000e+000 0.00000000e+000 0.00000000e+000 0.00000000e+000 0.00000000e+000 0.00000000e+000 0.00000000e+000 0.00000000e+000 0.00000000e+000 0.00000000e+000 0.00000000e+000 0.00000000e+000 0.00000000e+000 0.00000000e+000 0.00000000e+000
61431.13775961 -114744.842966 -72539.255136 -42839.584784 0.00000000e+000 0.00000000e+000 0.00000000e+000 0.00000000e+000 0.00000000e+000 0.00000000e+000 0.00000000e+000 0.00000000e+000 0.00000000e+000 0.00000000e+000 0.00000000e+000 0.00000000e+000 0.00000000e+000 0.00000000e+000 0.00000000e+000 0.00000000e+000 0.00000000e+000 0.00000000e+000 0.00000000e+000 0.00000000e+000 0.00000000e+000
61431.18867788 -106033.925911 -70862.596598 -41817.119832 0.00000000e+000 0.00000000e+000 0.00000000e+000 0.00000000e+000 0.00000000e+000 0.00000000e+000 0.00000000e+000 0.00000000e+000 0.00000000e+000 0.00000000e+000 0.00000000e+000 0.00000000e+000 0.00000000e+000 0.00000000e+000 0.00000000e+000 0.00000000e+000 0.00000000e+000 0.00000000e+000 0.00000000e+000 0.00000000e+000 0.00000000e+000
61431.23513819 -97791.164519 -69135.393878 -40767.771557 0.00000000e+000 0.00000000e+000 0.00000000e+000 0.00000000e+000 0.00000000e+000 0.00000000e+000 0.00000000e+000 0.00000000e+000 0.00000000e+000 0.00000000e+000 0.00000000e+000 0.00000000e+000 0.00000000e+000 0.00000000e+000 0.00000000e+000 0.00000000e+000 0.00000000e+000 0.00000000e+000 0.00000000e+000 0.00000000e+000 0.00000000e+000
61431.27743281 -90018.360808 -67372.421130 -39700.132733 0.00000000e+000 0.00000000e+000 0.00000000e+000 0.00000000e+000 0.00000000e+000 0.00000000e+000 0.00000000e+000 0.00000000e+000 0.00000000e+000 0.00000000e+000 0.00000000e+000 0.00000000e+000 0.00000000e+000 0.00000000e+000 0.00000000e+000 0.00000000e+000 0.00000000e+000 0.00000000e+000 0.00000000e+000 0.00000000e+000 0.00000000e+000
61431.31596339 -82691.844157 -65582.343558 -38619.109235 0.00000000e+000 0.00000000e+000 0.00000000e+000 0.00000000e+000 0.00000000e+000 0.00000000e+000 0.00000000e+000 0.00000000e+000 0.00000000e+000 0.00000000e+000 0.00000000e+000 0.00000000e+000 0.00000000e+000 0.00000000e+000 0.00000000e+000 0.00000000e+000 0.00000000e+000 0.00000000e+000 0.00000000e+000 0.00000000e+000 0.00000000e+000
61431.35109535 -75787.741705 -63772.423078 -37528.792685 0.00000000e+000 0.00000000e+000 0.00000000e+000 0.00000000e+000 0.00000000e+000 0.00000000e+000 0.00000000e+000 0.00000000e+000 0.00000000e+000 0.00000000e+000 0.00000000e+000 0.00000000e+000 0.00000000e+000 0.00000000e+000 0.00000000e+000 0.00000000e+000 0.00000000e+000 0.00000000e+000 0.00000000e+000 0.00000000e+000 0.00000000e+000
61431.38315644 -69283.119910 -61948.876330 -36432.673884 0.00000000e+000 0.00000000e+000 0.00000000e+000 0.00000000e+000 0.00000000e+000 0.00000000e+000 0.00000000e+000 0.00000000e+000 0.00000000e+000 0.00000000e+000 0.00000000e+000 0.00000000e+000 0.00000000e+000 0.00000000e+000 0.00000000e+000 0.00000000e+000 0.00000000e+000 0.00000000e+000 0.00000000e+000 0.00000000e+000 0.00000000e+000
61431.41244163 -63155.874443 -60116.950926 -35333.685850 0.00000000e+000 0.00000000e+000 0.00000000e+000 0.00000000e+000 0.00000000e+000 0.00000000e+000 0.00000000e+000 0.00000000e+000 0.00000000e+000 0.00000000e+000 0.00000000e+000 0.00000000e+000 0.00000000e+000 0.00000000e+000 0.00000000e+000 0.00000000e+000 0.00000000e+000 0.00000000e+000 0.00000000e+000 0.00000000e+000 0.00000000e+000
61431.43921602 -57384.902802 -58281.066994 -34234.286578 0.00000000e+000 0.00000000e+000 0.00000000e+000 0.00000000e+000 0.00000000e+000 0.00000000e+000 0.00000000e+000 0.00000000e+000 0.00000000e+000 0.00000000e+000 0.00000000e+000 0.00000000e+000 0.00000000e+000 0.00000000e+000 0.00000000e+000 0.00000000e+000 0.00000000e+000 0.00000000e+000 0.00000000e+000 0.00000000e+000 0.00000000e+000
61431.46371848 -51950.009894 -56444.873818 -33136.491117 0.00000000e+000 0.00000000e+000 0.00000000e+000 0.00000000e+000 0.00000000e+000 0.00000000e+000 0.00000000e+000 0.00000000e+000 0.00000000e+000 0.00000000e+000 0.00000000e+000 0.00000000e+000 0.00000000e+000 0.00000000e+000 0.00000000e+000 0.00000000e+000 0.00000000e+000 0.00000000e+000 0.00000000e+000 0.00000000e+000 0.00000000e+000
61431.48616410 -46832.005709 -54611.356613 -32041.933955 0.00000000e+000 0.00000000e+000 0.00000000e+000 0.00000000e+000 0.00000000e+000 0.00000000e+000 0.00000000e+000 0.00000000e+000 0.00000000e+000 0.00000000e+000 0.00000000e+000 0.00000000e+000 0.00000000e+000 0.00000000e+000 0.00000000e+000 0.00000000e+000 0.00000000e+000 0.00000000e+000 0.00000000e+000 0.00000000e+000 0.00000000e+000
61431.50674721 -42012.562069 -52782.853828 -30951.878132 2.57609284e+006 4.52254485e+006 1.73101506e+006 2.09695521e+005 5.22412244e+003 4.09832030e+002 7.68046012e+001 1.51348753e+001 2.61409101e+000 5.87505229e-001 1.19960188e-001 1.08015056e-002 2.47374265e-003 0.00000000e+000 0.00000000e+000 0.00000000e+000 0.00000000e+000 0.00000000e+000 0.00000000e+000 0.00000000e+000 0.00000000e+000
61431.52564326 -37474.288399 -50961.140176 -29867.263822 4.88266329e+006 9.36977281e+006 4.00997212e+006 5.66450552e+005 1.84868353e+004 1.52660451e+003 2.90664257e+002 6.13724714e+001 1.12493967e+001 2.52796235e+000 8.17467382e-001 2.88094437e-001 1.62737257e-001 0.00000000e+000 0.00000000e+000 0.00000000e+000 0.00000000e+000 0.00000000e+000 0.00000000e+000 0.00000000e+000 0.00000000e+000
61431.54301094 -33200.670830 -49147.454626 -28788.724199 1.11296302e+007 2.18368429e+007 9.87892734e+006 1.51963087e+006 6.21167758e+004 5.47087904e+003 1.06513216e+003 2.38386078e+002 4.68550090e+001 1.06816033e+001 3.46644277e+000 1.52398665e+000 8.45629072e-001 3.29989326e-001 1.55745851e-001 0.00000000e+000 0.00000000e+000 0.00000000e+000 0.00000000e+000 0.00000000e+000 0.00000000e+000
61431.55899419 -29175.977304 -47342.499611 -27716.584394 2.67874187e+007 5.07802090e+007 2.26462897e+007 3.56345757e+006 1.68782061e+005 1.60189355e+004 3.16223494e+003 6.98156613e+002 1.40174592e+002 3.22918789e+001 1.07728065e+001 4.85092462e+000 2.71351118e+000 1.42805654e+000 6.75930757e-001 2.28292713e-001 0.00000000e+000 0.00000000e+000 0.00000000e+000 0.00000000e+000 0.00000000e+000
61431.57372376 -25385.242279 -45546.459765 -26650.872266 6.15046046e+007 1.09321411e+008 4.66764657e+007 7.35485687e+006 3.97804408e+005 4.15634982e+004 8.45682995e+003 1.84757570e+003 3.80566212e+002 8.78572676e+001 2.93836281e+001 1.29779827e+001 7.29146744e+000 3.98939071e+000 1.91473276e+000 9.73730826e-001 2.58827622e-001 1.59800984e-001 7.90379565e-002 0.00000000e+000 0.00000000e+000
61431.58731852 -21814.254303 -43759.013391 -25591.324964 1.28024678e+008 2.09384065e+008 8.49679690e+007 1.34233818e+007 8.16088430e+005 9.42540459e+004 2.01865571e+004 4.45351953e+003 9.44957158e+002 2.20196748e+002 7.31560097e+001 3.10517901e+001 1.69719144e+001 9.20624506e+000 4.63807590e+000 2.31409544e+000 1.32019789e+000 8.18364806e-001 3.86739135e-001 3.18427401e-002 0.00000000e+000
61431.59988725 -18449.387632 -41979.249760 -24537.339856 2.51093229e+008 3.61945255e+008 1.36246125e+008 2.11863950e+007 1.41913435e+006 1.81425353e+005 4.11638190e+004 9.22503246e+003 1.99872106e+003 4.74955074e+002 1.58677965e+002 6.61763426e+001 3.55041949e+001 1.88806600e+001 9.64497095e+000 4.92733894e+000 2.95745533e+000 1.88783348e+000 9.43339369e-001 2.73559462e-001 2.79428366e-003
61431.61152972 -15277.586574 -40205.633901 -23487.953927 4.43990171e+008 5.68982243e+008 2.01522135e+008 3.11870533e+007 2.33536907e+006 3.38595649e+005 8.29094726e+004 1.92168794e+004 4.33438196e+003 1.05532634e+003 3.48105398e+002 1.39708181e+002 7.28419819e+001 3.77320664e+001 1.93986333e+001 1.01317605e+001 6.31975800e+000 4.18622041e+000 2.14866046e+000 6.91927041e-001 2.59962366e-001
61431.62233831 -12286.188991 -38435.853595 -22441.753733 6.45150938e+008 7.65807984e+008 2.67140035e+008 4.24264703e+007 3.50615846e+006 5.76409254e+005 1.53148030e+005 3.78686075e+004 8.49444525e+003 2.04681372e+003 6.40446535e+002 2.51805100e+002 1.30800468e+002 6.75511664e+001 3.52574044e+001 1.89488234e+001 1.20806127e+001 8.15064547e+000 4.23735400e+000 1.46929034e+000 6.57356250e-001
61431.63239924 -9462.809850 -36666.643592 -21396.772434 7.79537646e+008 8.72703246e+008 3.11308844e+008 5.29275583e+007 4.92050632e+006 9.17099494e+005 2.63191929e+005 6.95383299e+004 1.54392972e+004 3.65750071e+003 1.08332113e+003 4.17309255e+002 2.16180115e+002 1.10916813e+002 5.87312954e+001 3.22025990e+001 2.04662022e+001 1.37236877e+001 7.19257581e+000 2.65651644e+000 1.23707858e+000
61431.64167470 -6829.232722 -34916.830106 -20364.085756 8.09217168e+008 8.61041184e+008 3.23928499e+008 6.16482349e+007 6.48178219e+006 1.35884771e+006 4.18308447e+005 1.18098172e+005 2.57618282e+004 5.86568148e+003 1.62700493e+003 6.25156882e+002 3.25733652e+002 1.67076166e+002 8.88593430e+001 4.88478156e+001 3.04165088e+001 2.00413333e+001 1.05700833e+001 4.16267716e+000 2.04007604e+000
61431.64917141 -4682.035821 -33408.405228 -19474.508369 8.00845286e+008 8.22157825e+008 3.19496929e+008 6.80824082e+007 7.71235191e+006 1.79810135e+006 5.93016415e+005 1.78730930e+005 3.77841573e+004 8.02155299e+003 2.04900394e+003 8.02640846e+002 4.24728660e+002 2.20885742e+002 1.17094798e+002 6.39419131e+001 3.88821594e+001 2.51335484e+001 1.32178667e+001 5.47970492e+000 2.84451647e+000
61431.65591118 -2740.314228 -31971.793818 -18627.826499 7.64530030e+008 7.61453785e+008 3.04714403e+008 7.25625139e+007 8.70069061e+006 2.23423598e+006 7.98718000e+005 2.63368033e+005 5.46321664e+004 1.06823088e+004 2.46501104e+003 9.85724457e+002 5.28045692e+002 2.82942422e+002 1.51759278e+002 8.25310263e+001 4.90532499e+001 3.10228552e+001 1.61795192e+001 6.88084997e+000 3.70090872e+000
61431.66186836 -1017.971230 -30631.769911 -17838.537559 7.08071434e+008 6.85009102e+008 2.84380637e+008 7.55067809e+007 9.44167257e+006 2.59365010e+006 9.78095156e+005 3.49096603e+005 7.09858727e+004 1.28280433e+004 2.80062432e+003 1.14775248e+003 6.17061663e+002 3.36069277e+002 1.81420553e+002 9.85151913e+001 5.74968856e+001 3.58842438e+001 1.85953411e+001 8.01226974e+000 4.38387995e+000
61431.66686289 428.007429 -29452.625757 -17144.375092 6.15874928e+008 5.80874820e+008 2.54971362e+008 7.45354880e+007 9.58718329e+006 2.77265535e+006 1.09002467e+006 4.26764260e+005 8.49395996e+004 1.39885581e+004 2.99396727e+003 1.24906379e+003 6.64666473e+002 3.60921902e+002 1.95130460e+002 1.06388099e+002 6.14564264e+001 3.83128688e+001 1.97720087e+001 8.56310923e+000 4.70604767e+000
61431.67114536 1667.261493 -28397.762024 -16523.662545 5.26774227e+008 4.85695333e+008 2.25767765e+008 7.20614581e+007 9.38369691e+006 2.82023595e+006 1.15438534e+006 4.86944166e+005 9.52381009e+004 1.43627707e+004 3.10386398e+003 1.31881941e+003 6.94296734e+002 3.74723522e+002 2.02548439e+002 1.11165390e+002 6.40000621e+001 4.00215658e+001 2.06578582e+001 9.00956875e+000 4.97572611e+000
61431.67543397 2905.695021 -27297.742762 -15876.662696 4.28628235e+008 3.85068681e+008 1.91060366e+008 6.72728063e+007 8.74770324e+006 2.74499447e+006 1.18505004e+006 5.41047601e+005 1.04326861e+005 1.42543640e+004 3.17508197e+003 1.37404535e+003 7.12010405e+002 3.79616259e+002 2.04640563e+002 1.13498163e+002 6.55029799e+001 4.13090177e+001 2.14345922e+001 9.45153825e+000 5.25583971e+000
61431.68030434 4305.866904 -25991.487737 -15108.731510 3.14699204e+008 2.77747120e+008 1.48644781e+008 5.73494602e+007 8.25592078e+006 2.69489909e+006 1.15909515e+006 5.11501452e+005 9.37783684e+004 1.27516909e+004 3.13376445e+003 1.34883640e+003 6.73901435e+002 3.49783348e+002 1.86477229e+002 1.04190244e+002 6.05805866e+001 3.86296596e+001 2.01306825e+001 8.94626177e+000 4.99155630e+000
61431.68529240 5728.483784 -24585.708153 -14282.734049 2.06962784e+008 1.79579813e+008 1.05622012e+008 4.48440228e+007 7.62226866e+006 2.56753804e+006 1.06422535e+006 4.29504319e+005 7.34505254e+004 1.05442528e+004 2.97418056e+003 1.25692606e+003 5.96691650e+002 2.97234977e+002 1.55287006e+002 8.72224221e+001 5.11403923e+001 3.29182367e+001 1.71913367e+001 7.69891902e+000 4.30671289e+000
61431.69026297 7128.703956 -23110.625731 -13416.502521 1.24059249e+008 1.05029709e+008 6.82577148e+007 3.18542090e+007 6.66806724e+006 2.28094197e+006 8.86548949e+005 3.12894405e+005 4.90757053e+004 7.94348219e+003 2.64033998e+003 1.09081632e+003 4.86218290e+002 2.29268733e+002 1.16129934e+002 6.52961993e+001 3.82538155e+001 2.45274419e+001 1.27221440e+001 5.73433763e+000 3.21562766e+000
61431.69513431 8476.830909 -21587.097294 -12522.336740 6.95067758e+007 5.85853449e+007 4.03820033e+007 2.37824243e+007 6.71763205e+006 2.27488976e+006 8.49106771e+005 2.27163664e+005 3.23095483e+004 6.38203972e+003 2.11124914e+003 8.29759412e+002 3.50538253e+002 1.57669221e+002 7.85031535e+001 4.37442771e+001 2.55382354e+001 1.59063758e+001 7.95439384e+000 3.36838706e+000 1.83290283e+000
61431.69977353 9730.315561 -20058.855115 -11625.923399 3.88748128e+007 3.21740059e+007 2.21304575e+007 1.60361507e+007 6.02269446e+006 1.87497951e+006 6.69121385e+005 1.34508044e+005 1.82672201e+004 4.61101810e+003 1.52582793e+003 5.71679188e+002 2.30639201e+002 1.00143299e+002 4.83438875e+001 2.60601031e+001 1.48486609e+001 9.01340086e+000 4.39360575e+000 1.76294438e+000 9.36570384e-001
61431.70408845 10861.059108 -18565.035549 -10750.197341 2.39277065e+007 1.86576910e+007 1.24230044e+007 1.21545172e+007 5.45125962e+006 1.55405008e+006 5.49322257e+005 8.95789625e+004 1.18690986e+004 3.20871919e+003 1.03736139e+003 3.71826048e+002 1.44705016e+002 6.10738200e+001 2.85139730e+001 1.45156722e+001 7.80615061e+000 4.52186322e+000 2.13457228e+000 8.18581375e-001 4.31928230e-001
61431.70811359 11876.924252 -17104.957763 -9894.720782 1.70560071e+007 1.20589159e+007 7.46002704e+006 9.98130543e+006 4.88562253e+006 1.24678115e+006 4.35511529e+005 6.05379979e+004 7.94531862e+003 2.06284154e+003 6.49327986e+002 2.22600591e+002 8.40783771e+001 3.45583939e+001 1.57349120e+001 7.51051751e+000 3.75321710e+000 2.04206723e+000 9.25609668e-001 3.40139635e-001 1.81128969e-001
61431.71188773 12787.075846 -15674.897787 -9057.277299 1.45789909e+007 9.08480076e+006 5.06416255e+006 8.25737527e+006 4.18357103e+006 9.12152875e+005 3.03177509e+005 3.50416338e+004 4.74185791e+003 1.20152261e+003 3.73585657e+002 1.21851640e+002 4.46122312e+001 1.77146937e+001 7.91861811e+000 3.61326737e+000 1.73309383e+000 9.08579592e-001 3.98898450e-001 1.39861714e-001 7.50224805e-002
61431.71544760 13600.008472 -14270.190171 -8235.105896 1.43456468e+007 7.49961951e+006 3.95515492e+006 6.55649350e+006 3.23991537e+006 5.46620253e+005 1.52397640e+005 1.40608604e+004 2.52331536e+003 6.49048272e+002 1.98951014e+002 6.14795691e+001 2.16769602e+001 8.34439821e+000 3.73984136e+000 1.76147341e+000 8.74713155e-001 4.78338797e-001 2.12947182e-001 7.36152049e-002 4.05023771e-002
61431.71882763 14323.261264 -12885.448699 -7425.031016 1.63249739e+007 7.25029953e+006 3.69504661e+006 5.49141680e+006 2.54871512e+006 3.42287795e+005 8.39214191e+004 6.81506864e+003 1.40811232e+003 3.55966432e+002 1.08670846e+002 3.26273964e+001 1.12848408e+001 4.24081864e+000 1.91483285e+000 9.33018699e-001 4.84626061e-001 2.72715416e-001 1.23253274e-001 4.33847354e-002 2.47257395e-002
61431.72206027 14963.286892 -11514.597663 -6623.481448 1.77999100e+007 7.25734750e+006 3.43252719e+006 4.35631470e+006 1.80303193e+006 1.88336305e+005 3.97307943e+004 2.83023252e+003 7.27977375e+002 1.77843156e+002 5.36306042e+001 1.54129317e+001 5.17070018e+000 1.87697172e+000 8.63505486e-001 4.50428818e-001 2.57282938e-001 1.53012314e-001 7.15238971e-002 2.61484009e-002 1.57410266e-002
61431.72517670 15525.370828 -10150.769958 -5826.431435 1.81324188e+007 6.87976646e+006 2.90447370e+006 3.01943767e+006 1.03154102e+006 7.35368180e+004 1.41451989e+004 1.46242663e+003 4.13076117e+002 9.43367745e+001 2.76891665e+001 7.74527149e+000 2.51357306e+000 9.03197851e-001 4.31260740e-001 2.47603463e-001 1.61515682e-001 1.03856359e-001 5.16145295e-002 1.97091534e-002 1.22927956e-002
61431.72820773 16013.538508 -8786.089243 -5029.274348 1.75178701e+007 6.05615268e+006 2.36197766e+006 2.18373516e+006 6.62038354e+005 3.73547288e+004 6.78853115e+003 9.26902663e+002 2.70289490e+002 5.81478397e+001 1.58905720e+001 4.22821612e+000 1.31480799e+000 4.62889950e-001 2.25031835e-001 1.34936550e-001 9.48755873e-002 6.37403156e-002 3.31778413e-002 1.30983382e-002 8.28512480e-003
61431.73118492 16430.402000 -7411.325721 -4226.623113 1.68872658e+007 5.28752598e+006 1.88639482e+006 1.50072347e+006 3.89186452e+005 1.53576430e+004 2.64340780e+003 5.86603101e+002 1.82515760e+002 3.64371344e+001 8.56905439e+000 2.07109606e+000 6.06437952e-001 2.06769631e-001 9.94592417e-002 6.07853909e-002 4.44973720e-002 3.14400233e-002 1.76872042e-002 7.38370262e-003 4.73631570e-003
61431.73414154 16776.836890 -6015.644031 -3412.165191 1.70373316e+007 5.15740664e+006 1.76402282e+006 1.13723214e+006 2.52448226e+005 8.11195028e+003 1.41882493e+003 4.50448536e+002 1.37083479e+002 2.59192247e+001 5.58888919e+000 1.26821381e+000 3.53983035e-001 1.16641349e-001 5.52955023e-002 3.43046105e-002 2.62117637e-002 1.93366690e-002 1.15175951e-002 5.04262912e-003 3.29151939e-003
61431.73711182 17051.373634 -4587.232742 -2579.032398 1.71685212e+007 5.07664913e+006 1.70807288e+006 8.93365821e+005 1.69268569e+005 5.58229258e+003 1.08639888e+003 3.82048666e+002 1.11143416e+002 2.04356443e+001 4.36066657e+000 9.92049525e-001 2.78967406e-001 9.20653194e-002 4.37191318e-002 2.73016379e-002 2.09389103e-002 1.54926229e-002 9.20144530e-003 4.06222813e-003 2.66449482e-003
61431.74000355 17243.080081 -3176.251410 -1756.488882 1.68266174e+007 4.82537940e+006 1.60403547e+006 7.12204761e+005 1.10525214e+005 3.76777830e+003 8.52423900e+002 3.36834960e+002 9.37292602e+001 1.66760251e+001 3.50202231e+000 7.98506993e-001 2.26389005e-001 7.49782538e-002 3.57249237e-002 2.24700404e-002 1.73211158e-002 1.28694750e-002 7.63007298e-003 3.39725461e-003 2.24045706e-003
61431.74281304 17354.335434 -1791.558455 -949.681058 1.60849830e+007 4.46379587e+006 1.47045309e+006 6.04694958e+005 7.79090962e+004 2.75842117e+003 7.26418964e+002 3.13867700e+002 8.45075139e+001 1.46269625e+001 3.02657985e+000 6.90967210e-001 1.97258263e-001 6.56033725e-002 3.13667187e-002 1.98526436e-002 1.53841734e-002 1.14829462e-002 6.80346712e-003 3.04752218e-003 2.01873558e-003
61431.74556248 17389.323914 -428.814487 -156.061474 1.50742343e+007 4.05873211e+006 1.33752370e+006 5.75114598e+005 7.16903471e+004 2.59222251e+003 7.17622693e+002 3.17113628e+002 8.46911025e+001 1.45437944e+001 3.00495318e+000 6.88068188e-001 1.96967301e-001 6.57560741e-002 3.14995696e-002 1.99782013e-002 1.55196710e-002 1.16136635e-002 6.87928539e-003 3.07874233e-003 2.03962558e-003
61431.74827603 17351.078403 917.958484 627.865273 1.39533412e+007 3.68761125e+006 1.23270494e+006 6.18674807e+005 8.98620545e+004 3.17383872e+003 8.09841635e+002 3.43061700e+002 9.30509350e+001 1.61651253e+001 3.36399044e+000 7.70729901e-001 2.19964852e-001 7.35030182e-002 3.52237117e-002 2.22861814e-002 1.73104104e-002 1.29445745e-002 7.68025083e-003 3.43012213e-003 2.27142647e-003
61431.75092794 17243.887464 2230.488288 1391.482273 1.27588586e+007 3.31576779e+006 1.14509563e+006 7.24452390e+005 1.28628326e+005 4.39082228e+003 9.98165798e+002 3.94401446e+002 1.10584560e+002 1.97119846e+001 4.17260267e+000 9.61210760e-001 2.72521114e-001 9.11260215e-002 4.36480111e-002 2.74064736e-002 2.12075087e-002 1.58303434e-002 9.43605913e-003 4.19224846e-003 2.76291600e-003
61431.75360282 17066.964741 3545.487653 2156.159259 1.15327074e+007 2.96475354e+006 1.07328630e+006 8.78756169e+005 1.83919769e+005 6.10451666e+003 1.26496514e+003 4.66562747e+002 1.36988518e+002 2.51615444e+001 5.41159618e+000 1.24900360e+000 3.48743537e-001 1.16391645e-001 5.60046118e-002 3.50878227e-002 2.71345037e-002 2.02595043e-002 1.21943063e-002 5.41892984e-003 3.55397740e-003
61431.75632662 16817.977830 4870.225051 2926.114254 1.01737916e+007 2.65388856e+006 1.00206702e+006 1.06777072e+006 2.53929409e+005 8.30994353e+003 1.61299282e+003 5.59580870e+002 1.71935398e+002 3.25212924e+001 7.06011562e+000 1.63665272e+000 4.58593735e-001 1.53402646e-001 7.38676244e-002 4.59467767e-002 3.53987732e-002 2.63769490e-002 1.60346234e-002 7.16184636e-003 4.67618157e-003
61431.75914362 16490.755319 6220.076285 3710.264787 9.96349543e+006 2.89575708e+006 1.22815350e+006 1.57620842e+006 4.73615689e+005 2.53685902e+004 4.70087745e+003 8.38299021e+002 2.60873509e+002 5.55130062e+001 1.49358631e+001 3.99899413e+000 1.25854174e+000 4.50869340e-001 2.23374519e-001 1.36225022e-001 9.67989334e-002 6.60651761e-002 3.51174649e-002 1.40256929e-002 8.63308552e-003
61431.76204797 16083.705693 7585.488688 4503.039061 1.02164079e+007 3.22765223e+006 1.48569201e+006 2.14275138e+006 7.21473934e+005 4.51147886e+004 8.30508771e+003 1.20274730e+003 3.83989975e+002 8.78153507e+001 2.61543123e+001 7.43507970e+000 2.44498365e+000 9.00561959e-001 4.49907460e-001 2.70566025e-001 1.86318528e-001 1.23613774e-001 6.23662291e-002 2.34030899e-002 1.38304770e-002
61431.76506150 15592.324826 8969.657572 5306.271796 1.04996760e+007 3.51964842e+006 1.95749245e+006 3.28915190e+006 1.38088169e+006 1.34200895e+005 2.64833092e+004 2.52656369e+003 7.93592538e+002 1.97574216e+002 6.18062782e+001 1.85832955e+001 6.53777827e+000 2.46841797e+000 1.15299249e+000 5.97084969e-001 3.38962219e-001 2.01968215e-001 9.21634400e-002 3.17494006e-002 1.79979519e-002
61431.76820051 15012.672331 10372.437808 6119.855917 1.06508455e+007 4.06453520e+006 2.38275946e+006 4.46894563e+006 2.01757507e+006 2.64828150e+005 6.17089341e+004 5.96700594e+003 1.62723456e+003 4.31002542e+002 1.36769501e+002 4.32851758e+001 1.58953480e+001 6.22691751e+000 2.81858490e+000 1.34623481e+000 6.85390802e-001 3.81053206e-001 1.66809472e-001 5.57675181e-002 3.02128379e-002
61431.77144661 14348.380379 11778.283121 6934.758748 1.12378451e+007 5.27784248e+006 3.06588469e+006 5.80464894e+006 2.65863167e+006 4.68138963e+005 1.26195425e+005 1.26212776e+004 2.96841099e+003 8.24204869e+002 2.63712481e+002 8.76132813e+001 3.33015396e+001 1.34687445e+001 6.04763287e+000 2.77132793e+000 1.33823603e+000 7.16495330e-001 3.11927744e-001 1.05979750e-001 5.59276423e-002
61431.77461972 13643.053890 13106.742989 7704.377087 1.34773384e+007 7.53993833e+006 4.50681136e+006 7.50758131e+006 3.42583525e+006 7.66511319e+005 2.30471579e+005 2.34098950e+004 4.61391981e+003 1.32955328e+003 4.33810183e+002 1.51945888e+002 6.00497240e+001 2.50811531e+001 1.13373467e+001 5.06639470e+000 2.36401153e+000 1.22273844e+000 5.31504677e-001 1.86528500e-001 9.74752396e-002
61431.77781155 12885.155879 14396.626784 8451.244027 1.81666654e+007 1.15203018e+007 7.62308282e+006 8.98987947e+006 3.75175898e+006 9.80843712e+005 3.11505085e+005 3.82339128e+004 6.99581379e+003 2.14743732e+003 7.34170383e+002 2.67444681e+002 1.08488944e+002 4.76986727e+001 2.22809389e+001 1.03984245e+001 5.00130561e+000 2.67017176e+000 1.18431390e+000 4.23732390e-001 2.18741672e-001
61431.78107417 12067.396662 15667.078899 9186.466136 2.76919141e+007 1.94427960e+007 1.33470247e+007 1.06710323e+007 3.89622352e+006 1.14804018e+006 3.76955837e+005 5.29268315e+004 9.37766790e+003 3.07586067e+003 1.09849318e+003 4.08207782e+002 1.69959613e+002 7.81499457e+001 3.78960284e+001 1.87789045e+001 9.67614492e+000 5.48059726e+000 2.52143591e+000 9.31010008e-001 4.80047326e-001
61431.78444324 11184.269828 16928.810403 9916.249535 4.48708302e+007 3.35981361e+007 2.31826840e+007 1.39250127e+007 4.08497407e+006 1.31005224e+006 4.44932170e+005 7.74670044e+004 1.29855660e+004 4.02887291e+003 1.48186108e+003 5.67842246e+002 2.45693073e+002 1.17567053e+002 5.90331624e+001 3.05876564e+001 1.64930910e+001 9.69545558e+000 4.59613133e+000 1.76700320e+000 9.24205333e-001
61431.78794869 10230.592453 18188.976717 10644.731894 7.27774028e+007 5.64432524e+007 3.80924372e+007 1.91427279e+007 4.33400295e+006 1.44135897e+006 5.09104762e+005 1.15126047e+005 1.81999512e+004 4.94211849e+003 1.85149889e+003 7.45100047e+002 3.38012140e+002 1.67333228e+002 8.61038399e+001 4.57401399e+001 2.52027316e+001 1.51532835e+001 7.37212330e+000 2.95797951e+000 1.57787405e+000
61431.79161829 9201.105671 19452.795081 11374.921997 1.22235425e+008 9.63369235e+007 6.00024445e+007 2.46946641e+007 4.29130846e+006 1.39459211e+006 5.10618063e+005 1.48396627e+005 2.25303689e+004 5.46840444e+003 2.09779553e+003 9.04501459e+002 4.35436316e+002 2.23931762e+002 1.15902838e+002 6.21213767e+001 3.44124816e+001 2.11370285e+001 1.06052956e+001 4.48548886e+000 2.45852109e+000
61431.79547926 8090.347888 20724.240111 12109.104030 2.05612046e+008 1.63749967e+008 8.95393022e+007 3.33115007e+007 4.80248892e+006 1.45405721e+006 5.51590103e+005 1.85757284e+005 2.90442395e+004 5.89195621e+003 2.12471455e+003 9.68711408e+002 4.94237072e+002 2.66561790e+002 1.41419061e+002 7.63998310e+001 4.25577177e+001 2.64425303e+001 1.34232175e+001 5.72252934e+000 3.14042988e+000
61431.79955911 6892.644997 22006.368342 12849.026491 3.25288392e+008 2.60715534e+008 1.25849451e+008 4.19921472e+007 5.17777704e+006 1.44232400e+006 5.52059601e+005 2.04915995e+005 3.29489118e+004 5.82067749e+003 1.99954932e+003 9.61575087e+002 5.15345617e+002 2.89518483e+002 1.56858491e+002 8.49170200e+001 4.69056238e+001 2.90695975e+001 1.48239878e+001 6.37898666e+000 3.51499853e+000
61431.80388598 5602.166113 23301.470835 13595.991353 4.80688937e+008 3.86284313e+008 1.66349866e+008 4.90929139e+007 5.42032024e+006 1.37493345e+006 5.07047421e+005 1.93752375e+005 3.15365133e+004 5.23163408e+003 1.74208567e+003 8.79442276e+002 4.91572393e+002 2.84386819e+002 1.56356828e+002 8.43951573e+001 4.59828093e+001 2.82285484e+001 1.44197994e+001 6.29882895e+000 3.50758259e+000
61431.80846444 4220.411728 24604.382544 14346.999690 6.65226902e+008 5.34296845e+008 2.06722132e+008 5.32128522e+007 5.54738863e+006 1.27585485e+006 4.25720456e+005 1.49198508e+005 2.40284904e+004 4.23253356e+003 1.38384732e+003 7.27885545e+002 4.22667163e+002 2.47919223e+002 1.37308168e+002 7.35355859e+001 3.96097373e+001 2.40282680e+001 1.23001420e+001 5.50066916e+000 3.12777824e+000
61431.81316024 2791.732774 25873.915830 15078.314535 8.44237078e+008 6.77496869e+008 2.34103598e+008 5.18860181e+007 4.86113727e+006 1.00939801e+006 3.13678971e+005 1.01913772e+005 1.65689168e+004 3.11241300e+003 1.05604743e+003 5.81932660e+002 3.47080422e+002 2.02359494e+002 1.11720274e+002 5.97134454e+001 3.22495450e+001 1.96486093e+001 1.03223011e+001 4.81884518e+000 2.83190486e+000
61431.81793764 1331.256721 27101.473609 15785.013798 9.23748860e+008 7.49086337e+008 2.43424978e+008 4.65238128e+007 3.86779862e+006 7.21740096e+005 2.09785682e+005 6.45844675e+004 1.06813914e+004 2.15989678e+003 7.81270707e+002 4.39381385e+002 2.65402642e+002 1.52006931e+002 8.42504778e+001 4.54826050e+001 2.51518717e+001 1.56491038e+001 8.51399617e+000 4.09892586e+000 2.44762712e+000
61431.82271715 -132.863050 28270.003054 16457.323768 9.41032851e+008 7.75268153e+008 2.41377411e+008 3.98303570e+007 2.88025151e+006 4.72671041e+005 1.28339674e+005 3.78279998e+004 6.50159720e+003 1.45231702e+003 5.67300835e+002 3.20892748e+002 1.94828157e+002 1.09350988e+002 6.14917170e+001 3.39491459e+001 1.95513336e+001 1.25557953e+001 7.10197214e+000 3.48137625e+000 2.07443791e+000
61431.82632672 -1238.604464 29115.853042 16943.728155 9.10152533e+008 7.62921144e+008 2.31990768e+008 3.44150083e+007 2.23699256e+006 3.34275214e+005 8.82485476e+004 2.58598477e+004 4.65120160e+003 1.11588808e+003 4.53285271e+002 2.54473168e+002 1.54121165e+002 8.63244583e+001 4.97285300e+001 2.81906721e+001 1.68300339e+001 1.10720765e+001 6.41192134e+000 3.12972116e+000 1.81909763e+000
61431.82992903 -2340.885842 29930.610128 17412.047911 8.70042951e+008 7.42668142e+008 2.20072464e+008 2.94335361e+007 1.69095910e+006 2.26859302e+005 5.83395221e+004 1.70881609e+004 3.24886605e+003 8.35697166e+002 3.52166095e+002 1.97192370e+002 1.19322584e+002 6.69407096e+001 3.95154512e+001 2.30576775e+001 1.42746721e+001 9.60298188e+000 5.65732479e+000 2.73598243e+000 1.56476529e+000
61431.83485771 -3845.392967 31000.875833 18026.921973 7.94905982e+008 6.96269221e+008 1.98651510e+008 2.34256839e+007 1.13591919e+006 1.34616563e+005 3.39527350e+004 1.00224970e+004 2.00736417e+003 5.38966297e+002 2.35683566e+002 1.33723207e+002 8.14972563e+001 4.65057354e+001 2.80907456e+001 1.69346153e+001 1.09196395e+001 7.51427972e+000 4.43243240e+000 2.05655484e+000 1.15399530e+000
61431.84039466 -5528.481211 32146.404059 18684.634356 6.46626795e+008 5.82111757e+008 1.63214848e+008 1.73560572e+007 7.20370106e+005 7.52460405e+004 1.86803950e+004 5.58481380e+003 1.19923087e+003 3.37547369e+002 1.53342852e+002 8.79764895e+001 5.40176648e+001 3.14242106e+001 1.93277955e+001 1.19397123e+001 7.86497511e+000 5.46483505e+000 3.19346332e+000 1.42930137e+000 7.85580310e-001
61431.84656392 -7392.570845 33357.878280 19379.747426 4.56300233e+008 4.27679726e+008 1.19838822e+008 1.15413135e+007 4.07706241e+005 3.69298927e+004 8.99935671e+003 2.76040108e+003 6.55108244e+002 1.95380135e+002 9.30946644e+001 5.42455479e+001 3.37210192e+001 2.01173429e+001 1.24840167e+001 7.77771782e+000 5.09878511e+000 3.51454637e+000 1.99533716e+000 8.52512498e-001 4.30727989e-001
61431.85334700 -9426.187745 34618.093839 20102.307241 2.86226920e+008 2.79946504e+008 7.97885539e+007 7.26087144e+006 2.23496840e+005 1.83784953e+004 4.47817135e+003 1.42862043e+003 3.58490035e+002 1.11820810e+002 5.51767768e+001 3.31466085e+001 2.12247174e+001 1.31313727e+001 8.24664202e+000 4.95879030e+000 3.16160153e+000 2.13344538e+000 1.19003881e+000 4.80517401e-001 8.94597273e-002
61431.86075890 -11627.132498 35917.376250 20846.693215 1.64286489e+008 1.68653363e+008 4.92991377e+007 4.31584427e+006 1.17910998e+005 8.96210915e+003 2.19595075e+003 7.31131695e+002 1.95066623e+002 6.32154667e+001 3.18035451e+001 1.95708344e+001 1.28904371e+001 8.27960131e+000 5.13234861e+000 2.96512244e+000 1.83256070e+000 1.20490923e+000 6.38123347e-001 1.56149295e-001 0.00000000e+000
61431.86882834 -13996.419265 37248.833897 21608.887382 8.26682113e+007 8.93448480e+007 2.69693822e+007 2.31852545e+006 5.61628971e+004 3.98634881e+003 9.95202844e+002 3.49271329e+002 9.94137974e+001 3.41872244e+001 1.74949593e+001 1.10012319e+001 7.43228430e+000 4.89019938e+000 2.90488508e+000 1.58998951e+000 7.23071685e-001 4.65419708e-001 1.95673341e-001 0.00000000e+000 0.00000000e+000
61431.87759450 -16537.208130 38607.293226 22385.860293 3.79385010e+007 4.24830248e+007 1.31852953e+007 1.15171100e+006 2.51035931e+004 1.73175071e+003 4.47632602e+002 1.65777213e+002 5.09349230e+001 1.92599042e+001 9.88856312e+000 6.19610667e+000 4.20299637e+000 2.74032680e+000 1.46224274e+000 6.59563143e-001 0.00000000e+000 0.00000000e+000 0.00000000e+000 0.00000000e+000 0.00000000e+000
61431.88710493 -19254.100778 39988.619182 23175.179202 1.70879741e+007 1.94529502e+007 6.08483582e+006 5.55185093e+005 1.09716033e+004 7.72570596e+002 2.07158931e+002 8.27312024e+001 2.85012057e+001 1.17045402e+001 5.75913349e+000 3.32442480e+000 2.14042049e+000 1.17207420e+000 5.90423013e-001 1.33248623e-002 0.00000000e+000 0.00000000e+000 0.00000000e+000 0.00000000e+000 0.00000000e+000
61431.89741499 -22152.855767 41389.368105 23974.807532 8.13031080e+006 9.16548443e+006 2.72746888e+006 2.46306403e+005 4.21470049e+003 3.05763570e+002 7.89093539e+001 2.96959554e+001 1.02629491e+001 4.24466930e+000 2.08027120e+000 1.08999173e+000 6.83007829e-001 1.07737203e-001 5.32470471e-002 0.00000000e+000 0.00000000e+000 0.00000000e+000 0.00000000e+000 0.00000000e+000 0.00000000e+000
61431.90858727 -25240.101887 42806.500961 24782.939467 4.57593107e+006 5.03488713e+006 1.41377188e+006 1.23953365e+005 1.88571146e+003 1.38477167e+002 3.39792029e+001 1.17507214e+001 3.97849243e+000 1.63172015e+000 7.53120726e-001 2.09092186e-001 1.27985683e-001 0.00000000e+000 0.00000000e+000 0.00000000e+000 0.00000000e+000 0.00000000e+000 0.00000000e+000 0.00000000e+000 0.00000000e+000
61431.92069223 -28523.376135 44237.289298 25597.944972 3.30354313e+006 3.56955939e+006 9.66685332e+005 8.37822813e+004 1.20301721e+003 9.06976037e+001 2.08709113e+001 6.54371982e+000 2.07714141e+000 8.11486917e-001 2.22650132e-001 0.00000000e+000 0.00000000e+000 0.00000000e+000 0.00000000e+000 0.00000000e+000 0.00000000e+000 0.00000000e+000 0.00000000e+000 0.00000000e+000 0.00000000e+000
61431.93375916 -31998.050590 45673.947095 26415.316116 0.00000000e+000 0.00000000e+000 0.00000000e+000 0.00000000e+000 0.00000000e+000 0.00000000e+000 0.00000000e+000 0.00000000e+000 0.00000000e+000 0.00000000e+000 0.00000000e+000 0.00000000e+000 0.00000000e+000 0.00000000e+000 0.00000000e+000 0.00000000e+000 0.00000000e+000 0.00000000e+000 0.00000000e+000 0.00000000e+000 0.00000000e+000
61431.94777851 -35649.153125 47105.604015 27228.805938 0.00000000e+000 0.00000000e+000 0.00000000e+000 0.00000000e+000 0.00000000e+000 0.00000000e+000 0.00000000e+000 0.00000000e+000 0.00000000e+000 0.00000000e+000 0.00000000e+000 0.00000000e+000 0.00000000e+000 0.00000000e+000 0.00000000e+000 0.00000000e+000 0.00000000e+000 0.00000000e+000 0.00000000e+000 0.00000000e+000 0.00000000e+000
61431.96280698 -39479.047376 48529.251897 28036.649694 0.00000000e+000 0.00000000e+000 0.00000000e+000 0.00000000e+000 0.00000000e+000 0.00000000e+000 0.00000000e+000 0.00000000e+000 0.00000000e+000 0.00000000e+000 0.00000000e+000 0.00000000e+000 0.00000000e+000 0.00000000e+000 0.00000000e+000 0.00000000e+000 0.00000000e+000 0.00000000e+000 0.00000000e+000 0.00000000e+000 0.00000000e+000
61431.97930722 -43589.336317 49975.958785 28856.377319 0.00000000e+000 0.00000000e+000 0.00000000e+000 0.00000000e+000 0.00000000e+000 0.00000000e+000 0.00000000e+000 0.00000000e+000 0.00000000e+000 0.00000000e+000 0.00000000e+000 0.00000000e+000 0.00000000e+000 0.00000000e+000 0.00000000e+000 0.00000000e+000 0.00000000e+000 0.00000000e+000 0.00000000e+000 0.00000000e+000 0.00000000e+000
61431.99665116 -47809.241884 51381.254588 29651.390293 0.00000000e+000 0.00000000e+000 0.00000000e+000 0.00000000e+000 0.00000000e+000 0.00000000e+000 0.00000000e+000 0.00000000e+000 0.00000000e+000 0.00000000e+000 0.00000000e+000 0.00000000e+000 0.00000000e+000 0.00000000e+000 0.00000000e+000 0.00000000e+000 0.00000000e+000 0.00000000e+000 0.00000000e+000 0.00000000e+000 0.00000000e+000
61432.01465213 -52086.743112 52729.762074 30413.020764 0.00000000e+000 0.00000000e+000 0.00000000e+000 0.00000000e+000 0.00000000e+000 0.00000000e+000 0.00000000e+000 0.00000000e+000 0.00000000e+000 0.00000000e+000 0.00000000e+000 0.00000000e+000 0.00000000e+000 0.00000000e+000 0.00000000e+000 0.00000000e+000 0.00000000e+000 0.00000000e+000 0.00000000e+000 0.00000000e+000 0.00000000e+000
61432.03472073 -56740.675597 54116.892162 31195.066308 0.00000000e+000 0.00000000e+000 0.00000000e+000 0.00000000e+000 0.00000000e+000 0.00000000e+000 0.00000000e+000 0.00000000e+000 0.00000000e+000 0.00000000e+000 0.00000000e+000 0.00000000e+000 0.00000000e+000 0.00000000e+000 0.00000000e+000 0.00000000e+000 0.00000000e+000 0.00000000e+000 0.00000000e+000 0.00000000e+000 0.00000000e+000
61432.05633005 -61625.563605 55489.968184 31967.655132 0.00000000e+000 0.00000000e+000 0.00000000e+000 0.00000000e+000 0.00000000e+000 0.00000000e+000 0.00000000e+000 0.00000000e+000 0.00000000e+000 0.00000000e+000 0.00000000e+000 0.00000000e+000 0.00000000e+000 0.00000000e+000 0.00000000e+000 0.00000000e+000 0.00000000e+000 0.00000000e+000 0.00000000e+000 0.00000000e+000 0.00000000e+000
61432.07963422 -66757.082471 56847.771818 32729.989889 0.00000000e+000 0.00000000e+000 0.00000000e+000 0.00000000e+000 0.00000000e+000 0.00000000e+000 0.00000000e+000 0.00000000e+000 0.00000000e+000 0.00000000e+000 0.00000000e+000 0.00000000e+000 0.00000000e+000 0.00000000e+000 0.00000000e+000 0.00000000e+000 0.00000000e+000 0.00000000e+000 0.00000000e+000 0.00000000e+000 0.00000000e+000
61432.10478522 -72147.845591 58187.578313 33480.412442 0.00000000e+000 0.00000000e+000 0.00000000e+000 0.00000000e+000 0.00000000e+000 0.00000000e+000 0.00000000e+000 0.00000000e+000 0.00000000e+000 0.00000000e+000 0.00000000e+000 0.00000000e+000 0.00000000e+000 0.00000000e+000 0.00000000e+000 0.00000000e+000 0.00000000e+000 0.00000000e+000 0.00000000e+000 0.00000000e+000 0.00000000e+000
61432.13194944 -77810.993677 59506.223191 34217.005057 0.00000000e+000 0.00000000e+000 0.00000000e+000 0.00000000e+000 0.00000000e+000 0.00000000e+000 0.00000000e+000 0.00000000e+000 0.00000000e+000 0.00000000e+000 0.00000000e+000 0.00000000e+000 0.00000000e+000 0.00000000e+000 0.00000000e+000 0.00000000e+000 0.00000000e+000 0.00000000e+000 0.00000000e+000 0.00000000e+000 0.00000000e+000
61432.16130868 -83760.070500 60800.037840 34937.553417 0.00000000e+000 0.00000000e+000 0.00000000e+000 0.00000000e+000 0.00000000e+000 0.00000000e+000 0.00000000e+000 0.00000000e+000 0.00000000e+000 0.00000000e+000 0.00000000e+000 0.00000000e+000 0.00000000e+000 0.00000000e+000 0.00000000e+000 0.00000000e+000 0.00000000e+000 0.00000000e+000 0.00000000e+000 0.00000000e+000 0.00000000e+000
61432.19300115 -89997.273482 62062.524603 35638.257499 0.00000000e+000 0.00000000e+000 0.00000000e+000 0.00000000e+000 0.00000000e+000 0.00000000e+000 0.00000000e+000 0.00000000e+000 0.00000000e+000 0.00000000e+000 0.00000000e+000 0.00000000e+000 0.00000000e+000 0.00000000e+000 0.00000000e+000 0.00000000e+000 0.00000000e+000 0.00000000e+000 0.00000000e+000 0.00000000e+000 0.00000000e+000
61432.22719831 -96529.306140 63288.039505 36315.788329 0.00000000e+000 0.00000000e+000 0.00000000e+000 0.00000000e+000 0.00000000e+000 0.00000000e+000 0.00000000e+000 0.00000000e+000 0.00000000e+000 0.00000000e+000 0.00000000e+000 0.00000000e+000 0.00000000e+000 0.00000000e+000 0.00000000e+000 0.00000000e+000 0.00000000e+000 0.00000000e+000 0.00000000e+000 0.00000000e+000 0.00000000e+000
61432.26410505 -103366.579889 64471.292614 36967.001135 0.00000000e+000 0.00000000e+000 0.00000000e+000 0.00000000e+000 0.00000000e+000 0.00000000e+000 0.00000000e+000 0.00000000e+000 0.00000000e+000 0.00000000e+000 0.00000000e+000 0.00000000e+000 0.00000000e+000 0.00000000e+000 0.00000000e+000 0.00000000e+000 0.00000000e+000 0.00000000e+000 0.00000000e+000 0.00000000e+000 0.00000000e+000
61432.30394166 -110519.228760 65606.445439 37588.431415 0.00000000e+000 0.00000000e+000 0.00000000e+000 0.00000000e+000 0.00000000e+000 0.00000000e+000 0.00000000e+000 0.00000000e+000 0.00000000e+000 0.00000000e+000 0.00000000e+000 0.00000000e+000 0.00000000e+000 0.00000000e+000 0.00000000e+000 0.00000000e+000 0.00000000e+000 0.00000000e+000 0.00000000e+000 0.00000000e+000 0.00000000e+000
61432.34694535 -117997.086135 66687.094690 38176.285196 0.00000000e+000 0.00000000e+000 0.00000000e+000 0.00000000e+000 0.00000000e+000 0.00000000e+000 0.00000000e+000 0.00000000e+000 0.00000000e+000 0.00000000e+000 0.00000000e+000 0.00000000e+000 0.00000000e+000 0.00000000e+000 0.00000000e+000 0.00000000e+000 0.00000000e+000 0.00000000e+000 0.00000000e+000 0.00000000e+000 0.00000000e+000
61432.39337235 -125809.727738 67706.257717 38726.429816 0.00000000e+000 0.00000000e+000 0.00000000e+000 0.00000000e+000 0.00000000e+000 0.00000000e+000 0.00000000e+000 0.00000000e+000 0.00000000e+000 0.00000000e+000 0.00000000e+000 0.00000000e+000 0.00000000e+000 0.00000000e+000 0.00000000e+000 0.00000000e+000 0.00000000e+000 0.00000000e+000 0.00000000e+000 0.00000000e+000 0.00000000e+000
61432.44349859 -133966.229619 68656.313670 39234.360407 0.00000000e+000 0.00000000e+000 0.00000000e+000 0.00000000e+000 0.00000000e+000 0.00000000e+000 0.00000000e+000 0.00000000e+000 0.00000000e+000 0.00000000e+000 0.00000000e+000 0.00000000e+000 0.00000000e+000 0.00000000e+000 0.00000000e+000 0.00000000e+000 0.00000000e+000 0.00000000e+000 0.00000000e+000 0.00000000e+000 0.00000000e+000
61432.49762079 -142474.981212 69528.959464 39695.174609 0.00000000e+000 0.00000000e+000 0.00000000e+000 0.00000000e+000 0.00000000e+000 0.00000000e+000 0.00000000e+000 0.00000000e+000 0.00000000e+000 0.00000000e+000 0.00000000e+000 0.00000000e+000 0.00000000e+000 0.00000000e+000 0.00000000e+000 0.00000000e+000 0.00000000e+000 0.00000000e+000 0.00000000e+000 0.00000000e+000 0.00000000e+000
61432.55605924 -151343.723278 70315.187334 40103.558503 0.00000000e+000 0.00000000e+000 0.00000000e+000 0.00000000e+000 0.00000000e+000 0.00000000e+000 0.00000000e+000 0.00000000e+000 0.00000000e+000 0.00000000e+000 0.00000000e+000 0.00000000e+000 0.00000000e+000 0.00000000e+000 0.00000000e+000 0.00000000e+000 0.00000000e+000 0.00000000e+000 0.00000000e+000 0.00000000e+000 0.00000000e+000
61432.61915747 -160579.063661 71005.209701 40453.744661 0.00000000e+000 0.00000000e+000 0.00000000e+000 0.00000000e+000 0.00000000e+000 0.00000000e+000 0.00000000e+000 0.00000000e+000 0.00000000e+000 0.00000000e+000 0.00000000e+000 0.00000000e+000 0.00000000e+000 0.00000000e+000 0.00000000e+000 0.00000000e+000 0.00000000e+000 0.00000000e+000 0.00000000e+000 0.00000000e+000 0.00000000e+000
61432.68728510 -170186.454775 71588.433290 40739.496249 0.00000000e+000 0.00000000e+000 0.00000000e+000 0.00000000e+000 0.00000000e+000 0.00000000e+000 0.00000000e+000 0.00000000e+000 0.00000000e+000 0.00000000e+000 0.00000000e+000 0.00000000e+000 0.00000000e+000 0.00000000e+000 0.00000000e+000 0.00000000e+000 0.00000000e+000 0.00000000e+000 0.00000000e+000 0.00000000e+000 0.00000000e+000
61432.76083995 -180169.983554 72053.409474 40954.078265 0.00000000e+000 0.00000000e+000 0.00000000e+000 0.00000000e+000 0.00000000e+000 0.00000000e+000 0.00000000e+000 0.00000000e+000 0.00000000e+000 0.00000000e+000 0.00000000e+000 0.00000000e+000 0.00000000e+000 0.00000000e+000 0.00000000e+000 0.00000000e+000 0.00000000e+000 0.00000000e+000 0.00000000e+000 0.00000000e+000 0.00000000e+000
61432.84024801 -190531.840684 72387.773561 41090.224148 0.00000000e+000 0.00000000e+000 0.00000000e+000 0.00000000e+000 0.00000000e+000 0.00000000e+000 0.00000000e+000 0.00000000e+000 0.00000000e+000 0.00000000e+000 0.00000000e+000 0.00000000e+000 0.00000000e+000 0.00000000e+000 0.00000000e+000 0.00000000e+000 0.00000000e+000 0.00000000e+000 0.00000000e+000 0.00000000e+000 0.00000000e+000
61432.92596730 -201272.261341 72578.211484 41140.115777 0.00000000e+000 0.00000000e+000 0.00000000e+000 0.00000000e+000 0.00000000e+000 0.00000000e+000 0.00000000e+000 0.00000000e+000 0.00000000e+000 0.00000000e+000 0.00000000e+000 0.00000000e+000 0.00000000e+000 0.00000000e+000 0.00000000e+000 0.00000000e+000 0.00000000e+000 0.00000000e+000 0.00000000e+000 0.00000000e+000 0.00000000e+000
61433.01848692 -212388.778606 72610.408656 41095.357133 0.00000000e+000 0.00000000e+000 0.00000000e+000 0.00000000e+000 0.00000000e+000 0.00000000e+000 0.00000000e+000 0.00000000e+000 0.00000000e+000 0.00000000e+000 0.00000000e+000 0.00000000e+000 0.00000000e+000 0.00000000e+000 0.00000000e+000 0.00000000e+000 0.00000000e+000 0.00000000e+000 0.00000000e+000 0.00000000e+000 0.00000000e+000
61433.11833072 -223876.031472 72469.025759 40946.960776 0.00000000e+000 0.00000000e+000 0.00000000e+000 0.00000000e+000 0.00000000e+000 0.00000000e+000 0.00000000e+000 0.00000000e+000 0.00000000e+000 0.00000000e+000 0.00000000e+000 0.00000000e+000 0.00000000e+000 0.00000000e+000 0.00000000e+000 0.00000000e+000 0.00000000e+000 0.00000000e+000 0.00000000e+000 0.00000000e+000 0.00000000e+000
61433.22605766 -235725.087850 72137.677700 40685.339268 0.00000000e+000 0.00000000e+000 0.00000000e+000 0.00000000e+000 0.00000000e+000 0.00000000e+000 0.00000000e+000 0.00000000e+000 0.00000000e+000 0.00000000e+000 0.00000000e+000 0.00000000e+000 0.00000000e+000 0.00000000e+000 0.00000000e+000 0.00000000e+000 0.00000000e+000 0.00000000e+000 0.00000000e+000 0.00000000e+000 0.00000000e+000
61433.34226184 -247922.707593 71598.944070 40300.315672 0.00000000e+000 0.00000000e+000 0.00000000e+000 0.00000000e+000 0.00000000e+000 0.00000000e+000 0.00000000e+000 0.00000000e+000 0.00000000e+000 0.00000000e+000 0.00000000e+000 0.00000000e+000 0.00000000e+000 0.00000000e+000 0.00000000e+000 0.00000000e+000 0.00000000e+000 0.00000000e+000 0.00000000e+000 0.00000000e+000 0.00000000e+000
61433.46757485 -260450.819903 70834.397874 39781.143763 0.00000000e+000 0.00000000e+000 0.00000000e+000 0.00000000e+000 0.00000000e+000 0.00000000e+000 0.00000000e+000 0.00000000e+000 0.00000000e+000 0.00000000e+000 0.00000000e+000 0.00000000e+000 0.00000000e+000 0.00000000e+000 0.00000000e+000 0.00000000e+000 0.00000000e+000 0.00000000e+000 0.00000000e+000 0.00000000e+000 0.00000000e+000
61433.60266853 -273285.936137 69824.648237 39116.536808 0.00000000e+000 0.00000000e+000 0.00000000e+000 0.00000000e+000 0.00000000e+000 0.00000000e+000 0.00000000e+000 0.00000000e+000 0.00000000e+000 0.00000000e+000 0.00000000e+000 0.00000000e+000 0.00000000e+000 0.00000000e+000 0.00000000e+000 0.00000000e+000 0.00000000e+000 0.00000000e+000 0.00000000e+000 0.00000000e+000 0.00000000e+000
61433.74825840 -286398.514353 68549.395667 38294.703655 0.00000000e+000 0.00000000e+000 0.00000000e+000 0.00000000e+000 0.00000000e+000 0.00000000e+000 0.00000000e+000 0.00000000e+000 0.00000000e+000 0.00000000e+000 0.00000000e+000 0.00000000e+000 0.00000000e+000 0.00000000e+000 0.00000000e+000 0.00000000e+000 0.00000000e+000 0.00000000e+000 0.00000000e+000 0.00000000e+000 0.00000000e+000
61433.90511367 -299752.729126 66987.436625 37303.352015 0.00000000e+000 0.00000000e+000 0.00000000e+000 0.00000000e+000 0.00000000e+000 0.00000000e+000 0.00000000e+000 0.00000000e+000 0.00000000e+000 0.00000000e+000 0.00000000e+000 0.00000000e+000 0.00000000e+000 0.00000000e+000 0.00000000e+000 0.00000000e+000 0.00000000e+000 0.00000000e+000 0.00000000e+000 0.00000000e+000 0.00000000e+000
