# Ae9Ap9 Model output file: MoonBEAM_trajectory_trade/Rp18408_COM_8per90prop30inc_Tran.AE9.output_mc_fluenceIntv_033.txt
# Ae9Ap9 Software Version:  1.50.001
#
# Model type:               AE9
# Particle species:         e-
# Flux type:                1PtDiff
# Flux direction:           Omnidirectional
# Energy levels (MeV):       0.04 0.07 0.1 0.25 0.5 0.75 1 1.5 2 2.5 3 3.5 4 4.5 5 5.5 6 6.5 7 8.5 10
#
# Accumulation mode:        Interval, length = 13997 seconds (0.162002 days)
#
# Time format:              Modified Julian Date
# Coordinate system:        GEI (Geocentric Equatorial Inertial) Cartesian in km
# Data Delimiter:           space
#
# datetime(mjd),posx(km),posy(km),posz(km),fluence,fluence,fluence,fluence,fluence,fluence,fluence,fluence,fluence,fluence,fluence,fluence,fluence,fluence,fluence,fluence,fluence,fluence,fluence,fluence,fluence(#/cm^2/MeV)
61411.87033565 0.000000 0.000000 0.000000 1.54708137e+012 1.42115989e+012 8.15511832e+011 2.03127169e+011 7.10026144e+010 3.16573746e+010 1.54991805e+010 8.39224407e+009 4.99618323e+009 2.33843767e+009 1.09578856e+009 5.11322078e+008 2.26249722e+008 1.03627839e+008 4.42633498e+007 2.08408315e+007 1.11684515e+007 7.34722914e+006 4.20274921e+006 2.05527999e+006 1.31288230e+006
61412.03233796 0.000000 0.000000 0.000000 1.76680314e+012 1.58959111e+012 9.10854605e+011 2.61726612e+011 9.98060180e+010 4.12475214e+010 1.85327228e+010 9.38249995e+009 5.34316221e+009 2.49568953e+009 1.19475386e+009 5.63743002e+008 2.49967049e+008 1.13852412e+008 4.89436368e+007 2.32925278e+007 1.26886662e+007 8.35855938e+006 4.75367143e+006 2.32035140e+006 1.48602116e+006
61412.19434028 0.000000 0.000000 0.000000 2.23263128e+012 2.01442787e+012 1.10527238e+012 3.33921798e+011 1.52613961e+011 6.89041477e+010 3.32131185e+010 1.83183268e+010 9.17316028e+009 3.65478837e+009 1.59878132e+009 7.27700990e+008 3.20520997e+008 1.46230334e+008 6.24447898e+007 2.92771714e+007 1.57021224e+007 1.02840601e+007 5.86978276e+006 2.88232740e+006 1.85679733e+006
61412.35634259 0.000000 0.000000 0.000000 3.20755615e+012 2.73566886e+012 1.39880882e+012 4.34581468e+011 1.86152556e+011 8.06070211e+010 3.72563036e+010 1.98207342e+010 9.73612943e+009 3.81727207e+009 1.65335547e+009 7.48849312e+008 3.29347445e+008 1.50086247e+008 6.40850478e+007 3.00349442e+007 1.60920867e+007 1.05196636e+007 5.99174124e+006 2.93774881e+006 1.89278668e+006
61412.51834491 0.000000 0.000000 0.000000 5.05833049e+012 4.10812856e+012 1.86492325e+012 5.32620868e+011 1.97094148e+011 8.25249030e+010 3.77361884e+010 1.99438308e+010 9.77123411e+009 3.82774854e+009 1.65783964e+009 7.50856017e+008 3.30235499e+008 1.50418057e+008 6.42111771e+007 3.00887939e+007 1.61242427e+007 1.05412030e+007 6.00362036e+006 2.94296384e+006 1.89604592e+006
61412.68034722 0.000000 0.000000 0.000000 7.46366394e+012 5.74866665e+012 2.49382232e+012 7.42899642e+011 2.72905580e+011 1.15601468e+011 5.38908329e+010 2.93700915e+010 1.46398914e+010 5.47251154e+009 2.23063587e+009 9.77131152e+008 4.23381603e+008 1.92920227e+008 8.27529397e+007 3.85535962e+007 2.03645572e+007 1.31718642e+007 7.49998877e+006 3.68571584e+006 2.37437668e+006
61412.84234954 0.000000 0.000000 0.000000 1.17212174e+013 9.93390998e+012 5.35683524e+012 1.53924336e+012 4.27253666e+011 1.54965600e+011 7.18954563e+010 3.91307225e+010 1.94689909e+010 7.15084601e+009 2.85111753e+009 1.23530620e+009 5.35228819e+008 2.47110523e+008 1.08570288e+008 5.17558959e+007 2.75704422e+007 1.78165287e+007 1.02165368e+007 5.12252307e+006 3.33596155e+006
61413.00435185 0.000000 0.000000 0.000000 1.30672378e+013 1.08389368e+013 5.64912726e+012 1.59076952e+012 4.34704026e+011 1.56597984e+011 7.23434179e+010 3.92561222e+010 1.95049521e+010 7.16306357e+009 2.85718144e+009 1.23838319e+009 5.36706703e+008 2.47726374e+008 1.08830574e+008 5.18764607e+007 2.76420720e+007 1.78636374e+007 1.02421632e+007 5.13390020e+006 3.34284835e+006
61413.16635417 0.000000 0.000000 0.000000 1.32079006e+013 1.09378791e+013 5.67407628e+012 1.59361274e+012 4.34977488e+011 1.56640165e+011 7.23537856e+010 3.92590677e+010 1.95057601e+010 7.16332079e+009 2.85729380e+009 1.23843864e+009 5.36736315e+008 2.47740335e+008 1.08837021e+008 5.18792067e+007 2.76435323e+007 1.78646761e+007 1.02427539e+007 5.13400017e+006 3.34284850e+006
61413.32835648 0.000000 0.000000 0.000000 1.41432968e+013 1.15299332e+013 5.84906669e+012 1.61430946e+012 4.38081455e+011 1.57273315e+011 7.25219185e+010 3.93062293e+010 1.95193450e+010 7.16888713e+009 2.86096311e+009 1.24091197e+009 5.38195733e+008 2.48449365e+008 1.09174973e+008 5.20539446e+007 2.77594362e+007 1.79491754e+007 1.02930465e+007 5.15973623e+006 3.35901651e+006
61413.49035880 0.000000 0.000000 0.000000 1.61158547e+013 1.30889413e+013 6.67995635e+012 1.85345117e+012 5.02767387e+011 1.81739901e+011 8.36906000e+010 4.43783806e+010 2.17257233e+010 8.02018662e+009 3.23014033e+009 1.41265415e+009 6.19093448e+008 2.88699434e+008 1.27162110e+008 6.05912805e+007 3.22913740e+007 2.09532530e+007 1.20136281e+007 5.99989824e+006 3.89197493e+006
61413.65236111 0.000000 0.000000 0.000000 1.70454799e+013 1.36274945e+013 6.85774090e+012 1.94016548e+012 5.44761641e+011 1.99218845e+011 9.14055881e+010 4.78652074e+010 2.32281576e+010 8.60221450e+009 3.48744023e+009 1.53733796e+009 6.80463974e+008 3.20337372e+008 1.41413744e+008 6.73232124e+007 3.58490205e+007 2.33272052e+007 1.33817810e+007 6.67773138e+006 4.32389073e+006
61413.81436343 0.000000 0.000000 0.000000 1.70867509e+013 1.36542010e+013 6.86468883e+012 1.94075083e+012 5.44841258e+011 1.99231908e+011 9.14089720e+010 4.78662638e+010 2.32284794e+010 8.60234739e+009 3.48752030e+009 1.53738790e+009 6.80495734e+008 3.20354802e+008 1.41422909e+008 6.73280153e+007 3.58521215e+007 2.33295125e+007 1.33832102e+007 6.67843005e+006 4.32416148e+006
61413.97636574 0.000000 0.000000 0.000000 1.70867509e+013 1.36542010e+013 6.86468883e+012 1.94075083e+012 5.44841258e+011 1.99231908e+011 9.14089720e+010 4.78662638e+010 2.32284794e+010 8.60234739e+009 3.48752030e+009 1.53738790e+009 6.80495734e+008 3.20354802e+008 1.41422909e+008 6.73280153e+007 3.58521215e+007 2.33295125e+007 1.33832102e+007 6.67843005e+006 4.32416148e+006
61414.13836806 0.000000 0.000000 0.000000 1.70867509e+013 1.36542010e+013 6.86468883e+012 1.94075083e+012 5.44841258e+011 1.99231908e+011 9.14089720e+010 4.78662638e+010 2.32284794e+010 8.60234739e+009 3.48752030e+009 1.53738790e+009 6.80495734e+008 3.20354802e+008 1.41422909e+008 6.73280153e+007 3.58521215e+007 2.33295125e+007 1.33832102e+007 6.67843005e+006 4.32416148e+006
61414.30037037 0.000000 0.000000 0.000000 1.71932806e+013 1.37522055e+013 6.89648985e+012 1.94493692e+012 5.45405580e+011 1.99315299e+011 9.14281008e+010 4.78710696e+010 2.32296563e+010 8.60269335e+009 3.48767283e+009 1.53746109e+009 6.80534436e+008 3.20372650e+008 1.41430926e+008 6.73317288e+007 3.58543050e+007 2.33310156e+007 1.33840415e+007 6.67870523e+006 4.32421309e+006
61414.46237269 0.000000 0.000000 0.000000 1.85364651e+013 1.48434213e+013 7.29355235e+012 2.04484257e+012 5.91803991e+011 2.18871033e+011 9.94336079e+010 5.11320264e+010 2.48057750e+010 9.21437037e+009 3.72785953e+009 1.63592721e+009 7.22307662e+008 3.39765293e+008 1.50079474e+008 7.14495995e+007 3.79837013e+007 2.46555176e+007 1.41122420e+007 7.02046723e+006 4.53836651e+006
61414.62437500 0.000000 0.000000 0.000000 2.09737789e+013 1.71780845e+013 8.66617527e+012 2.31229288e+012 6.42654730e+011 2.34732087e+011 1.05626179e+011 5.36913336e+010 2.60455150e+010 9.67348038e+009 3.90279588e+009 1.70618695e+009 7.51821383e+008 3.53424059e+008 1.56192807e+008 7.43656855e+007 3.94820123e+007 2.55771663e+007 1.46179427e+007 7.25871644e+006 4.68858126e+006
61414.78637731 0.000000 0.000000 0.000000 2.10738192e+013 1.72770804e+013 8.70148331e+012 2.31731133e+012 6.43371843e+011 2.34837685e+011 1.05650806e+011 5.36971831e+010 2.60468415e+010 9.67383973e+009 3.90294224e+009 1.70625538e+009 7.51858132e+008 3.53441425e+008 1.56200931e+008 7.43696684e+007 3.94845213e+007 2.55789060e+007 1.46189140e+007 7.25909286e+006 4.68875206e+006
61414.94837963 0.000000 0.000000 0.000000 2.10738192e+013 1.72770804e+013 8.70148331e+012 2.31731133e+012 6.43371843e+011 2.34837685e+011 1.05650806e+011 5.36971831e+010 2.60468415e+010 9.67383973e+009 3.90294224e+009 1.70625538e+009 7.51858132e+008 3.53441425e+008 1.56200931e+008 7.43696684e+007 3.94845213e+007 2.55789060e+007 1.46189140e+007 7.25909286e+006 4.68875206e+006
61415.11038194 0.000000 0.000000 0.000000 2.10738192e+013 1.72770804e+013 8.70148331e+012 2.31731133e+012 6.43371843e+011 2.34837685e+011 1.05650806e+011 5.36971831e+010 2.60468415e+010 9.67383973e+009 3.90294224e+009 1.70625538e+009 7.51858132e+008 3.53441425e+008 1.56200931e+008 7.43696684e+007 3.94845213e+007 2.55789060e+007 1.46189140e+007 7.25909286e+006 4.68875206e+006
61415.27238426 0.000000 0.000000 0.000000 2.10738192e+013 1.72770804e+013 8.70148331e+012 2.31731133e+012 6.43371843e+011 2.34837685e+011 1.05650806e+011 5.36971831e+010 2.60468415e+010 9.67383973e+009 3.90294224e+009 1.70625538e+009 7.51858132e+008 3.53441425e+008 1.56200931e+008 7.43696684e+007 3.94845213e+007 2.55789060e+007 1.46189140e+007 7.25909286e+006 4.68875206e+006
61415.43438657 0.000000 0.000000 0.000000 2.10738192e+013 1.72770804e+013 8.70148331e+012 2.31731133e+012 6.43371843e+011 2.34837685e+011 1.05650806e+011 5.36971831e+010 2.60468415e+010 9.67383973e+009 3.90294224e+009 1.70625538e+009 7.51858132e+008 3.53441425e+008 1.56200931e+008 7.43696684e+007 3.94845213e+007 2.55789060e+007 1.46189140e+007 7.25909286e+006 4.68875206e+006
61415.59638889 0.000000 0.000000 0.000000 2.10738192e+013 1.72770804e+013 8.70148331e+012 2.31731133e+012 6.43371843e+011 2.34837685e+011 1.05650806e+011 5.36971831e+010 2.60468415e+010 9.67383973e+009 3.90294224e+009 1.70625538e+009 7.51858132e+008 3.53441425e+008 1.56200931e+008 7.43696684e+007 3.94845213e+007 2.55789060e+007 1.46189140e+007 7.25909286e+006 4.68875206e+006
61415.75839120 0.000000 0.000000 0.000000 2.10867337e+013 1.72861172e+013 8.70365252e+012 2.31748816e+012 6.43396394e+011 2.34841573e+011 1.05651955e+011 5.36975892e+010 2.60469517e+010 9.67387332e+009 3.90295571e+009 1.70626193e+009 7.51861779e+008 3.53443013e+008 1.56201637e+008 7.43697850e+007 3.94845191e+007 2.55789044e+007 1.46189132e+007 7.25909286e+006 4.68875206e+006
61415.92039352 0.000000 0.000000 0.000000 2.21877582e+013 1.80062140e+013 8.94492418e+012 2.36221037e+012 6.57437984e+011 2.38662369e+011 1.06820974e+011 5.40709686e+010 2.61640588e+010 9.71201050e+009 3.92002462e+009 1.71537516e+009 7.57079839e+008 3.56388555e+008 1.57717618e+008 7.51583528e+007 3.99284124e+007 2.58746029e+007 1.47869163e+007 7.35349618e+006 4.75393696e+006
61416.08239583 0.000000 0.000000 0.000000 2.40162840e+013 1.94550312e+013 9.69374346e+012 2.55070341e+012 7.00492611e+011 2.50276949e+011 1.11050696e+011 5.58267782e+010 2.68671243e+010 9.96161393e+009 4.02487691e+009 1.76443527e+009 7.81642860e+008 3.69514123e+008 1.64225855e+008 7.85049746e+007 4.18023185e+007 2.71408191e+007 1.55284055e+007 7.75845182e+006 5.03782390e+006
61416.24439815 0.000000 0.000000 0.000000 2.41996445e+013 1.95971840e+013 9.73985767e+012 2.55854862e+012 7.01613079e+011 2.50439954e+011 1.11095233e+011 5.58394265e+010 2.68702551e+010 9.96265550e+009 4.02540616e+009 1.76473366e+009 7.81834914e+008 3.69627912e+008 1.64289293e+008 7.85405165e+007 4.18259830e+007 2.71593126e+007 1.55405696e+007 7.76554704e+006 5.04151878e+006
61416.40640046 0.000000 0.000000 0.000000 2.41996445e+013 1.95971840e+013 9.73985767e+012 2.55854862e+012 7.01613079e+011 2.50439954e+011 1.11095233e+011 5.58394265e+010 2.68702551e+010 9.96265550e+009 4.02540616e+009 1.76473366e+009 7.81834914e+008 3.69627912e+008 1.64289293e+008 7.85405165e+007 4.18259830e+007 2.71593126e+007 1.55405696e+007 7.76554704e+006 5.04151878e+006
61416.56840278 0.000000 0.000000 0.000000 2.41996445e+013 1.95971840e+013 9.73985767e+012 2.55854862e+012 7.01613079e+011 2.50439954e+011 1.11095233e+011 5.58394265e+010 2.68702551e+010 9.96265550e+009 4.02540616e+009 1.76473366e+009 7.81834914e+008 3.69627912e+008 1.64289293e+008 7.85405165e+007 4.18259830e+007 2.71593126e+007 1.55405696e+007 7.76554704e+006 5.04151878e+006
61416.73040509 0.000000 0.000000 0.000000 2.41996445e+013 1.95971840e+013 9.73985767e+012 2.55854862e+012 7.01613079e+011 2.50439954e+011 1.11095233e+011 5.58394265e+010 2.68702551e+010 9.96265550e+009 4.02540616e+009 1.76473366e+009 7.81834914e+008 3.69627912e+008 1.64289293e+008 7.85405165e+007 4.18259830e+007 2.71593126e+007 1.55405696e+007 7.76554704e+006 5.04151878e+006
61416.89240741 0.000000 0.000000 0.000000 2.41996445e+013 1.95971840e+013 9.73985767e+012 2.55854862e+012 7.01613079e+011 2.50439954e+011 1.11095233e+011 5.58394265e+010 2.68702551e+010 9.96265550e+009 4.02540616e+009 1.76473366e+009 7.81834914e+008 3.69627912e+008 1.64289293e+008 7.85405165e+007 4.18259830e+007 2.71593126e+007 1.55405696e+007 7.76554704e+006 5.04151878e+006
61417.05440972 0.000000 0.000000 0.000000 2.41996445e+013 1.95971840e+013 9.73985767e+012 2.55854862e+012 7.01613079e+011 2.50439954e+011 1.11095233e+011 5.58394265e+010 2.68702551e+010 9.96265550e+009 4.02540616e+009 1.76473366e+009 7.81834914e+008 3.69627912e+008 1.64289293e+008 7.85405165e+007 4.18259830e+007 2.71593126e+007 1.55405696e+007 7.76554704e+006 5.04151878e+006
61417.21641204 0.000000 0.000000 0.000000 2.41996445e+013 1.95971840e+013 9.73985767e+012 2.55854862e+012 7.01613079e+011 2.50439954e+011 1.11095233e+011 5.58394265e+010 2.68702551e+010 9.96265550e+009 4.02540616e+009 1.76473366e+009 7.81834914e+008 3.69627912e+008 1.64289293e+008 7.85405165e+007 4.18259830e+007 2.71593126e+007 1.55405696e+007 7.76554704e+006 5.04151878e+006
61417.37841435 0.000000 0.000000 0.000000 2.41996445e+013 1.95971840e+013 9.73985767e+012 2.55854862e+012 7.01613079e+011 2.50439954e+011 1.11095233e+011 5.58394265e+010 2.68702551e+010 9.96265550e+009 4.02540616e+009 1.76473366e+009 7.81834914e+008 3.69627912e+008 1.64289293e+008 7.85405165e+007 4.18259830e+007 2.71593126e+007 1.55405696e+007 7.76554704e+006 5.04151878e+006
61417.54041667 0.000000 0.000000 0.000000 2.41996445e+013 1.95971840e+013 9.73985767e+012 2.55854862e+012 7.01613079e+011 2.50439954e+011 1.11095233e+011 5.58394265e+010 2.68702551e+010 9.96265550e+009 4.02540616e+009 1.76473366e+009 7.81834914e+008 3.69627912e+008 1.64289293e+008 7.85405165e+007 4.18259830e+007 2.71593126e+007 1.55405696e+007 7.76554704e+006 5.04151878e+006
61417.70241898 0.000000 0.000000 0.000000 2.41996445e+013 1.95971840e+013 9.73985767e+012 2.55854862e+012 7.01613079e+011 2.50439954e+011 1.11095233e+011 5.58394265e+010 2.68702551e+010 9.96265550e+009 4.02540616e+009 1.76473366e+009 7.81834914e+008 3.69627912e+008 1.64289293e+008 7.85405165e+007 4.18259830e+007 2.71593126e+007 1.55405696e+007 7.76554704e+006 5.04151878e+006
61417.86442130 0.000000 0.000000 0.000000 2.41996445e+013 1.95971840e+013 9.73985767e+012 2.55854862e+012 7.01613079e+011 2.50439954e+011 1.11095233e+011 5.58394265e+010 2.68702551e+010 9.96265550e+009 4.02540616e+009 1.76473366e+009 7.81834914e+008 3.69627912e+008 1.64289293e+008 7.85405165e+007 4.18259830e+007 2.71593126e+007 1.55405696e+007 7.76554704e+006 5.04151878e+006
61418.02642361 0.000000 0.000000 0.000000 2.41996445e+013 1.95971840e+013 9.73985767e+012 2.55854862e+012 7.01613079e+011 2.50439954e+011 1.11095233e+011 5.58394265e+010 2.68702551e+010 9.96265550e+009 4.02540616e+009 1.76473366e+009 7.81834914e+008 3.69627912e+008 1.64289293e+008 7.85405165e+007 4.18259830e+007 2.71593126e+007 1.55405696e+007 7.76554704e+006 5.04151878e+006
61418.18842593 0.000000 0.000000 0.000000 2.41998109e+013 1.95973305e+013 9.73989264e+012 2.55855432e+012 7.01613001e+011 2.50439942e+011 1.11095231e+011 5.58394271e+010 2.68702556e+010 9.96265571e+009 4.02540592e+009 1.76473360e+009 7.81834873e+008 3.69627912e+008 1.64289293e+008 7.85405165e+007 4.18259830e+007 2.71593126e+007 1.55405696e+007 7.76554704e+006 5.04151878e+006
61418.35042824 0.000000 0.000000 0.000000 2.51660163e+013 2.05361340e+013 1.01517312e+013 2.65964804e+012 7.15787494e+011 2.53764601e+011 1.12120567e+011 5.61316070e+010 2.69459886e+010 9.98471856e+009 4.03441035e+009 1.76907262e+009 7.84197702e+008 3.70865329e+008 1.64934825e+008 7.88988463e+007 4.20613269e+007 2.73289894e+007 1.56418871e+007 7.82068318e+006 5.07846622e+006
61418.51243056 0.000000 0.000000 0.000000 2.67010728e+013 2.19731006e+013 1.10324559e+013 3.04931041e+012 8.07794888e+011 2.82013581e+011 1.24559191e+011 6.07823281e+010 2.80204216e+010 1.02298000e+010 4.11363499e+009 1.80117530e+009 7.99052563e+008 3.78550665e+008 1.68895301e+008 8.10336104e+007 4.32792926e+007 2.81369364e+007 1.61033250e+007 8.07006628e+006 5.25439635e+006
61418.67443287 0.000000 0.000000 0.000000 2.71703514e+013 2.23839302e+013 1.12031509e+013 3.09014070e+012 8.12864393e+011 2.83096103e+011 1.24860811e+011 6.08575742e+010 2.80401880e+010 1.02362678e+010 4.11678908e+009 1.80283400e+009 7.99983187e+008 3.79039111e+008 1.69147892e+008 8.11715414e+007 4.33697880e+007 2.82027555e+007 1.61437279e+007 8.09259589e+006 5.26954990e+006
61418.83643519 0.000000 0.000000 0.000000 2.71703514e+013 2.23839302e+013 1.12031509e+013 3.09014070e+012 8.12864393e+011 2.83096103e+011 1.24860811e+011 6.08575742e+010 2.80401880e+010 1.02362678e+010 4.11678908e+009 1.80283400e+009 7.99983187e+008 3.79039111e+008 1.69147892e+008 8.11715414e+007 4.33697880e+007 2.82027555e+007 1.61437279e+007 8.09259589e+006 5.26954990e+006
61418.99843750 0.000000 0.000000 0.000000 2.71703514e+013 2.23839302e+013 1.12031509e+013 3.09014070e+012 8.12864393e+011 2.83096103e+011 1.24860811e+011 6.08575742e+010 2.80401880e+010 1.02362678e+010 4.11678908e+009 1.80283400e+009 7.99983187e+008 3.79039111e+008 1.69147892e+008 8.11715414e+007 4.33697880e+007 2.82027555e+007 1.61437279e+007 8.09259589e+006 5.26954990e+006
61419.16043981 0.000000 0.000000 0.000000 2.71703514e+013 2.23839302e+013 1.12031509e+013 3.09014070e+012 8.12864393e+011 2.83096103e+011 1.24860811e+011 6.08575742e+010 2.80401880e+010 1.02362678e+010 4.11678908e+009 1.80283400e+009 7.99983187e+008 3.79039111e+008 1.69147892e+008 8.11715414e+007 4.33697880e+007 2.82027555e+007 1.61437279e+007 8.09259589e+006 5.26954990e+006
61419.32244213 0.000000 0.000000 0.000000 2.71703514e+013 2.23839302e+013 1.12031509e+013 3.09014070e+012 8.12864393e+011 2.83096103e+011 1.24860811e+011 6.08575742e+010 2.80401880e+010 1.02362678e+010 4.11678908e+009 1.80283400e+009 7.99983187e+008 3.79039111e+008 1.69147892e+008 8.11715414e+007 4.33697880e+007 2.82027555e+007 1.61437279e+007 8.09259589e+006 5.26954990e+006
61419.48444444 0.000000 0.000000 0.000000 2.71703514e+013 2.23839302e+013 1.12031509e+013 3.09014070e+012 8.12864393e+011 2.83096103e+011 1.24860811e+011 6.08575742e+010 2.80401880e+010 1.02362678e+010 4.11678908e+009 1.80283400e+009 7.99983187e+008 3.79039111e+008 1.69147892e+008 8.11715414e+007 4.33697880e+007 2.82027555e+007 1.61437279e+007 8.09259589e+006 5.26954990e+006
61419.64644676 0.000000 0.000000 0.000000 2.71703514e+013 2.23839302e+013 1.12031509e+013 3.09014070e+012 8.12864393e+011 2.83096103e+011 1.24860811e+011 6.08575742e+010 2.80401880e+010 1.02362678e+010 4.11678908e+009 1.80283400e+009 7.99983187e+008 3.79039111e+008 1.69147892e+008 8.11715414e+007 4.33697880e+007 2.82027555e+007 1.61437279e+007 8.09259589e+006 5.26954990e+006
61419.80844907 0.000000 0.000000 0.000000 2.71703514e+013 2.23839302e+013 1.12031509e+013 3.09014070e+012 8.12864393e+011 2.83096103e+011 1.24860811e+011 6.08575742e+010 2.80401880e+010 1.02362678e+010 4.11678908e+009 1.80283400e+009 7.99983187e+008 3.79039111e+008 1.69147892e+008 8.11715414e+007 4.33697880e+007 2.82027555e+007 1.61437279e+007 8.09259589e+006 5.26954990e+006
61419.97045139 0.000000 0.000000 0.000000 2.71703514e+013 2.23839302e+013 1.12031509e+013 3.09014070e+012 8.12864393e+011 2.83096103e+011 1.24860811e+011 6.08575742e+010 2.80401880e+010 1.02362678e+010 4.11678908e+009 1.80283400e+009 7.99983187e+008 3.79039111e+008 1.69147892e+008 8.11715414e+007 4.33697880e+007 2.82027555e+007 1.61437279e+007 8.09259589e+006 5.26954990e+006
61420.13245370 0.000000 0.000000 0.000000 2.71703514e+013 2.23839302e+013 1.12031509e+013 3.09014070e+012 8.12864393e+011 2.83096103e+011 1.24860811e+011 6.08575742e+010 2.80401880e+010 1.02362678e+010 4.11678908e+009 1.80283400e+009 7.99983187e+008 3.79039111e+008 1.69147892e+008 8.11715414e+007 4.33697880e+007 2.82027555e+007 1.61437279e+007 8.09259589e+006 5.26954990e+006
61420.29445602 0.000000 0.000000 0.000000 2.71703514e+013 2.23839302e+013 1.12031509e+013 3.09014070e+012 8.12864393e+011 2.83096103e+011 1.24860811e+011 6.08575742e+010 2.80401880e+010 1.02362678e+010 4.11678908e+009 1.80283400e+009 7.99983187e+008 3.79039111e+008 1.69147892e+008 8.11715414e+007 4.33697880e+007 2.82027555e+007 1.61437279e+007 8.09259589e+006 5.26954990e+006
61420.45645833 0.000000 0.000000 0.000000 2.71703514e+013 2.23839302e+013 1.12031509e+013 3.09014070e+012 8.12864393e+011 2.83096103e+011 1.24860811e+011 6.08575742e+010 2.80401880e+010 1.02362678e+010 4.11678908e+009 1.80283400e+009 7.99983187e+008 3.79039111e+008 1.69147892e+008 8.11715414e+007 4.33697880e+007 2.82027555e+007 1.61437279e+007 8.09259589e+006 5.26954990e+006
61420.55915852 0.000000 0.000000 0.000000 2.71703514e+013 2.23839302e+013 1.12031509e+013 3.09014070e+012 8.12864393e+011 2.83096103e+011 1.24860811e+011 6.08575742e+010 2.80401880e+010 1.02362678e+010 4.11678908e+009 1.80283400e+009 7.99983187e+008 3.79039111e+008 1.69147892e+008 8.11715414e+007 4.33697880e+007 2.82027555e+007 1.61437279e+007 8.09259589e+006 5.26954990e+006
