# Ae9Ap9 Model output file: MoonBEAM_trajectory_trade/Rp18408_COM_8per90prop30inc_Sci.AP9.output_mc_fluenceIntv_025.txt
# Ae9Ap9 Software Version:  1.50.001
#
# Model type:               AP9
# Particle species:         H+
# Flux type:                1PtDiff
# Flux direction:           Omnidirectional
# Energy levels (MeV):       0.1 0.2 0.4 0.6 0.8 1 2 4 6 8 10 15 20 30 50 60 80 100 150 200 300 400 700 1200 2000
#
# Accumulation mode:        Interval, length = 16589 seconds (0.192002 days)
#
# Time format:              Modified Julian Date
# Coordinate system:        GEI (Geocentric Equatorial Inertial) Cartesian in km
# Data Delimiter:           space
#
# datetime(mjd),posx(km),posy(km),posz(km),fluence,fluence,fluence,fluence,fluence,fluence,fluence,fluence,fluence,fluence,fluence,fluence,fluence,fluence,fluence,fluence,fluence,fluence,fluence,fluence,fluence,fluence,fluence,fluence,fluence(#/cm^2/MeV)
61429.66149804 0.000000 0.000000 0.000000 0.00000000e+000 0.00000000e+000 0.00000000e+000 0.00000000e+000 0.00000000e+000 0.00000000e+000 0.00000000e+000 0.00000000e+000 0.00000000e+000 0.00000000e+000 0.00000000e+000 0.00000000e+000 0.00000000e+000 0.00000000e+000 0.00000000e+000 0.00000000e+000 0.00000000e+000 0.00000000e+000 0.00000000e+000 0.00000000e+000 0.00000000e+000 0.00000000e+000 0.00000000e+000 0.00000000e+000 0.00000000e+000
61429.85350036 0.000000 0.000000 0.000000 0.00000000e+000 0.00000000e+000 0.00000000e+000 0.00000000e+000 0.00000000e+000 0.00000000e+000 0.00000000e+000 0.00000000e+000 0.00000000e+000 0.00000000e+000 0.00000000e+000 0.00000000e+000 0.00000000e+000 0.00000000e+000 0.00000000e+000 0.00000000e+000 0.00000000e+000 0.00000000e+000 0.00000000e+000 0.00000000e+000 0.00000000e+000 0.00000000e+000 0.00000000e+000 0.00000000e+000 0.00000000e+000
61430.04550267 0.000000 0.000000 0.000000 0.00000000e+000 0.00000000e+000 0.00000000e+000 0.00000000e+000 0.00000000e+000 0.00000000e+000 0.00000000e+000 0.00000000e+000 0.00000000e+000 0.00000000e+000 0.00000000e+000 0.00000000e+000 0.00000000e+000 0.00000000e+000 0.00000000e+000 0.00000000e+000 0.00000000e+000 0.00000000e+000 0.00000000e+000 0.00000000e+000 0.00000000e+000 0.00000000e+000 0.00000000e+000 0.00000000e+000 0.00000000e+000
61430.23750499 0.000000 0.000000 0.000000 0.00000000e+000 0.00000000e+000 0.00000000e+000 0.00000000e+000 0.00000000e+000 0.00000000e+000 0.00000000e+000 0.00000000e+000 0.00000000e+000 0.00000000e+000 0.00000000e+000 0.00000000e+000 0.00000000e+000 0.00000000e+000 0.00000000e+000 0.00000000e+000 0.00000000e+000 0.00000000e+000 0.00000000e+000 0.00000000e+000 0.00000000e+000 0.00000000e+000 0.00000000e+000 0.00000000e+000 0.00000000e+000
61430.42950730 0.000000 0.000000 0.000000 0.00000000e+000 0.00000000e+000 0.00000000e+000 0.00000000e+000 0.00000000e+000 0.00000000e+000 0.00000000e+000 0.00000000e+000 0.00000000e+000 0.00000000e+000 0.00000000e+000 0.00000000e+000 0.00000000e+000 0.00000000e+000 0.00000000e+000 0.00000000e+000 0.00000000e+000 0.00000000e+000 0.00000000e+000 0.00000000e+000 0.00000000e+000 0.00000000e+000 0.00000000e+000 0.00000000e+000 0.00000000e+000
61430.62150962 0.000000 0.000000 0.000000 0.00000000e+000 0.00000000e+000 0.00000000e+000 0.00000000e+000 0.00000000e+000 0.00000000e+000 0.00000000e+000 0.00000000e+000 0.00000000e+000 0.00000000e+000 0.00000000e+000 0.00000000e+000 0.00000000e+000 0.00000000e+000 0.00000000e+000 0.00000000e+000 0.00000000e+000 0.00000000e+000 0.00000000e+000 0.00000000e+000 0.00000000e+000 0.00000000e+000 0.00000000e+000 0.00000000e+000 0.00000000e+000
61430.81351193 0.000000 0.000000 0.000000 0.00000000e+000 0.00000000e+000 0.00000000e+000 0.00000000e+000 0.00000000e+000 0.00000000e+000 0.00000000e+000 0.00000000e+000 0.00000000e+000 0.00000000e+000 0.00000000e+000 0.00000000e+000 0.00000000e+000 0.00000000e+000 0.00000000e+000 0.00000000e+000 0.00000000e+000 0.00000000e+000 0.00000000e+000 0.00000000e+000 0.00000000e+000 0.00000000e+000 0.00000000e+000 0.00000000e+000 0.00000000e+000
61431.00551425 0.000000 0.000000 0.000000 0.00000000e+000 0.00000000e+000 0.00000000e+000 0.00000000e+000 0.00000000e+000 0.00000000e+000 0.00000000e+000 0.00000000e+000 0.00000000e+000 0.00000000e+000 0.00000000e+000 0.00000000e+000 0.00000000e+000 0.00000000e+000 0.00000000e+000 0.00000000e+000 0.00000000e+000 0.00000000e+000 0.00000000e+000 0.00000000e+000 0.00000000e+000 0.00000000e+000 0.00000000e+000 0.00000000e+000 0.00000000e+000
61431.19751656 0.000000 0.000000 0.000000 0.00000000e+000 0.00000000e+000 0.00000000e+000 0.00000000e+000 0.00000000e+000 0.00000000e+000 0.00000000e+000 0.00000000e+000 0.00000000e+000 0.00000000e+000 0.00000000e+000 0.00000000e+000 0.00000000e+000 0.00000000e+000 0.00000000e+000 0.00000000e+000 0.00000000e+000 0.00000000e+000 0.00000000e+000 0.00000000e+000 0.00000000e+000 0.00000000e+000 0.00000000e+000 0.00000000e+000 0.00000000e+000
61431.38951888 0.000000 0.000000 0.000000 0.00000000e+000 0.00000000e+000 0.00000000e+000 0.00000000e+000 0.00000000e+000 0.00000000e+000 0.00000000e+000 0.00000000e+000 0.00000000e+000 0.00000000e+000 0.00000000e+000 0.00000000e+000 0.00000000e+000 0.00000000e+000 0.00000000e+000 0.00000000e+000 0.00000000e+000 0.00000000e+000 0.00000000e+000 0.00000000e+000 0.00000000e+000 0.00000000e+000 0.00000000e+000 0.00000000e+000 0.00000000e+000
61431.58152119 0.000000 0.000000 0.000000 1.01305969e+008 3.34260643e+007 4.41683689e+006 8.20080202e+005 2.23230904e+005 1.01544594e+004 2.07727349e+001 -1.46578729e-002 0.00000000e+000 0.00000000e+000 0.00000000e+000 0.00000000e+000 0.00000000e+000 0.00000000e+000 0.00000000e+000 0.00000000e+000 0.00000000e+000 0.00000000e+000 0.00000000e+000 0.00000000e+000 0.00000000e+000 0.00000000e+000 0.00000000e+000 0.00000000e+000 0.00000000e+000
61431.77352351 0.000000 0.000000 0.000000 9.12907370e+011 8.08116978e+011 6.66626914e+011 4.54143645e+011 2.75714248e+011 6.95176876e+010 5.56426215e+009 3.24798565e+008 2.32527480e+007 2.78817978e+006 3.51533845e+005 1.15259544e+005 4.23904868e+004 1.95475599e+004 9.76915067e+003 3.68731292e+003 1.60798101e+003 4.54230165e+002 9.88303623e+001 1.93272016e+001 3.16137643e+000 2.86304187e-002 0.00000000e+000 0.00000000e+000 0.00000000e+000
61431.96552582 0.000000 0.000000 0.000000 1.26992942e+012 1.02821528e+012 7.34054403e+011 4.72673125e+011 2.82129882e+011 7.03116075e+010 5.60530387e+009 3.25555040e+008 2.32694536e+007 2.78907296e+006 3.51638569e+005 1.15259626e+005 4.23904868e+004 1.95475599e+004 9.76915067e+003 3.68731292e+003 1.60798101e+003 4.54230165e+002 9.88303623e+001 1.93272016e+001 3.16137643e+000 2.86304187e-002 0.00000000e+000 0.00000000e+000 0.00000000e+000
61432.15752814 0.000000 0.000000 0.000000 1.26992942e+012 1.02821528e+012 7.34054403e+011 4.72673125e+011 2.82129882e+011 7.03116075e+010 5.60530387e+009 3.25555040e+008 2.32694536e+007 2.78907296e+006 3.51638569e+005 1.15259626e+005 4.23904868e+004 1.95475599e+004 9.76915067e+003 3.68731292e+003 1.60798101e+003 4.54230165e+002 9.88303623e+001 1.93272016e+001 3.16137643e+000 2.86304187e-002 0.00000000e+000 0.00000000e+000 0.00000000e+000
61432.34953045 0.000000 0.000000 0.000000 1.26992942e+012 1.02821528e+012 7.34054403e+011 4.72673125e+011 2.82129882e+011 7.03116075e+010 5.60530387e+009 3.25555040e+008 2.32694536e+007 2.78907296e+006 3.51638569e+005 1.15259626e+005 4.23904868e+004 1.95475599e+004 9.76915067e+003 3.68731292e+003 1.60798101e+003 4.54230165e+002 9.88303623e+001 1.93272016e+001 3.16137643e+000 2.86304187e-002 0.00000000e+000 0.00000000e+000 0.00000000e+000
61432.54153277 0.000000 0.000000 0.000000 1.26992942e+012 1.02821528e+012 7.34054403e+011 4.72673125e+011 2.82129882e+011 7.03116075e+010 5.60530387e+009 3.25555040e+008 2.32694536e+007 2.78907296e+006 3.51638569e+005 1.15259626e+005 4.23904868e+004 1.95475599e+004 9.76915067e+003 3.68731292e+003 1.60798101e+003 4.54230165e+002 9.88303623e+001 1.93272016e+001 3.16137643e+000 2.86304187e-002 0.00000000e+000 0.00000000e+000 0.00000000e+000
61432.73353508 0.000000 0.000000 0.000000 1.26992942e+012 1.02821528e+012 7.34054403e+011 4.72673125e+011 2.82129882e+011 7.03116075e+010 5.60530387e+009 3.25555040e+008 2.32694536e+007 2.78907296e+006 3.51638569e+005 1.15259626e+005 4.23904868e+004 1.95475599e+004 9.76915067e+003 3.68731292e+003 1.60798101e+003 4.54230165e+002 9.88303623e+001 1.93272016e+001 3.16137643e+000 2.86304187e-002 0.00000000e+000 0.00000000e+000 0.00000000e+000
61432.92553740 0.000000 0.000000 0.000000 1.26992942e+012 1.02821528e+012 7.34054403e+011 4.72673125e+011 2.82129882e+011 7.03116075e+010 5.60530387e+009 3.25555040e+008 2.32694536e+007 2.78907296e+006 3.51638569e+005 1.15259626e+005 4.23904868e+004 1.95475599e+004 9.76915067e+003 3.68731292e+003 1.60798101e+003 4.54230165e+002 9.88303623e+001 1.93272016e+001 3.16137643e+000 2.86304187e-002 0.00000000e+000 0.00000000e+000 0.00000000e+000
61433.11753971 0.000000 0.000000 0.000000 1.26992942e+012 1.02821528e+012 7.34054403e+011 4.72673125e+011 2.82129882e+011 7.03116075e+010 5.60530387e+009 3.25555040e+008 2.32694536e+007 2.78907296e+006 3.51638569e+005 1.15259626e+005 4.23904868e+004 1.95475599e+004 9.76915067e+003 3.68731292e+003 1.60798101e+003 4.54230165e+002 9.88303623e+001 1.93272016e+001 3.16137643e+000 2.86304187e-002 0.00000000e+000 0.00000000e+000 0.00000000e+000
61433.30954203 0.000000 0.000000 0.000000 1.26992942e+012 1.02821528e+012 7.34054403e+011 4.72673125e+011 2.82129882e+011 7.03116075e+010 5.60530387e+009 3.25555040e+008 2.32694536e+007 2.78907296e+006 3.51638569e+005 1.15259626e+005 4.23904868e+004 1.95475599e+004 9.76915067e+003 3.68731292e+003 1.60798101e+003 4.54230165e+002 9.88303623e+001 1.93272016e+001 3.16137643e+000 2.86304187e-002 0.00000000e+000 0.00000000e+000 0.00000000e+000
61433.50154434 0.000000 0.000000 0.000000 1.26992942e+012 1.02821528e+012 7.34054403e+011 4.72673125e+011 2.82129882e+011 7.03116075e+010 5.60530387e+009 3.25555040e+008 2.32694536e+007 2.78907296e+006 3.51638569e+005 1.15259626e+005 4.23904868e+004 1.95475599e+004 9.76915067e+003 3.68731292e+003 1.60798101e+003 4.54230165e+002 9.88303623e+001 1.93272016e+001 3.16137643e+000 2.86304187e-002 0.00000000e+000 0.00000000e+000 0.00000000e+000
61433.69354666 0.000000 0.000000 0.000000 1.26992942e+012 1.02821528e+012 7.34054403e+011 4.72673125e+011 2.82129882e+011 7.03116075e+010 5.60530387e+009 3.25555040e+008 2.32694536e+007 2.78907296e+006 3.51638569e+005 1.15259626e+005 4.23904868e+004 1.95475599e+004 9.76915067e+003 3.68731292e+003 1.60798101e+003 4.54230165e+002 9.88303623e+001 1.93272016e+001 3.16137643e+000 2.86304187e-002 0.00000000e+000 0.00000000e+000 0.00000000e+000
61433.88554897 0.000000 0.000000 0.000000 1.26992942e+012 1.02821528e+012 7.34054403e+011 4.72673125e+011 2.82129882e+011 7.03116075e+010 5.60530387e+009 3.25555040e+008 2.32694536e+007 2.78907296e+006 3.51638569e+005 1.15259626e+005 4.23904868e+004 1.95475599e+004 9.76915067e+003 3.68731292e+003 1.60798101e+003 4.54230165e+002 9.88303623e+001 1.93272016e+001 3.16137643e+000 2.86304187e-002 0.00000000e+000 0.00000000e+000 0.00000000e+000
61433.90511367 0.000000 0.000000 0.000000 1.26992942e+012 1.02821528e+012 7.34054403e+011 4.72673125e+011 2.82129882e+011 7.03116075e+010 5.60530387e+009 3.25555040e+008 2.32694536e+007 2.78907296e+006 3.51638569e+005 1.15259626e+005 4.23904868e+004 1.95475599e+004 9.76915067e+003 3.68731292e+003 1.60798101e+003 4.54230165e+002 9.88303623e+001 1.93272016e+001 3.16137643e+000 2.86304187e-002 0.00000000e+000 0.00000000e+000 0.00000000e+000
