# Ae9Ap9 Model output file: MoonBEAM_trajectory_trade/Rp18408_COM_8per90prop30inc_Sci.AE9.output_mc_flux_100.txt
# Ae9Ap9 Software Version:  1.50.001
#
# Model type:               AE9
# Particle species:         e-
# Flux type:                1PtDiff
# Flux direction:           Omnidirectional
# Energy levels (MeV):       0.04 0.07 0.1 0.25 0.5 0.75 1 1.5 2 2.5 3 3.5 4 4.5 5 5.5 6 6.5 7 8.5 10
#
# Time format:              Modified Julian Date
# Coordinate system:        GEI (Geocentric Equatorial Inertial) Cartesian in km
# Data Delimiter:           space
#
# datetime(mjd),posx(km),posy(km),posz(km),flux,flux,flux,flux,flux,flux,flux,flux,flux,flux,flux,flux,flux,flux,flux,flux,flux,flux,flux,flux,flux(#/cm^2/s/MeV)
61429.46949573 -304181.640280 -80019.908149 -48268.149155 0.00000000e+000 0.00000000e+000 0.00000000e+000 0.00000000e+000 0.00000000e+000 0.00000000e+000 0.00000000e+000 0.00000000e+000 0.00000000e+000 0.00000000e+000 0.00000000e+000 0.00000000e+000 0.00000000e+000 0.00000000e+000 0.00000000e+000 0.00000000e+000 0.00000000e+000 0.00000000e+000 0.00000000e+000 0.00000000e+000 0.00000000e+000
61429.66048586 -288432.736372 -81391.796844 -48968.293303 0.00000000e+000 0.00000000e+000 0.00000000e+000 0.00000000e+000 0.00000000e+000 0.00000000e+000 0.00000000e+000 0.00000000e+000 0.00000000e+000 0.00000000e+000 0.00000000e+000 0.00000000e+000 0.00000000e+000 0.00000000e+000 0.00000000e+000 0.00000000e+000 0.00000000e+000 0.00000000e+000 0.00000000e+000 0.00000000e+000 0.00000000e+000
61429.83554417 -273010.020262 -82357.483670 -49436.342914 0.00000000e+000 0.00000000e+000 0.00000000e+000 0.00000000e+000 0.00000000e+000 0.00000000e+000 0.00000000e+000 0.00000000e+000 0.00000000e+000 0.00000000e+000 0.00000000e+000 0.00000000e+000 0.00000000e+000 0.00000000e+000 0.00000000e+000 0.00000000e+000 0.00000000e+000 0.00000000e+000 0.00000000e+000 0.00000000e+000 0.00000000e+000
61429.99606503 -257962.515504 -82957.629171 -49695.942067 0.00000000e+000 0.00000000e+000 0.00000000e+000 0.00000000e+000 0.00000000e+000 0.00000000e+000 0.00000000e+000 0.00000000e+000 0.00000000e+000 0.00000000e+000 0.00000000e+000 0.00000000e+000 0.00000000e+000 0.00000000e+000 0.00000000e+000 0.00000000e+000 0.00000000e+000 0.00000000e+000 0.00000000e+000 0.00000000e+000 0.00000000e+000
61430.14332375 -243325.313087 -83229.370856 -49768.584099 0.00000000e+000 0.00000000e+000 0.00000000e+000 0.00000000e+000 0.00000000e+000 0.00000000e+000 0.00000000e+000 0.00000000e+000 0.00000000e+000 0.00000000e+000 0.00000000e+000 0.00000000e+000 0.00000000e+000 0.00000000e+000 0.00000000e+000 0.00000000e+000 0.00000000e+000 0.00000000e+000 0.00000000e+000 0.00000000e+000 0.00000000e+000
61430.27841426 -229129.707830 -83206.426949 -49673.748906 0.00000000e+000 0.00000000e+000 0.00000000e+000 0.00000000e+000 0.00000000e+000 0.00000000e+000 0.00000000e+000 0.00000000e+000 0.00000000e+000 0.00000000e+000 0.00000000e+000 0.00000000e+000 0.00000000e+000 0.00000000e+000 0.00000000e+000 0.00000000e+000 0.00000000e+000 0.00000000e+000 0.00000000e+000 0.00000000e+000 0.00000000e+000
61430.40228940 -215403.737884 -82919.837530 -49429.352360 0.00000000e+000 0.00000000e+000 0.00000000e+000 0.00000000e+000 0.00000000e+000 0.00000000e+000 0.00000000e+000 0.00000000e+000 0.00000000e+000 0.00000000e+000 0.00000000e+000 0.00000000e+000 0.00000000e+000 0.00000000e+000 0.00000000e+000 0.00000000e+000 0.00000000e+000 0.00000000e+000 0.00000000e+000 0.00000000e+000 0.00000000e+000
61430.51580883 -202170.399177 -82398.415302 -49052.011790 0.00000000e+000 0.00000000e+000 0.00000000e+000 0.00000000e+000 0.00000000e+000 0.00000000e+000 0.00000000e+000 0.00000000e+000 0.00000000e+000 0.00000000e+000 0.00000000e+000 0.00000000e+000 0.00000000e+000 0.00000000e+000 0.00000000e+000 0.00000000e+000 0.00000000e+000 0.00000000e+000 0.00000000e+000 0.00000000e+000 0.00000000e+000
61430.61977333 -189445.885593 -81668.859664 -48557.111969 0.00000000e+000 0.00000000e+000 0.00000000e+000 0.00000000e+000 0.00000000e+000 0.00000000e+000 0.00000000e+000 0.00000000e+000 0.00000000e+000 0.00000000e+000 0.00000000e+000 0.00000000e+000 0.00000000e+000 0.00000000e+000 0.00000000e+000 0.00000000e+000 0.00000000e+000 0.00000000e+000 0.00000000e+000 0.00000000e+000 0.00000000e+000
61430.71493913 -177239.203290 -80755.717461 -47958.784592 0.00000000e+000 0.00000000e+000 0.00000000e+000 0.00000000e+000 0.00000000e+000 0.00000000e+000 0.00000000e+000 0.00000000e+000 0.00000000e+000 0.00000000e+000 0.00000000e+000 0.00000000e+000 0.00000000e+000 0.00000000e+000 0.00000000e+000 0.00000000e+000 0.00000000e+000 0.00000000e+000 0.00000000e+000 0.00000000e+000 0.00000000e+000
61430.80201861 -165553.095089 -79681.378917 -47269.910770 0.00000000e+000 0.00000000e+000 0.00000000e+000 0.00000000e+000 0.00000000e+000 0.00000000e+000 0.00000000e+000 0.00000000e+000 0.00000000e+000 0.00000000e+000 0.00000000e+000 0.00000000e+000 0.00000000e+000 0.00000000e+000 0.00000000e+000 0.00000000e+000 0.00000000e+000 0.00000000e+000 0.00000000e+000 0.00000000e+000 0.00000000e+000
61430.88167676 -154385.502613 -78466.176697 -46502.183187 0.00000000e+000 0.00000000e+000 0.00000000e+000 0.00000000e+000 0.00000000e+000 0.00000000e+000 0.00000000e+000 0.00000000e+000 0.00000000e+000 0.00000000e+000 0.00000000e+000 0.00000000e+000 0.00000000e+000 0.00000000e+000 0.00000000e+000 0.00000000e+000 0.00000000e+000 0.00000000e+000 0.00000000e+000 0.00000000e+000 0.00000000e+000
61430.95453120 -143730.591781 -77128.516026 -45666.182304 0.00000000e+000 0.00000000e+000 0.00000000e+000 0.00000000e+000 0.00000000e+000 0.00000000e+000 0.00000000e+000 0.00000000e+000 0.00000000e+000 0.00000000e+000 0.00000000e+000 0.00000000e+000 0.00000000e+000 0.00000000e+000 0.00000000e+000 0.00000000e+000 0.00000000e+000 0.00000000e+000 0.00000000e+000 0.00000000e+000 0.00000000e+000
61431.02115235 -133579.751094 -75685.045112 -44771.475483 0.00000000e+000 0.00000000e+000 0.00000000e+000 0.00000000e+000 0.00000000e+000 0.00000000e+000 0.00000000e+000 0.00000000e+000 0.00000000e+000 0.00000000e+000 0.00000000e+000 0.00000000e+000 0.00000000e+000 0.00000000e+000 0.00000000e+000 0.00000000e+000 0.00000000e+000 0.00000000e+000 0.00000000e+000 0.00000000e+000 0.00000000e+000
61431.08206661 -123922.090855 -74150.787180 -43826.691445 0.00000000e+000 0.00000000e+000 0.00000000e+000 0.00000000e+000 0.00000000e+000 0.00000000e+000 0.00000000e+000 0.00000000e+000 0.00000000e+000 0.00000000e+000 0.00000000e+000 0.00000000e+000 0.00000000e+000 0.00000000e+000 0.00000000e+000 0.00000000e+000 0.00000000e+000 0.00000000e+000 0.00000000e+000 0.00000000e+000 0.00000000e+000
61431.13775961 -114744.842966 -72539.255136 -42839.584784 0.00000000e+000 0.00000000e+000 0.00000000e+000 0.00000000e+000 0.00000000e+000 0.00000000e+000 0.00000000e+000 0.00000000e+000 0.00000000e+000 0.00000000e+000 0.00000000e+000 0.00000000e+000 0.00000000e+000 0.00000000e+000 0.00000000e+000 0.00000000e+000 0.00000000e+000 0.00000000e+000 0.00000000e+000 0.00000000e+000 0.00000000e+000
61431.18867788 -106033.925911 -70862.596598 -41817.119832 0.00000000e+000 0.00000000e+000 0.00000000e+000 0.00000000e+000 0.00000000e+000 0.00000000e+000 0.00000000e+000 0.00000000e+000 0.00000000e+000 0.00000000e+000 0.00000000e+000 0.00000000e+000 0.00000000e+000 0.00000000e+000 0.00000000e+000 0.00000000e+000 0.00000000e+000 0.00000000e+000 0.00000000e+000 0.00000000e+000 0.00000000e+000
61431.23513819 -97791.164519 -69135.393878 -40767.771557 0.00000000e+000 0.00000000e+000 0.00000000e+000 0.00000000e+000 0.00000000e+000 0.00000000e+000 0.00000000e+000 0.00000000e+000 0.00000000e+000 0.00000000e+000 0.00000000e+000 0.00000000e+000 0.00000000e+000 0.00000000e+000 0.00000000e+000 0.00000000e+000 0.00000000e+000 0.00000000e+000 0.00000000e+000 0.00000000e+000 0.00000000e+000
61431.27743281 -90018.360808 -67372.421130 -39700.132733 0.00000000e+000 0.00000000e+000 0.00000000e+000 0.00000000e+000 0.00000000e+000 0.00000000e+000 0.00000000e+000 0.00000000e+000 0.00000000e+000 0.00000000e+000 0.00000000e+000 0.00000000e+000 0.00000000e+000 0.00000000e+000 0.00000000e+000 0.00000000e+000 0.00000000e+000 0.00000000e+000 0.00000000e+000 0.00000000e+000 0.00000000e+000
61431.31596339 -82691.844157 -65582.343558 -38619.109235 0.00000000e+000 0.00000000e+000 0.00000000e+000 0.00000000e+000 0.00000000e+000 0.00000000e+000 0.00000000e+000 0.00000000e+000 0.00000000e+000 0.00000000e+000 0.00000000e+000 0.00000000e+000 0.00000000e+000 0.00000000e+000 0.00000000e+000 0.00000000e+000 0.00000000e+000 0.00000000e+000 0.00000000e+000 0.00000000e+000 0.00000000e+000
61431.35109535 -75787.741705 -63772.423078 -37528.792685 0.00000000e+000 0.00000000e+000 0.00000000e+000 0.00000000e+000 0.00000000e+000 0.00000000e+000 0.00000000e+000 0.00000000e+000 0.00000000e+000 0.00000000e+000 0.00000000e+000 0.00000000e+000 0.00000000e+000 0.00000000e+000 0.00000000e+000 0.00000000e+000 0.00000000e+000 0.00000000e+000 0.00000000e+000 0.00000000e+000 0.00000000e+000
61431.38315644 -69283.119910 -61948.876330 -36432.673884 0.00000000e+000 0.00000000e+000 0.00000000e+000 0.00000000e+000 0.00000000e+000 0.00000000e+000 0.00000000e+000 0.00000000e+000 0.00000000e+000 0.00000000e+000 0.00000000e+000 0.00000000e+000 0.00000000e+000 0.00000000e+000 0.00000000e+000 0.00000000e+000 0.00000000e+000 0.00000000e+000 0.00000000e+000 0.00000000e+000 0.00000000e+000
61431.41244163 -63155.874443 -60116.950926 -35333.685850 0.00000000e+000 0.00000000e+000 0.00000000e+000 0.00000000e+000 0.00000000e+000 0.00000000e+000 0.00000000e+000 0.00000000e+000 0.00000000e+000 0.00000000e+000 0.00000000e+000 0.00000000e+000 0.00000000e+000 0.00000000e+000 0.00000000e+000 0.00000000e+000 0.00000000e+000 0.00000000e+000 0.00000000e+000 0.00000000e+000 0.00000000e+000
61431.43921602 -57384.902802 -58281.066994 -34234.286578 0.00000000e+000 0.00000000e+000 0.00000000e+000 0.00000000e+000 0.00000000e+000 0.00000000e+000 0.00000000e+000 0.00000000e+000 0.00000000e+000 0.00000000e+000 0.00000000e+000 0.00000000e+000 0.00000000e+000 0.00000000e+000 0.00000000e+000 0.00000000e+000 0.00000000e+000 0.00000000e+000 0.00000000e+000 0.00000000e+000 0.00000000e+000
61431.46371848 -51950.009894 -56444.873818 -33136.491117 0.00000000e+000 0.00000000e+000 0.00000000e+000 0.00000000e+000 0.00000000e+000 0.00000000e+000 0.00000000e+000 0.00000000e+000 0.00000000e+000 0.00000000e+000 0.00000000e+000 0.00000000e+000 0.00000000e+000 0.00000000e+000 0.00000000e+000 0.00000000e+000 0.00000000e+000 0.00000000e+000 0.00000000e+000 0.00000000e+000 0.00000000e+000
61431.48616410 -46832.005709 -54611.356613 -32041.933955 0.00000000e+000 0.00000000e+000 0.00000000e+000 0.00000000e+000 0.00000000e+000 0.00000000e+000 0.00000000e+000 0.00000000e+000 0.00000000e+000 0.00000000e+000 0.00000000e+000 0.00000000e+000 0.00000000e+000 0.00000000e+000 0.00000000e+000 0.00000000e+000 0.00000000e+000 0.00000000e+000 0.00000000e+000 0.00000000e+000 0.00000000e+000
61431.50674721 -42012.562069 -52782.853828 -30951.878132 1.56817713e+006 1.36317082e+006 4.02411073e+005 3.71015723e+004 1.60479206e+003 1.56840865e+002 3.38780223e+001 8.46835339e+000 2.72745490e+000 1.03149294e+000 3.13781836e-001 2.99623440e-002 6.08419632e-003 0.00000000e+000 0.00000000e+000 0.00000000e+000 0.00000000e+000 0.00000000e+000 0.00000000e+000 0.00000000e+000 0.00000000e+000
61431.52564326 -37474.288399 -50961.140176 -29867.263822 3.15014091e+006 2.82546716e+006 9.05128608e+005 8.81984736e+004 4.29055117e+003 4.26499145e+002 9.21387002e+001 2.28258342e+001 7.56638820e+000 2.98550454e+000 1.48223892e+000 6.52910752e-001 4.50129011e-001 0.00000000e+000 0.00000000e+000 0.00000000e+000 0.00000000e+000 0.00000000e+000 0.00000000e+000 0.00000000e+000 0.00000000e+000
61431.54301094 -33200.670830 -49147.454626 -28788.724199 6.83596329e+006 6.24133079e+006 2.14927886e+006 2.25007650e+005 1.20663558e+004 1.20492948e+003 2.60106135e+002 6.53205570e+001 2.25113887e+001 9.26885966e+000 4.70345716e+000 2.82848182e+000 2.04689077e+000 1.00100457e+000 6.11364074e-001 0.00000000e+000 0.00000000e+000 0.00000000e+000 0.00000000e+000 0.00000000e+000 0.00000000e+000
61431.55899419 -29175.977304 -47342.499611 -27716.584394 1.37864723e+007 1.27650549e+007 4.63763141e+006 5.24845698e+005 3.15664844e+004 3.22166799e+003 6.74584891e+002 1.60961511e+002 5.34999507e+001 2.23525078e+001 1.19273522e+001 7.45999388e+000 5.46094062e+000 3.90550530e+000 2.44646690e+000 7.32072450e-001 0.00000000e+000 0.00000000e+000 0.00000000e+000 0.00000000e+000 0.00000000e+000
61431.57372376 -25385.242279 -45546.459765 -26650.872266 2.54172454e+007 2.36458141e+007 8.93264478e+006 1.09592010e+006 7.54208988e+004 8.10618053e+003 1.66128776e+003 3.70904110e+002 1.13144716e+002 4.66588276e+001 2.62817408e+001 1.67289439e+001 1.21350585e+001 8.36878304e+000 5.13118750e+000 3.08864538e+000 7.70351046e-001 5.58307856e-001 3.42309050e-001 0.00000000e+000 0.00000000e+000
61431.58731852 -21814.254303 -43759.013391 -25591.324964 4.23228833e+007 3.92244563e+007 1.53094793e+007 2.04492606e+006 1.62106643e+005 1.89375410e+004 3.90107616e+003 8.38328151e+002 2.38315550e+002 9.59963070e+001 5.57245980e+001 3.54875116e+001 2.54153668e+001 1.70561409e+001 1.04070003e+001 6.14274658e+000 3.93916142e+000 2.82559633e+000 1.67052607e+000 1.93048460e-001 0.00000000e+000
61431.59988725 -18449.387632 -41979.249760 -24537.339856 6.46727340e+007 5.94355367e+007 2.39773134e+007 3.55398118e+006 3.23379819e+005 4.17692921e+004 8.75933727e+003 1.83871773e+003 4.91193591e+002 1.92765783e+002 1.14145035e+002 7.23251682e+001 5.09845652e+001 3.35039804e+001 2.01712794e+001 1.17993914e+001 7.83431359e+000 5.72652223e+000 3.57510476e+000 1.72698113e+000 2.27581348e-002
61431.61152972 -15277.586574 -40205.633901 -23487.953927 9.03092330e+007 8.30471339e+007 3.47846837e+007 5.75435750e+006 6.13820420e+005 9.11764003e+004 2.02457738e+004 4.29146966e+003 1.06862522e+003 3.95700732e+002 2.34764110e+002 1.47510730e+002 1.00840909e+002 6.41236376e+001 3.78002782e+001 2.18997634e+001 1.47715543e+001 1.09624460e+001 7.01195112e+000 3.78378855e+000 2.05119931e+000
61431.62233831 -12286.188991 -38435.853595 -22441.753733 1.14395815e+008 1.06481454e+008 4.60864718e+007 8.59367217e+006 1.08241571e+006 1.84425707e+005 4.40738351e+004 9.80221519e+003 2.33136050e+003 7.99949864e+002 4.37759280e+002 2.67884165e+002 1.78932199e+002 1.11238334e+002 6.52822462e+001 3.81308038e+001 2.59809812e+001 1.95413454e+001 1.25546684e+001 6.97779127e+000 4.48109112e+000
61431.63239924 -9462.809850 -36666.643592 -21396.772434 1.33590223e+008 1.25600664e+008 5.58740307e+007 1.18149453e+007 1.76141902e+006 3.46487496e+005 8.90691135e+004 2.07578882e+004 4.86121055e+003 1.54025493e+003 7.59649429e+002 4.44681838e+002 2.89533824e+002 1.76134208e+002 1.03697965e+002 6.15328218e+001 4.20375137e+001 3.16564454e+001 2.02178511e+001 1.13967243e+001 7.38145682e+000
61431.64167470 -6829.232722 -34916.830106 -20364.085756 1.45959085e+008 1.38170363e+008 6.27498872e+007 1.54387775e+007 2.71156650e+006 6.06791372e+005 1.67316687e+005 4.03833045e+004 9.35544000e+003 2.75305960e+003 1.21723412e+003 6.77586057e+002 4.31358905e+002 2.58132362e+002 1.51880791e+002 9.12235017e+001 6.22040464e+001 4.65456194e+001 2.94464358e+001 1.68175430e+001 1.10695284e+001
61431.64917141 -4682.035821 -33408.405228 -19474.508369 1.51549327e+008 1.46802513e+008 6.72763139e+007 1.97234070e+007 3.91477306e+006 9.66825582e+005 2.85602286e+005 7.00472233e+004 1.58420276e+004 4.32706403e+003 1.69820201e+003 8.92662781e+002 5.64615758e+002 3.37364433e+002 1.98748329e+002 1.20286666e+002 8.22473554e+001 6.13289397e+001 3.84133834e+001 2.22034883e+001 1.49327307e+001
61431.65591118 -2740.314228 -31971.793818 -18627.826499 1.50485911e+008 1.50714018e+008 7.01272494e+007 2.40985085e+007 5.32465805e+006 1.44659950e+006 4.67466809e+005 1.18795681e+005 2.64747425e+004 6.78165555e+003 2.32026379e+003 1.13136442e+003 6.94209350e+002 4.14274304e+002 2.45293859e+002 1.50588416e+002 1.04003892e+002 7.80145435e+001 4.86762552e+001 2.82447792e+001 1.92718464e+001
61431.66186836 -1017.971230 -30631.769911 -17838.537559 1.47000817e+008 1.52679023e+008 7.28541896e+007 2.90486763e+007 6.88123781e+006 2.01292418e+006 6.90299388e+005 1.82491299e+005 3.94796141e+004 9.66673985e+003 3.05136118e+003 1.40169088e+003 8.25470299e+002 4.88606972e+002 2.89188796e+002 1.78990334e+002 1.23841546e+002 9.31377947e+001 5.78397823e+001 3.36678082e+001 2.31646220e+001
61431.66686289 428.007429 -29452.625757 -17144.375092 1.41159382e+008 1.52000295e+008 7.63174605e+007 3.54404099e+007 8.79681522e+006 2.74781309e+006 9.81276094e+005 2.70268386e+005 5.57859510e+004 1.31100428e+004 3.95530953e+003 1.72128341e+003 9.58033094e+002 5.56504564e+002 3.26276845e+002 2.01585783e+002 1.38122556e+002 1.03666658e+002 6.39952225e+001 3.75026085e+001 2.59778454e+001
61431.67114536 1667.261493 -28397.762024 -16523.662545 1.33212594e+008 1.48611884e+008 7.88317598e+007 4.16156893e+007 1.07491773e+007 3.52696843e+006 1.30647489e+006 3.63499756e+005 7.01254061e+004 1.55089424e+004 4.62493306e+003 1.95959575e+003 1.05485108e+003 6.10122710e+002 3.55804211e+002 2.18355730e+002 1.47459995e+002 1.10231144e+002 6.78785622e+001 4.01389075e+001 2.79878538e+001
61431.67543397 2905.695021 -27297.742762 -15876.662696 1.22752845e+008 1.42634924e+008 8.07657707e+007 4.86276910e+007 1.31270938e+007 4.51062346e+006 1.73034207e+006 4.78983761e+005 8.51078013e+004 1.73721658e+004 5.17463597e+003 2.15354260e+003 1.12988276e+003 6.56551039e+002 3.81460059e+002 2.31541755e+002 1.53269545e+002 1.13963893e+002 7.02431791e+001 4.21300067e+001 2.96312397e+001
61431.68030434 4305.866904 -25991.487737 -15108.731510 1.12028602e+008 1.38120294e+008 8.48133930e+007 5.75444173e+007 1.64116050e+007 5.95558041e+006 2.37204838e+006 6.37147695e+005 9.77238223e+004 1.80741646e+004 5.56739897e+003 2.32828379e+003 1.19588772e+003 6.92486500e+002 3.98748853e+002 2.37580651e+002 1.53078302e+002 1.13029692e+002 6.96792165e+001 4.13517692e+001 2.88064168e+001
61431.68529240 5728.483784 -24585.708153 -14282.734049 1.02463764e+008 1.35581847e+008 9.10919052e+007 6.88889029e+007 2.05749793e+007 7.78208713e+006 3.19395157e+006 8.27473506e+005 1.07750654e+005 1.78936640e+004 5.76895177e+003 2.44386157e+003 1.22269852e+003 6.98646100e+002 3.97890053e+002 2.33345110e+002 1.45970731e+002 1.06666374e+002 6.55712574e+001 3.80667459e+001 2.60679188e+001
61431.69026297 7128.703956 -23110.625731 -13416.502521 9.55575708e+007 1.35663862e+008 1.00301662e+008 8.40008376e+007 2.57184591e+007 9.96620812e+006 4.19765014e+006 1.04119743e+006 1.12920860e+005 1.65828376e+004 5.58738529e+003 2.39803976e+003 1.15380027e+003 6.41639046e+002 3.61122305e+002 2.11216130e+002 1.28547371e+002 9.21388774e+001 5.59823841e+001 3.16128914e+001 2.12399719e+001
61431.69513431 8476.830909 -21587.097294 -12522.336740 9.74479137e+007 1.39671072e+008 1.09091581e+008 1.01087507e+008 3.00551924e+007 1.18585754e+007 5.20634106e+006 1.19064499e+006 1.03829387e+005 1.36601979e+004 4.40389973e+003 1.87757703e+003 8.96779759e+002 4.87071049e+002 2.74853662e+002 1.60288736e+002 9.83801600e+001 6.85252649e+001 4.03318299e+001 2.17212658e+001 1.43427278e+001
61431.69977353 9730.315561 -20058.855115 -11625.923399 1.06871774e+008 1.50819592e+008 1.16363621e+008 1.16313764e+008 3.15183746e+007 1.24339365e+007 5.67794072e+006 1.18044166e+006 8.42168520e+004 1.01860173e+004 3.09378652e+003 1.25899476e+003 5.96040496e+002 3.22406542e+002 1.82482681e+002 1.04082135e+002 6.37539612e+001 4.31873042e+001 2.48576266e+001 1.28279155e+001 8.37462727e+000
61431.70408845 10861.059108 -18565.035549 -10750.197341 1.15303807e+008 1.49747246e+008 1.22840529e+008 1.22935825e+008 3.00821956e+007 1.17839959e+007 5.37008218e+006 9.94347524e+005 6.19045546e+004 7.21986499e+003 2.04225906e+003 7.61418495e+002 3.46748971e+002 1.83239703e+002 1.03774059e+002 5.82071207e+001 3.46007126e+001 2.26104878e+001 1.27771203e+001 6.57306577e+000 4.35020285e+000
61431.70811359 11876.924252 -17104.957763 -9894.720782 1.31233822e+008 1.48899968e+008 1.31031827e+008 1.21519958e+008 2.61883321e+007 9.99641863e+006 4.49253255e+006 7.34186316e+005 4.07058813e+004 4.70857723e+003 1.24140768e+003 4.11798595e+002 1.75183192e+002 8.81945488e+001 4.97430526e+001 2.74189282e+001 1.54201974e+001 9.61070454e+000 5.33873102e+000 2.83956932e+000 1.95270856e+000
61431.71188773 12787.075846 -15674.897787 -9057.277299 1.48680034e+008 1.51985030e+008 1.45528454e+008 1.13950545e+008 2.08610193e+007 7.43274714e+006 3.25717723e+006 4.65252997e+005 2.33617289e+004 2.80574931e+003 7.07013891e+002 2.05695910e+002 7.94521634e+001 3.66804472e+001 2.00628606e+001 1.06204207e+001 5.55275078e+000 3.29326666e+000 1.81860320e+000 1.02956003e+000 7.49302426e-001
61431.71544760 13600.008472 -14270.190171 -8235.105896 1.56572731e+008 1.56761617e+008 1.69637906e+008 1.01286848e+008 1.44664097e+007 4.22137420e+006 1.72376195e+006 2.06612338e+005 1.17208096e+004 1.66857246e+003 4.41178097e+002 1.18732753e+002 4.14516485e+001 1.74955957e+001 8.79471753e+000 4.44749112e+000 2.25138787e+000 1.35507253e+000 7.91605673e-001 4.76726244e-001 3.56312652e-001
61431.71882763 14323.261264 -12885.448699 -7425.031016 1.79023349e+008 1.72027496e+008 1.97376984e+008 9.02441678e+007 1.02202410e+007 2.41038928e+006 9.19221900e+005 9.85999198e+004 6.28934893e+003 1.00498542e+003 2.76715417e+002 7.04877076e+001 2.27908350e+001 9.06711215e+000 4.44459048e+000 2.24004009e+000 1.13749083e+000 6.77986060e-001 4.06681074e-001 2.57751660e-001 1.96349482e-001
61431.72206027 14963.286892 -11514.597663 -6623.481448 2.15743405e+008 2.06070834e+008 2.21419055e+008 8.09128614e+007 6.97728066e+006 1.22750308e+006 4.20170852e+005 3.85440170e+004 3.18071704e+003 6.04351823e+002 1.76659782e+002 4.25456836e+001 1.25974055e+001 4.62596446e+000 2.21712085e+000 1.13703092e+000 5.91597300e-001 3.44283409e-001 2.12438588e-001 1.44930111e-001 1.13691356e-001
61431.72517670 15525.370828 -10150.769958 -5826.431435 2.63265443e+008 2.55343027e+008 2.42776860e+008 7.32135868e+007 4.51445147e+006 5.45785257e+005 1.62796117e+005 1.66484491e+004 2.06418422e+003 4.31990386e+002 1.33938337e+002 3.25685310e+001 9.55551572e+000 3.44979921e+000 1.69636653e+000 9.10876290e-001 4.94038873e-001 2.84774554e-001 1.73779687e-001 1.18837979e-001 9.33651753e-002
61431.72820773 16013.538508 -8786.089243 -5029.274348 3.42564491e+008 3.30636729e+008 2.76304337e+008 6.75131374e+007 3.17457575e+006 2.95711873e+005 8.19556828e+004 9.27935486e+003 1.48120523e+003 3.37193105e+002 1.02955934e+002 2.46575864e+001 7.08433527e+000 2.48943441e+000 1.21884284e+000 6.63941312e-001 3.69218411e-001 2.14821723e-001 1.31015186e-001 8.88800510e-002 6.93654651e-002
61431.73118492 16430.402000 -7411.325721 -4226.623113 4.21843476e+008 4.06120570e+008 3.10884503e+008 6.29966997e+007 2.12793416e+006 1.27992426e+005 3.08197094e+004 4.26289326e+003 1.02662135e+003 2.64218502e+002 7.70479577e+001 1.79449257e+001 4.97475240e+000 1.66739502e+000 7.96345720e-001 4.39632841e-001 2.53476896e-001 1.50422683e-001 9.13582573e-002 6.04714777e-002 4.66337574e-002
61431.73414154 16776.836890 -6015.644031 -3412.165191 5.21144776e+008 5.00537606e+008 3.47343741e+008 6.04168751e+007 1.63736696e+006 7.08223299e+004 1.49018066e+004 2.49534717e+003 7.58901414e+002 2.07154284e+002 6.00705704e+001 1.42306067e+001 4.00349695e+000 1.35203333e+000 6.50061365e-001 3.66251534e-001 2.18305875e-001 1.31091937e-001 7.79808489e-002 4.91859565e-002 3.70754489e-002
61431.73711182 17051.373634 -4587.232742 -2579.032398 6.09382682e+008 5.85159976e+008 3.78916586e+008 5.87619023e+007 1.36433298e+006 5.03025113e+004 1.02381783e+004 1.85417504e+003 5.89694595e+002 1.64642767e+002 4.83963144e+001 1.19794012e+001 3.52606780e+000 1.23858945e+000 6.06909441e-001 3.47739454e-001 2.12118778e-001 1.28194323e-001 7.44294219e-002 4.43815336e-002 3.25331255e-002
61431.74000355 17243.080081 -3176.251410 -1756.488882 6.61866464e+008 6.34267482e+008 3.92934284e+008 5.70628328e+007 1.16989881e+006 3.54119962e+004 6.75506578e+003 1.39396717e+003 4.72397793e+002 1.35041660e+002 4.00616656e+001 1.03234289e+001 3.15628656e+000 1.14361879e+000 5.67916748e-001 3.30716101e-001 2.05495237e-001 1.24712702e-001 7.12167691e-002 4.06715773e-002 2.91782667e-002
61431.74281304 17354.335434 -1791.558455 -949.681058 6.78332032e+008 6.46970458e+008 3.89319227e+008 5.53985454e+007 1.05727622e+006 2.69349746e+004 4.78015629e+003 1.14371008e+003 4.11470969e+002 1.19703745e+002 3.56524056e+001 9.44450300e+000 2.95395750e+000 1.08827186e+000 5.43123399e-001 3.19518095e-001 2.00635858e-001 1.21977624e-001 6.91419489e-002 3.85847548e-002 2.73592042e-002
61431.74556248 17389.323914 -428.814487 -156.061474 6.63746517e+008 6.29740912e+008 3.73604251e+008 5.41092617e+007 1.02690489e+006 2.52188118e+004 4.42356749e+003 1.12882703e+003 4.15940245e+002 1.21219976e+002 3.60122663e+001 9.58818332e+000 3.00020474e+000 1.10422951e+000 5.48351915e-001 3.22876416e-001 2.02707958e-001 1.23118597e-001 6.99229966e-002 3.90854412e-002 2.77164179e-002
61431.74827603 17351.078403 917.958484 627.865273 6.23570526e+008 5.89780998e+008 3.49751352e+008 5.31512880e+007 1.07433596e+006 2.98510613e+004 5.50753648e+003 1.33675292e+003 4.83413360e+002 1.39311355e+002 4.10687102e+001 1.07022892e+001 3.27752253e+000 1.18598450e+000 5.82799968e-001 3.41114805e-001 2.12388693e-001 1.28585508e-001 7.37722028e-002 4.21465778e-002 3.02832636e-002
61431.75092794 17243.887464 2230.488288 1391.482273 5.59560929e+008 5.28865529e+008 3.19069328e+008 5.26616292e+007 1.19711200e+006 4.00927400e+004 7.77365593e+003 1.76684670e+003 6.20060513e+002 1.75609722e+002 5.12568693e+001 1.28829597e+001 3.80133604e+000 1.33502799e+000 6.45081732e-001 3.72982350e-001 2.28554990e-001 1.37691019e-001 8.04541615e-002 4.77318707e-002 3.50683443e-002
61431.75360282 17066.964741 3545.487653 2156.159259 4.76239928e+008 4.53259572e+008 2.85071409e+008 5.26711046e+007 1.39065901e+006 5.52636784e+004 1.10097019e+004 2.42782285e+003 8.31212662e+002 2.32331563e+002 6.73993685e+001 1.63041067e+001 4.60803714e+000 1.56275621e+000 7.40769621e-001 4.20799876e-001 2.52314117e-001 1.51145178e-001 9.04207437e-002 5.61102881e-002 4.23573233e-002
61431.75632662 16817.977830 4870.225051 2926.114254 3.76959840e+008 3.67466514e+008 2.50106583e+008 5.30319092e+007 1.64975643e+006 7.52451211e+004 1.53588814e+004 3.34483704e+003 1.11531669e+003 3.09113550e+002 8.94143246e+001 2.07700137e+001 5.63917377e+000 1.85227355e+000 8.68477958e-001 4.83814444e-001 2.82916802e-001 1.68010641e-001 1.03137091e-001 6.72536062e-002 5.24281020e-002
61431.75914362 16490.755319 6220.076285 3710.264787 3.00737289e+008 2.98511902e+008 2.16986259e+008 5.57215331e+007 2.49785464e+006 2.13567895e+005 5.53801242e+004 7.68713190e+003 1.69922854e+003 4.27262713e+002 1.32462912e+002 3.20313199e+001 9.14099095e+000 3.20739104e+000 1.54092570e+000 8.23234887e-001 4.58666851e-001 2.68496971e-001 1.63407906e-001 1.05394396e-001 8.12438696e-002
61431.76204797 16083.705693 7585.488688 4503.039061 2.22820466e+008 2.27439603e+008 1.86341205e+008 5.95854781e+007 3.48638059e+006 3.75077524e+005 1.01326823e+005 1.28516225e+004 2.44576079e+003 5.78624787e+002 1.88606510e+002 4.72667166e+001 1.39948767e+001 5.10534986e+000 2.46106061e+000 1.27256027e+000 6.90136178e-001 4.04127329e-001 2.43742626e-001 1.53505920e-001 1.16138189e-001
61431.76506150 15592.324826 8969.657572 5306.271796 1.75745294e+008 1.82005527e+008 1.67670967e+008 6.61488909e+007 5.60446443e+006 9.50201413e+005 3.05429003e+005 3.15548753e+004 4.18858772e+003 8.80655931e+002 2.68717104e+002 6.82790564e+001 2.10076151e+001 7.77551016e+000 3.54497757e+000 1.73075967e+000 9.00352998e-001 5.40548558e-001 3.20788742e-001 1.92278684e-001 1.43330117e-001
61431.76820051 15012.672331 10372.437808 6119.855917 1.40886895e+008 1.50719016e+008 1.46803737e+008 7.59286669e+007 8.90192121e+006 2.08495868e+006 7.52515289e+005 8.27435830e+004 8.14356186e+003 1.52228350e+003 4.35633924e+002 1.17075823e+002 4.02640032e+001 1.63128798e+001 7.57356830e+000 3.65110140e+000 1.84421481e+000 1.11097858e+000 6.34940069e-001 3.58745235e-001 2.59862587e-001
61431.77144661 14348.380379 11778.283121 6934.758748 1.22076677e+008 1.35057653e+008 1.23645669e+008 8.94334267e+007 1.39906336e+007 4.07811226e+006 1.56531091e+006 1.82047877e+005 1.48627267e+004 2.58450308e+003 7.02099150e+002 2.01256430e+002 7.66459390e+001 3.38975273e+001 1.66743528e+001 8.21838971e+000 4.14983872e+000 2.47141732e+000 1.35977231e+000 7.40049733e-001 5.25686905e-001
61431.77461972 13643.053890 13106.742989 7704.377087 1.17201815e+008 1.30051424e+008 1.09300873e+008 1.05108541e+008 2.09124817e+007 7.03709619e+006 2.79686801e+006 3.46726460e+005 2.43721275e+004 3.93654564e+003 1.01374801e+003 3.10923020e+002 1.28725456e+002 6.11797123e+001 3.21304455e+001 1.63945251e+001 8.41235711e+000 4.95731557e+000 2.64526102e+000 1.40103188e+000 9.80067841e-001
61431.77781155 12885.155879 14396.626784 8451.244027 1.06663531e+008 1.33013709e+008 1.09551632e+008 1.11748388e+008 2.60578745e+007 9.06927285e+006 3.70900370e+006 5.42512704e+005 3.77824811e+004 5.88072594e+003 1.58094213e+003 5.55275628e+002 2.54058765e+002 1.31869620e+002 6.98567389e+001 3.60549338e+001 1.94827943e+001 1.21806884e+001 6.66893514e+000 3.42645082e+000 2.29523917e+000
61431.78107417 12067.396662 15667.078899 9186.466136 1.01891378e+008 1.38527510e+008 1.11543366e+008 1.11266701e+008 2.90063383e+007 1.03055944e+007 4.33762840e+006 7.17037849e+005 5.01443896e+004 7.72823834e+003 2.18199291e+003 8.44914143e+002 4.15248735e+002 2.27691499e+002 1.22372057e+002 6.31553577e+001 3.52834399e+001 2.30840989e+001 1.30366207e+001 6.70033160e+000 4.40649536e+000
61431.78444324 11184.269828 16928.810403 9916.249535 9.67692320e+007 1.37376167e+008 1.10856435e+008 1.03681117e+008 2.93586399e+007 1.06067168e+007 4.49656631e+006 8.17134473e+005 6.06474163e+004 9.59241701e+003 2.83881835e+003 1.15764095e+003 5.86900266e+002 3.30873151e+002 1.80968452e+002 9.46908024e+001 5.34146000e+001 3.57336856e+001 2.05883047e+001 1.07441188e+001 7.06158756e+000
61431.78794869 10230.592453 18188.976717 10644.731894 8.87656870e+007 1.26982238e+008 1.05516604e+008 9.09358872e+007 2.72071341e+007 9.93317943e+006 4.09363357e+006 8.12079610e+005 6.87330826e+004 1.15102685e+004 3.55992147e+003 1.47352890e+003 7.47330817e+002 4.27247963e+002 2.37464605e+002 1.27306231e+002 7.16035690e+001 4.83462341e+001 2.82132981e+001 1.49911052e+001 9.91247178e+000
61431.79161829 9201.105671 19452.795081 11374.921997 8.80050823e+007 1.23263440e+008 9.74060681e+007 7.60446507e+007 2.29176436e+007 8.36940341e+006 3.36081364e+006 7.20386398e+005 7.05583823e+004 1.27012417e+004 4.09728567e+003 1.69518265e+003 8.59281311e+002 4.99646661e+002 2.79357898e+002 1.52683986e+002 8.54543717e+001 5.83374290e+001 3.44207421e+001 1.85821238e+001 1.23665118e+001
61431.79547926 8090.347888 20724.240111 12109.104030 9.18703904e+007 1.19532898e+008 8.63821990e+007 6.10409391e+007 1.78940785e+007 6.44854160e+006 2.52223875e+006 5.58073357e+005 6.48763483e+004 1.25468545e+004 4.08816984e+003 1.69565781e+003 8.88099432e+002 5.26208636e+002 2.94459311e+002 1.60854209e+002 9.19506340e+001 6.32395206e+001 3.74283004e+001 2.04107181e+001 1.35114317e+001
61431.79955911 6892.644997 22006.368342 12849.026491 9.80597909e+007 1.17858150e+008 7.73867177e+007 4.84496126e+007 1.33987148e+007 4.66501547e+006 1.76455875e+006 4.00798517e+005 5.57214551e+004 1.14740072e+004 3.76782320e+003 1.57344111e+003 8.47857048e+002 5.08421459e+002 2.85205148e+002 1.57160067e+002 9.19059814e+001 6.31756959e+001 3.72619129e+001 2.04967265e+001 1.35173362e+001
61431.80388598 5602.166113 23301.470835 13595.991353 1.06752462e+008 1.19499855e+008 7.10015018e+007 3.81268040e+007 9.61563424e+006 3.14565542e+006 1.13581909e+006 2.65132567e+005 4.37655818e+004 9.69356448e+003 3.23529713e+003 1.37686328e+003 7.61760715e+002 4.58457991e+002 2.58964111e+002 1.44803057e+002 8.64398037e+001 5.92071557e+001 3.46527896e+001 1.90512642e+001 1.25065545e+001
61431.80846444 4220.411728 24604.382544 14346.999690 1.17932622e+008 1.24679531e+008 6.65477215e+007 2.93586557e+007 6.50706446e+006 1.94120357e+006 6.55377722e+005 1.56472456e+005 2.97623645e+004 7.42213006e+003 2.57676079e+003 1.14632942e+003 6.55455493e+002 3.92511071e+002 2.24758579e+002 1.27037198e+002 7.70138465e+001 5.26783352e+001 3.05762949e+001 1.65079795e+001 1.07468081e+001
61431.81316024 2791.732774 25873.915830 15078.314535 1.27563672e+008 1.27537950e+008 6.06973498e+007 2.18465133e+007 4.24835830e+006 1.16547649e+006 3.74106820e+005 8.69481517e+004 1.74945975e+004 4.65995825e+003 1.77281159e+003 8.65747948e+002 5.28351674e+002 3.21804764e+002 1.86427798e+002 1.05317870e+002 6.41051349e+001 4.37567321e+001 2.55755046e+001 1.38156181e+001 9.00345601e+000
61431.81793764 1331.256721 27101.473609 15785.013798 1.29511331e+008 1.24781817e+008 5.60458869e+007 1.67648481e+007 2.83197432e+006 7.02709472e+005 2.10000371e+005 4.79517323e+004 1.01961887e+004 2.94237876e+003 1.25109100e+003 6.64147723e+002 4.23199791e+002 2.60076988e+002 1.51032240e+002 8.46959088e+001 5.14821197e+001 3.50112456e+001 2.06995126e+001 1.12601195e+001 7.37084288e+000
61431.82271715 -132.863050 28270.003054 16457.323768 1.25850691e+008 1.18634066e+008 5.15402115e+007 1.27908844e+007 1.84172950e+006 4.01199372e+005 1.08787593e+005 2.46100639e+004 5.64219869e+003 1.82095613e+003 8.83252866e+002 5.06140322e+002 3.31828501e+002 2.05202321e+002 1.19485501e+002 6.67448406e+001 4.06786855e+001 2.76812716e+001 1.66460009e+001 9.13596625e+000 5.97916374e+000
61431.82632672 -1238.604464 29115.853042 16943.728155 1.18365808e+008 1.11357778e+008 4.77849292e+007 1.02472809e+007 1.30689862e+006 2.61462420e+005 6.78676953e+004 1.55409303e+004 3.77969888e+003 1.32357166e+003 6.92595913e+002 4.11411368e+002 2.70382532e+002 1.68001789e+002 9.84473463e+001 5.54607584e+001 3.41541383e+001 2.34364015e+001 1.43228517e+001 7.89759187e+000 5.11388975e+000
61431.82992903 -2340.885842 29930.610128 17412.047911 1.10350530e+008 1.03919543e+008 4.40365737e+007 8.17316687e+006 8.99718424e+005 1.59664014e+005 3.92712905e+004 9.21796270e+003 2.44181552e+003 9.42193107e+002 5.31802592e+002 3.26692680e+002 2.15902102e+002 1.35259465e+002 8.00413109e+001 4.55695516e+001 2.84322949e+001 1.97125660e+001 1.22270346e+001 6.74609708e+000 4.33166375e+000
61431.83485771 -3845.392967 31000.875833 18026.921973 9.79860431e+007 9.30348649e+007 3.88275899e+007 6.24214624e+006 5.90678202e+005 9.24743239e+004 2.22658396e+004 5.23477790e+003 1.47193888e+003 6.09031286e+002 3.61508185e+002 2.27374667e+002 1.52768310e+002 9.76552311e+001 5.89086123e+001 3.39981036e+001 2.16698799e+001 1.52897363e+001 9.59920912e+000 5.21280922e+000 3.30048042e+000
61431.84039466 -5528.481211 32146.404059 18684.634356 8.24434045e+007 7.81496278e+007 3.20432854e+007 4.48500662e+006 3.66203508e+005 4.96914296e+004 1.17243607e+004 2.78665972e+003 8.51376272e+002 3.79525490e+002 2.35931796e+002 1.51256753e+002 1.02875600e+002 6.71597794e+001 4.12496626e+001 2.41708333e+001 1.56182500e+001 1.11487870e+001 7.03689311e+000 3.75332422e+000 2.33365962e+000
61431.84656392 -7392.570845 33357.878280 19379.747426 6.45053155e+007 6.04815753e+007 2.42242522e+007 2.91494481e+006 2.05351926e+005 2.36173415e+004 5.43112033e+003 1.30988553e+003 4.52809620e+002 2.18811600e+002 1.41454560e+002 9.19837318e+001 6.31098372e+001 4.22157798e+001 2.63822759e+001 1.57276952e+001 1.01983639e+001 7.31084079e+000 4.59721045e+000 2.37841132e+000 1.36129679e+000
61431.85334700 -9426.187745 34618.093839 20102.307241 4.63644874e+007 4.32968015e+007 1.69334127e+007 1.85155595e+006 1.15573839e+005 1.17585603e+004 2.69514720e+003 6.89935945e+002 2.63292412e+002 1.30599001e+002 8.27760615e+001 5.39822032e+001 3.78512013e+001 2.61473500e+001 1.68109612e+001 1.00965805e+001 6.50724103e+000 4.61159775e+000 2.85182431e+000 1.39486537e+000 2.61753873e-001
61431.86075890 -11627.132498 35917.376250 20846.693215 3.12904978e+007 2.91047816e+007 1.09110211e+007 1.07929094e+006 5.99482093e+004 5.51535678e+003 1.29481293e+003 3.59955375e+002 1.50884249e+002 7.52385047e+001 4.61904966e+001 3.02049186e+001 2.16548892e+001 1.54590270e+001 1.01337241e+001 6.12919519e+000 3.89533556e+000 2.70033583e+000 1.59032283e+000 4.50393154e-001 0.00000000e+000
61431.86882834 -13996.419265 37248.833897 21608.887382 1.88673837e+007 1.74358922e+007 6.15929615e+006 5.61124794e+005 2.78542312e+004 2.41411361e+003 6.01822660e+002 1.84539439e+002 8.31365819e+001 4.07283175e+001 2.39071994e+001 1.56839543e+001 1.15544480e+001 8.55506621e+000 5.64594382e+000 3.41993205e+000 1.55572118e+000 1.04494130e+000 5.17252287e-001 0.00000000e+000 0.00000000e+000
61431.87759450 -16537.208130 38607.293226 22385.860293 9.89867626e+006 9.04375610e+006 3.01658508e+006 2.73084257e+005 1.26993468e+004 1.11880309e+003 2.99402262e+002 9.89188157e+001 4.59607182e+001 2.16339396e+001 1.20301898e+001 7.87405781e+000 5.99107770e+000 4.61899091e+000 2.96298247e+000 1.51065566e+000 0.00000000e+000 0.00000000e+000 0.00000000e+000 0.00000000e+000 0.00000000e+000
61431.88710493 -19254.100778 39988.619182 23175.179202 4.67595172e+006 4.20838609e+006 1.33390085e+006 1.25546132e+005 5.73955557e+003 5.41809141e+002 1.52412160e+002 5.44933953e+001 2.55784636e+001 1.14930875e+001 5.96509439e+000 3.77071189e+000 2.92536158e+000 2.08992457e+000 1.35477498e+000 2.23765933e-002 0.00000000e+000 0.00000000e+000 0.00000000e+000 0.00000000e+000 0.00000000e+000
61431.89741499 -22152.855767 41389.368105 23974.807532 2.14935436e+006 1.90879055e+006 5.77405582e+005 5.50174739e+004 2.45828546e+003 2.46675045e+002 6.62169390e+001 2.28922812e+001 9.71168159e+000 4.14205579e+000 2.13492735e+000 1.19031525e+000 9.29254225e-001 1.71474530e-001 1.13891380e-001 0.00000000e+000 0.00000000e+000 0.00000000e+000 0.00000000e+000 0.00000000e+000 0.00000000e+000
61431.90858727 -25240.101887 42806.500961 24782.939467 1.14434796e+006 9.99044225e+005 2.89692704e+005 2.72919949e+004 1.18967706e+003 1.22819219e+002 3.13656723e+001 1.03252986e+001 3.98240182e+000 1.62958178e+000 7.71256961e-001 2.03791576e-001 1.63132585e-001 0.00000000e+000 0.00000000e+000 0.00000000e+000 0.00000000e+000 0.00000000e+000 0.00000000e+000 0.00000000e+000 0.00000000e+000
61431.92069223 -28523.376135 44237.289298 25597.944972 7.95448759e+005 6.84080050e+005 1.92837559e+005 1.80135050e+004 7.85769505e+002 8.19614958e+001 1.99630511e+001 6.21297757e+000 2.18522468e+000 8.52026248e-001 2.18135317e-001 0.00000000e+000 0.00000000e+000 0.00000000e+000 0.00000000e+000 0.00000000e+000 0.00000000e+000 0.00000000e+000 0.00000000e+000 0.00000000e+000 0.00000000e+000
61431.93375916 -31998.050590 45673.947095 26415.316116 0.00000000e+000 0.00000000e+000 0.00000000e+000 0.00000000e+000 0.00000000e+000 0.00000000e+000 0.00000000e+000 0.00000000e+000 0.00000000e+000 0.00000000e+000 0.00000000e+000 0.00000000e+000 0.00000000e+000 0.00000000e+000 0.00000000e+000 0.00000000e+000 0.00000000e+000 0.00000000e+000 0.00000000e+000 0.00000000e+000 0.00000000e+000
61431.94777851 -35649.153125 47105.604015 27228.805938 0.00000000e+000 0.00000000e+000 0.00000000e+000 0.00000000e+000 0.00000000e+000 0.00000000e+000 0.00000000e+000 0.00000000e+000 0.00000000e+000 0.00000000e+000 0.00000000e+000 0.00000000e+000 0.00000000e+000 0.00000000e+000 0.00000000e+000 0.00000000e+000 0.00000000e+000 0.00000000e+000 0.00000000e+000 0.00000000e+000 0.00000000e+000
61431.96280698 -39479.047376 48529.251897 28036.649694 0.00000000e+000 0.00000000e+000 0.00000000e+000 0.00000000e+000 0.00000000e+000 0.00000000e+000 0.00000000e+000 0.00000000e+000 0.00000000e+000 0.00000000e+000 0.00000000e+000 0.00000000e+000 0.00000000e+000 0.00000000e+000 0.00000000e+000 0.00000000e+000 0.00000000e+000 0.00000000e+000 0.00000000e+000 0.00000000e+000 0.00000000e+000
61431.97930722 -43589.336317 49975.958785 28856.377319 0.00000000e+000 0.00000000e+000 0.00000000e+000 0.00000000e+000 0.00000000e+000 0.00000000e+000 0.00000000e+000 0.00000000e+000 0.00000000e+000 0.00000000e+000 0.00000000e+000 0.00000000e+000 0.00000000e+000 0.00000000e+000 0.00000000e+000 0.00000000e+000 0.00000000e+000 0.00000000e+000 0.00000000e+000 0.00000000e+000 0.00000000e+000
61431.99665116 -47809.241884 51381.254588 29651.390293 0.00000000e+000 0.00000000e+000 0.00000000e+000 0.00000000e+000 0.00000000e+000 0.00000000e+000 0.00000000e+000 0.00000000e+000 0.00000000e+000 0.00000000e+000 0.00000000e+000 0.00000000e+000 0.00000000e+000 0.00000000e+000 0.00000000e+000 0.00000000e+000 0.00000000e+000 0.00000000e+000 0.00000000e+000 0.00000000e+000 0.00000000e+000
61432.01465213 -52086.743112 52729.762074 30413.020764 0.00000000e+000 0.00000000e+000 0.00000000e+000 0.00000000e+000 0.00000000e+000 0.00000000e+000 0.00000000e+000 0.00000000e+000 0.00000000e+000 0.00000000e+000 0.00000000e+000 0.00000000e+000 0.00000000e+000 0.00000000e+000 0.00000000e+000 0.00000000e+000 0.00000000e+000 0.00000000e+000 0.00000000e+000 0.00000000e+000 0.00000000e+000
61432.03472073 -56740.675597 54116.892162 31195.066308 0.00000000e+000 0.00000000e+000 0.00000000e+000 0.00000000e+000 0.00000000e+000 0.00000000e+000 0.00000000e+000 0.00000000e+000 0.00000000e+000 0.00000000e+000 0.00000000e+000 0.00000000e+000 0.00000000e+000 0.00000000e+000 0.00000000e+000 0.00000000e+000 0.00000000e+000 0.00000000e+000 0.00000000e+000 0.00000000e+000 0.00000000e+000
61432.05633005 -61625.563605 55489.968184 31967.655132 0.00000000e+000 0.00000000e+000 0.00000000e+000 0.00000000e+000 0.00000000e+000 0.00000000e+000 0.00000000e+000 0.00000000e+000 0.00000000e+000 0.00000000e+000 0.00000000e+000 0.00000000e+000 0.00000000e+000 0.00000000e+000 0.00000000e+000 0.00000000e+000 0.00000000e+000 0.00000000e+000 0.00000000e+000 0.00000000e+000 0.00000000e+000
61432.07963422 -66757.082471 56847.771818 32729.989889 0.00000000e+000 0.00000000e+000 0.00000000e+000 0.00000000e+000 0.00000000e+000 0.00000000e+000 0.00000000e+000 0.00000000e+000 0.00000000e+000 0.00000000e+000 0.00000000e+000 0.00000000e+000 0.00000000e+000 0.00000000e+000 0.00000000e+000 0.00000000e+000 0.00000000e+000 0.00000000e+000 0.00000000e+000 0.00000000e+000 0.00000000e+000
61432.10478522 -72147.845591 58187.578313 33480.412442 0.00000000e+000 0.00000000e+000 0.00000000e+000 0.00000000e+000 0.00000000e+000 0.00000000e+000 0.00000000e+000 0.00000000e+000 0.00000000e+000 0.00000000e+000 0.00000000e+000 0.00000000e+000 0.00000000e+000 0.00000000e+000 0.00000000e+000 0.00000000e+000 0.00000000e+000 0.00000000e+000 0.00000000e+000 0.00000000e+000 0.00000000e+000
61432.13194944 -77810.993677 59506.223191 34217.005057 0.00000000e+000 0.00000000e+000 0.00000000e+000 0.00000000e+000 0.00000000e+000 0.00000000e+000 0.00000000e+000 0.00000000e+000 0.00000000e+000 0.00000000e+000 0.00000000e+000 0.00000000e+000 0.00000000e+000 0.00000000e+000 0.00000000e+000 0.00000000e+000 0.00000000e+000 0.00000000e+000 0.00000000e+000 0.00000000e+000 0.00000000e+000
61432.16130868 -83760.070500 60800.037840 34937.553417 0.00000000e+000 0.00000000e+000 0.00000000e+000 0.00000000e+000 0.00000000e+000 0.00000000e+000 0.00000000e+000 0.00000000e+000 0.00000000e+000 0.00000000e+000 0.00000000e+000 0.00000000e+000 0.00000000e+000 0.00000000e+000 0.00000000e+000 0.00000000e+000 0.00000000e+000 0.00000000e+000 0.00000000e+000 0.00000000e+000 0.00000000e+000
61432.19300115 -89997.273482 62062.524603 35638.257499 0.00000000e+000 0.00000000e+000 0.00000000e+000 0.00000000e+000 0.00000000e+000 0.00000000e+000 0.00000000e+000 0.00000000e+000 0.00000000e+000 0.00000000e+000 0.00000000e+000 0.00000000e+000 0.00000000e+000 0.00000000e+000 0.00000000e+000 0.00000000e+000 0.00000000e+000 0.00000000e+000 0.00000000e+000 0.00000000e+000 0.00000000e+000
61432.22719831 -96529.306140 63288.039505 36315.788329 0.00000000e+000 0.00000000e+000 0.00000000e+000 0.00000000e+000 0.00000000e+000 0.00000000e+000 0.00000000e+000 0.00000000e+000 0.00000000e+000 0.00000000e+000 0.00000000e+000 0.00000000e+000 0.00000000e+000 0.00000000e+000 0.00000000e+000 0.00000000e+000 0.00000000e+000 0.00000000e+000 0.00000000e+000 0.00000000e+000 0.00000000e+000
61432.26410505 -103366.579889 64471.292614 36967.001135 0.00000000e+000 0.00000000e+000 0.00000000e+000 0.00000000e+000 0.00000000e+000 0.00000000e+000 0.00000000e+000 0.00000000e+000 0.00000000e+000 0.00000000e+000 0.00000000e+000 0.00000000e+000 0.00000000e+000 0.00000000e+000 0.00000000e+000 0.00000000e+000 0.00000000e+000 0.00000000e+000 0.00000000e+000 0.00000000e+000 0.00000000e+000
61432.30394166 -110519.228760 65606.445439 37588.431415 0.00000000e+000 0.00000000e+000 0.00000000e+000 0.00000000e+000 0.00000000e+000 0.00000000e+000 0.00000000e+000 0.00000000e+000 0.00000000e+000 0.00000000e+000 0.00000000e+000 0.00000000e+000 0.00000000e+000 0.00000000e+000 0.00000000e+000 0.00000000e+000 0.00000000e+000 0.00000000e+000 0.00000000e+000 0.00000000e+000 0.00000000e+000
61432.34694535 -117997.086135 66687.094690 38176.285196 0.00000000e+000 0.00000000e+000 0.00000000e+000 0.00000000e+000 0.00000000e+000 0.00000000e+000 0.00000000e+000 0.00000000e+000 0.00000000e+000 0.00000000e+000 0.00000000e+000 0.00000000e+000 0.00000000e+000 0.00000000e+000 0.00000000e+000 0.00000000e+000 0.00000000e+000 0.00000000e+000 0.00000000e+000 0.00000000e+000 0.00000000e+000
61432.39337235 -125809.727738 67706.257717 38726.429816 0.00000000e+000 0.00000000e+000 0.00000000e+000 0.00000000e+000 0.00000000e+000 0.00000000e+000 0.00000000e+000 0.00000000e+000 0.00000000e+000 0.00000000e+000 0.00000000e+000 0.00000000e+000 0.00000000e+000 0.00000000e+000 0.00000000e+000 0.00000000e+000 0.00000000e+000 0.00000000e+000 0.00000000e+000 0.00000000e+000 0.00000000e+000
61432.44349859 -133966.229619 68656.313670 39234.360407 0.00000000e+000 0.00000000e+000 0.00000000e+000 0.00000000e+000 0.00000000e+000 0.00000000e+000 0.00000000e+000 0.00000000e+000 0.00000000e+000 0.00000000e+000 0.00000000e+000 0.00000000e+000 0.00000000e+000 0.00000000e+000 0.00000000e+000 0.00000000e+000 0.00000000e+000 0.00000000e+000 0.00000000e+000 0.00000000e+000 0.00000000e+000
61432.49762079 -142474.981212 69528.959464 39695.174609 0.00000000e+000 0.00000000e+000 0.00000000e+000 0.00000000e+000 0.00000000e+000 0.00000000e+000 0.00000000e+000 0.00000000e+000 0.00000000e+000 0.00000000e+000 0.00000000e+000 0.00000000e+000 0.00000000e+000 0.00000000e+000 0.00000000e+000 0.00000000e+000 0.00000000e+000 0.00000000e+000 0.00000000e+000 0.00000000e+000 0.00000000e+000
61432.55605924 -151343.723278 70315.187334 40103.558503 0.00000000e+000 0.00000000e+000 0.00000000e+000 0.00000000e+000 0.00000000e+000 0.00000000e+000 0.00000000e+000 0.00000000e+000 0.00000000e+000 0.00000000e+000 0.00000000e+000 0.00000000e+000 0.00000000e+000 0.00000000e+000 0.00000000e+000 0.00000000e+000 0.00000000e+000 0.00000000e+000 0.00000000e+000 0.00000000e+000 0.00000000e+000
61432.61915747 -160579.063661 71005.209701 40453.744661 0.00000000e+000 0.00000000e+000 0.00000000e+000 0.00000000e+000 0.00000000e+000 0.00000000e+000 0.00000000e+000 0.00000000e+000 0.00000000e+000 0.00000000e+000 0.00000000e+000 0.00000000e+000 0.00000000e+000 0.00000000e+000 0.00000000e+000 0.00000000e+000 0.00000000e+000 0.00000000e+000 0.00000000e+000 0.00000000e+000 0.00000000e+000
61432.68728510 -170186.454775 71588.433290 40739.496249 0.00000000e+000 0.00000000e+000 0.00000000e+000 0.00000000e+000 0.00000000e+000 0.00000000e+000 0.00000000e+000 0.00000000e+000 0.00000000e+000 0.00000000e+000 0.00000000e+000 0.00000000e+000 0.00000000e+000 0.00000000e+000 0.00000000e+000 0.00000000e+000 0.00000000e+000 0.00000000e+000 0.00000000e+000 0.00000000e+000 0.00000000e+000
61432.76083995 -180169.983554 72053.409474 40954.078265 0.00000000e+000 0.00000000e+000 0.00000000e+000 0.00000000e+000 0.00000000e+000 0.00000000e+000 0.00000000e+000 0.00000000e+000 0.00000000e+000 0.00000000e+000 0.00000000e+000 0.00000000e+000 0.00000000e+000 0.00000000e+000 0.00000000e+000 0.00000000e+000 0.00000000e+000 0.00000000e+000 0.00000000e+000 0.00000000e+000 0.00000000e+000
61432.84024801 -190531.840684 72387.773561 41090.224148 0.00000000e+000 0.00000000e+000 0.00000000e+000 0.00000000e+000 0.00000000e+000 0.00000000e+000 0.00000000e+000 0.00000000e+000 0.00000000e+000 0.00000000e+000 0.00000000e+000 0.00000000e+000 0.00000000e+000 0.00000000e+000 0.00000000e+000 0.00000000e+000 0.00000000e+000 0.00000000e+000 0.00000000e+000 0.00000000e+000 0.00000000e+000
61432.92596730 -201272.261341 72578.211484 41140.115777 0.00000000e+000 0.00000000e+000 0.00000000e+000 0.00000000e+000 0.00000000e+000 0.00000000e+000 0.00000000e+000 0.00000000e+000 0.00000000e+000 0.00000000e+000 0.00000000e+000 0.00000000e+000 0.00000000e+000 0.00000000e+000 0.00000000e+000 0.00000000e+000 0.00000000e+000 0.00000000e+000 0.00000000e+000 0.00000000e+000 0.00000000e+000
61433.01848692 -212388.778606 72610.408656 41095.357133 0.00000000e+000 0.00000000e+000 0.00000000e+000 0.00000000e+000 0.00000000e+000 0.00000000e+000 0.00000000e+000 0.00000000e+000 0.00000000e+000 0.00000000e+000 0.00000000e+000 0.00000000e+000 0.00000000e+000 0.00000000e+000 0.00000000e+000 0.00000000e+000 0.00000000e+000 0.00000000e+000 0.00000000e+000 0.00000000e+000 0.00000000e+000
61433.11833072 -223876.031472 72469.025759 40946.960776 0.00000000e+000 0.00000000e+000 0.00000000e+000 0.00000000e+000 0.00000000e+000 0.00000000e+000 0.00000000e+000 0.00000000e+000 0.00000000e+000 0.00000000e+000 0.00000000e+000 0.00000000e+000 0.00000000e+000 0.00000000e+000 0.00000000e+000 0.00000000e+000 0.00000000e+000 0.00000000e+000 0.00000000e+000 0.00000000e+000 0.00000000e+000
61433.22605766 -235725.087850 72137.677700 40685.339268 0.00000000e+000 0.00000000e+000 0.00000000e+000 0.00000000e+000 0.00000000e+000 0.00000000e+000 0.00000000e+000 0.00000000e+000 0.00000000e+000 0.00000000e+000 0.00000000e+000 0.00000000e+000 0.00000000e+000 0.00000000e+000 0.00000000e+000 0.00000000e+000 0.00000000e+000 0.00000000e+000 0.00000000e+000 0.00000000e+000 0.00000000e+000
61433.34226184 -247922.707593 71598.944070 40300.315672 0.00000000e+000 0.00000000e+000 0.00000000e+000 0.00000000e+000 0.00000000e+000 0.00000000e+000 0.00000000e+000 0.00000000e+000 0.00000000e+000 0.00000000e+000 0.00000000e+000 0.00000000e+000 0.00000000e+000 0.00000000e+000 0.00000000e+000 0.00000000e+000 0.00000000e+000 0.00000000e+000 0.00000000e+000 0.00000000e+000 0.00000000e+000
61433.46757485 -260450.819903 70834.397874 39781.143763 0.00000000e+000 0.00000000e+000 0.00000000e+000 0.00000000e+000 0.00000000e+000 0.00000000e+000 0.00000000e+000 0.00000000e+000 0.00000000e+000 0.00000000e+000 0.00000000e+000 0.00000000e+000 0.00000000e+000 0.00000000e+000 0.00000000e+000 0.00000000e+000 0.00000000e+000 0.00000000e+000 0.00000000e+000 0.00000000e+000 0.00000000e+000
61433.60266853 -273285.936137 69824.648237 39116.536808 0.00000000e+000 0.00000000e+000 0.00000000e+000 0.00000000e+000 0.00000000e+000 0.00000000e+000 0.00000000e+000 0.00000000e+000 0.00000000e+000 0.00000000e+000 0.00000000e+000 0.00000000e+000 0.00000000e+000 0.00000000e+000 0.00000000e+000 0.00000000e+000 0.00000000e+000 0.00000000e+000 0.00000000e+000 0.00000000e+000 0.00000000e+000
61433.74825840 -286398.514353 68549.395667 38294.703655 0.00000000e+000 0.00000000e+000 0.00000000e+000 0.00000000e+000 0.00000000e+000 0.00000000e+000 0.00000000e+000 0.00000000e+000 0.00000000e+000 0.00000000e+000 0.00000000e+000 0.00000000e+000 0.00000000e+000 0.00000000e+000 0.00000000e+000 0.00000000e+000 0.00000000e+000 0.00000000e+000 0.00000000e+000 0.00000000e+000 0.00000000e+000
61433.90511367 -299752.729126 66987.436625 37303.352015 0.00000000e+000 0.00000000e+000 0.00000000e+000 0.00000000e+000 0.00000000e+000 0.00000000e+000 0.00000000e+000 0.00000000e+000 0.00000000e+000 0.00000000e+000 0.00000000e+000 0.00000000e+000 0.00000000e+000 0.00000000e+000 0.00000000e+000 0.00000000e+000 0.00000000e+000 0.00000000e+000 0.00000000e+000 0.00000000e+000 0.00000000e+000
