# Ae9Ap9 Model output file: MoonBEAM_trajectory_trade/Rp18408_COM_8per90prop30inc_Tran.AE9.output_mc_fluxIntvAvg_080.txt
# Ae9Ap9 Software Version:  1.50.001
#
# Model type:               AE9
# Particle species:         e-
# Flux type:                1PtDiff
# Flux direction:           Omnidirectional
# Energy levels (MeV):       0.04 0.07 0.1 0.25 0.5 0.75 1 1.5 2 2.5 3 3.5 4 4.5 5 5.5 6 6.5 7 8.5 10
#
# Accumulation mode:        Interval, length = 13997 seconds (0.162002 days)
#
# Time format:              Modified Julian Date
# Coordinate system:        GEI (Geocentric Equatorial Inertial) Cartesian in km
# Data Delimiter:           space
#
# datetime(mjd),posx(km),posy(km),posz(km),flux,flux,flux,flux,flux,flux,flux,flux,flux,flux,flux,flux,flux,flux,flux,flux,flux,flux,flux,flux,flux(#/cm^2/s/MeV)
61411.87033565 0.000000 0.000000 0.000000 2.72039764e+008 3.48476380e+008 2.01709747e+008 7.42059698e+007 1.73038916e+007 5.75508902e+006 2.48863345e+006 8.22894657e+005 1.67355947e+005 3.20094807e+004 7.29443088e+003 1.88693389e+003 5.57584744e+002 1.92256162e+002 7.98215288e+001 3.82545471e+001 2.04818462e+001 1.21860021e+001 6.39874185e+000 3.15056136e+000 2.04891513e+000
61412.03233796 0.000000 0.000000 0.000000 3.32406094e+008 2.66152277e+008 1.01280079e+008 2.69712117e+007 5.24812645e+006 1.52862206e+006 4.92111985e+005 1.54834566e+005 4.49038399e+004 1.20247424e+004 3.09914300e+003 8.99656135e+002 3.67258388e+002 1.61998778e+002 7.72607261e+001 4.01667311e+001 2.49946519e+001 1.69473937e+001 9.39995587e+000 4.15041840e+000 2.36696782e+000
61412.19434028 0.000000 0.000000 0.000000 1.22680748e+008 1.31061317e+008 6.65372074e+007 3.10639222e+007 1.03044277e+007 4.39074370e+006 1.99015563e+006 6.07495209e+005 1.37857639e+005 3.28243553e+004 9.58917992e+003 3.41939964e+003 1.46659044e+003 6.54291247e+002 2.74249924e+002 1.15253696e+002 5.79318212e+001 3.63957091e+001 2.08834997e+001 1.02890823e+001 6.39209605e+000
61412.35634259 0.000000 0.000000 0.000000 2.43126102e+008 2.04022466e+008 7.69250053e+007 2.03824665e+007 5.25170514e+006 1.87418051e+006 7.24231065e+005 2.31925881e+005 6.16767303e+004 1.79904977e+004 5.85290586e+003 2.18760965e+003 9.53207481e+002 4.25836171e+002 1.92283601e+002 9.43334179e+001 5.48548260e+001 3.63646718e+001 2.07256113e+001 9.43852921e+000 5.41258894e+000
61412.51834491 0.000000 0.000000 0.000000 2.43746960e+008 2.01444982e+008 6.49543862e+007 8.86906539e+006 1.34983428e+006 2.74515812e+005 6.83657023e+004 1.61557986e+004 3.83480621e+003 1.17734600e+003 5.31651027e+002 2.71045295e+002 1.46745086e+002 7.01203052e+001 3.29405800e+001 1.61160987e+001 9.86176980e+000 6.49707212e+000 3.49690491e+000 1.20236298e+000 5.43280799e-001
61412.68034722 0.000000 0.000000 0.000000 2.96196962e+008 2.51490925e+008 1.02989810e+008 4.05053931e+007 1.70184800e+007 7.90509670e+006 3.65598831e+006 1.21002913e+006 3.45299391e+005 1.08582557e+005 3.81833479e+004 1.47543126e+004 5.82925154e+003 2.34014005e+003 9.43480602e+002 4.40261420e+002 2.47568353e+002 1.64103990e+002 9.46084010e+001 4.48151220e+001 2.65614576e+001
61412.84234954 0.000000 0.000000 0.000000 4.20400322e+008 4.25132776e+008 2.28936142e+008 6.41220710e+007 1.60970510e+007 6.15375636e+006 2.73616400e+006 8.96024118e+005 2.65972059e+005 8.43472662e+004 2.93738457e+004 1.11217782e+004 4.24801556e+003 1.66208745e+003 6.55937461e+002 2.97742304e+002 1.60004946e+002 1.01825425e+002 5.69366406e+001 2.60269462e+001 1.51591474e+001
61413.00435185 0.000000 0.000000 0.000000 2.37163315e+008 1.96007089e+008 5.98638304e+007 7.44232803e+006 1.27948505e+006 3.06768658e+005 8.88853093e+004 2.58369826e+004 7.29548100e+003 2.21829683e+003 7.75190984e+002 2.99114070e+002 1.39026933e+002 6.23788316e+001 2.87717019e+001 1.41005456e+001 8.29301943e+000 5.26632808e+000 2.71589783e+000 9.55855713e-001 4.45672554e-001
61413.16635417 0.000000 0.000000 0.000000 3.74948818e+007 3.57398231e+007 1.00695477e+007 6.18886985e+005 3.84798680e+004 4.14278953e+003 7.58149317e+002 1.94060790e+002 4.37416360e+001 9.74158760e+000 3.34265803e+000 1.53628714e+000 8.46802215e-001 4.14656302e-001 1.85444316e-001 7.66263242e-002 3.75905335e-002 2.22413165e-002 1.01672319e-002 8.12316500e-004 1.12802242e-006
61413.32835648 0.000000 0.000000 0.000000 3.08667194e+008 2.59689269e+008 7.38145594e+007 6.95499002e+006 8.73115609e+005 1.52602212e+005 3.71936122e+004 9.44927754e+003 2.30959468e+003 6.19233968e+002 2.09589918e+002 7.98408152e+001 3.69150748e+001 1.57850032e+001 6.64611909e+000 2.85906719e+000 1.53906860e+000 9.09244460e-001 4.22317289e-001 1.10959887e-001 3.96681687e-002
61413.49035880 0.000000 0.000000 0.000000 3.72656862e+008 3.29896578e+008 1.51277142e+008 3.26199249e+007 7.97096095e+006 2.72822078e+006 1.00195194e+006 3.20736456e+005 1.28565842e+005 4.44913705e+004 1.47012722e+004 5.20978743e+003 1.89665065e+003 6.98472615e+002 2.59576900e+002 1.07094632e+002 5.13512587e+001 2.88207305e+001 1.42431524e+001 5.26106984e+000 2.66119039e+000
61413.65236111 0.000000 0.000000 0.000000 2.93548502e+008 2.38657905e+008 7.65138142e+007 1.04687053e+007 3.48004967e+006 1.50184702e+006 5.80312657e+005 1.98479475e+005 8.64332145e+004 2.94655645e+004 9.79838228e+003 3.53102829e+003 1.33769710e+003 5.05420720e+002 1.88360373e+002 7.58807707e+001 3.57709110e+001 2.00372133e+001 9.94183170e+000 3.69360229e+000 1.86474433e+000
61413.81436343 0.000000 0.000000 0.000000 1.16555266e+007 1.07570040e+007 3.03484830e+006 1.86067092e+005 1.53010362e+004 1.83611681e+003 3.50095468e+002 8.68906592e+001 1.98836102e+001 4.75831203e+000 1.78493938e+000 8.63084043e-001 4.85345489e-001 2.37624548e-001 1.09433048e-001 5.01897587e-002 2.88326924e-002 1.82233524e-002 8.88834333e-003 2.25201554e-003 4.93197724e-004
61413.97636574 0.000000 0.000000 0.000000 0.00000000e+000 0.00000000e+000 0.00000000e+000 0.00000000e+000 0.00000000e+000 0.00000000e+000 0.00000000e+000 0.00000000e+000 0.00000000e+000 0.00000000e+000 0.00000000e+000 0.00000000e+000 0.00000000e+000 0.00000000e+000 0.00000000e+000 0.00000000e+000 0.00000000e+000 0.00000000e+000 0.00000000e+000 0.00000000e+000 0.00000000e+000
61414.13836806 0.000000 0.000000 0.000000 0.00000000e+000 0.00000000e+000 0.00000000e+000 0.00000000e+000 0.00000000e+000 0.00000000e+000 0.00000000e+000 0.00000000e+000 0.00000000e+000 0.00000000e+000 0.00000000e+000 0.00000000e+000 0.00000000e+000 0.00000000e+000 0.00000000e+000 0.00000000e+000 0.00000000e+000 0.00000000e+000 0.00000000e+000 0.00000000e+000 0.00000000e+000
61414.30037037 0.000000 0.000000 0.000000 4.45403294e+006 3.78455707e+006 1.06581436e+006 6.77335459e+004 1.30265710e+004 1.86412135e+003 3.40265009e+002 7.90943340e+001 2.03358278e+001 7.50583065e+000 4.74974744e+000 3.16294587e+000 2.05107569e+000 1.10262793e+000 5.51793113e-001 2.77721469e-001 1.68848966e-001 1.17791902e-001 6.53635732e-002 2.05489531e-002 3.33651012e-003
61414.46237269 0.000000 0.000000 0.000000 4.20871807e+007 4.75789997e+007 1.98730267e+007 7.70599193e+006 3.84037152e+006 2.01668730e+006 9.11001179e+005 3.10978399e+005 1.07130956e+005 3.69033657e+004 1.36881974e+004 5.31441256e+003 2.10881477e+003 8.48852894e+002 3.42399971e+002 1.54761677e+002 8.29691210e+001 5.22799567e+001 2.88998589e+001 1.33177963e+001 7.95608065e+000
61414.62437500 0.000000 0.000000 0.000000 9.37122756e+007 1.31418650e+008 8.41570244e+007 2.41402193e+007 4.79879022e+006 1.37787554e+006 5.28070535e+005 1.78441085e+005 6.76803187e+004 2.36313699e+004 8.69047780e+003 3.35278647e+003 1.35719851e+003 5.57595672e+002 2.26055376e+002 9.98068237e+001 5.18589260e+001 3.20546176e+001 1.75517313e+001 8.04535029e+000 4.80177293e+000
61414.78637731 0.000000 0.000000 0.000000 2.85629018e+006 2.14601741e+006 5.74102885e+005 2.78734110e+004 6.01881723e+003 9.15559689e+002 1.74792973e+002 4.26071560e+001 1.07491537e+001 4.35394737e+000 3.08050011e+000 2.36338047e+000 1.67499485e+000 9.42564719e-001 4.89847779e-001 2.57355452e-001 1.69258496e-001 1.21351422e-001 6.92843315e-002 2.84232262e-002 1.24004282e-002
61414.94837963 0.000000 0.000000 0.000000 0.00000000e+000 0.00000000e+000 0.00000000e+000 0.00000000e+000 0.00000000e+000 0.00000000e+000 0.00000000e+000 0.00000000e+000 0.00000000e+000 0.00000000e+000 0.00000000e+000 0.00000000e+000 0.00000000e+000 0.00000000e+000 0.00000000e+000 0.00000000e+000 0.00000000e+000 0.00000000e+000 0.00000000e+000 0.00000000e+000 0.00000000e+000
61415.11038194 0.000000 0.000000 0.000000 0.00000000e+000 0.00000000e+000 0.00000000e+000 0.00000000e+000 0.00000000e+000 0.00000000e+000 0.00000000e+000 0.00000000e+000 0.00000000e+000 0.00000000e+000 0.00000000e+000 0.00000000e+000 0.00000000e+000 0.00000000e+000 0.00000000e+000 0.00000000e+000 0.00000000e+000 0.00000000e+000 0.00000000e+000 0.00000000e+000 0.00000000e+000
61415.27238426 0.000000 0.000000 0.000000 0.00000000e+000 0.00000000e+000 0.00000000e+000 0.00000000e+000 0.00000000e+000 0.00000000e+000 0.00000000e+000 0.00000000e+000 0.00000000e+000 0.00000000e+000 0.00000000e+000 0.00000000e+000 0.00000000e+000 0.00000000e+000 0.00000000e+000 0.00000000e+000 0.00000000e+000 0.00000000e+000 0.00000000e+000 0.00000000e+000 0.00000000e+000
61415.43438657 0.000000 0.000000 0.000000 0.00000000e+000 0.00000000e+000 0.00000000e+000 0.00000000e+000 0.00000000e+000 0.00000000e+000 0.00000000e+000 0.00000000e+000 0.00000000e+000 0.00000000e+000 0.00000000e+000 0.00000000e+000 0.00000000e+000 0.00000000e+000 0.00000000e+000 0.00000000e+000 0.00000000e+000 0.00000000e+000 0.00000000e+000 0.00000000e+000 0.00000000e+000
61415.59638889 0.000000 0.000000 0.000000 0.00000000e+000 0.00000000e+000 0.00000000e+000 0.00000000e+000 0.00000000e+000 0.00000000e+000 0.00000000e+000 0.00000000e+000 0.00000000e+000 0.00000000e+000 0.00000000e+000 0.00000000e+000 0.00000000e+000 0.00000000e+000 0.00000000e+000 0.00000000e+000 0.00000000e+000 0.00000000e+000 0.00000000e+000 0.00000000e+000 0.00000000e+000
61415.75839120 0.000000 0.000000 0.000000 3.07733259e+005 1.58594181e+005 2.54813098e+004 2.93354465e+002 1.26463241e+001 1.18521247e+000 2.29656756e-001 8.62323591e-002 2.14412231e-002 7.25093920e-003 3.54120112e-003 1.88867734e-003 1.09764877e-003 4.12778825e-004 1.47782651e-004 2.25046441e-005 -7.95966236e-007 -6.17673062e-007 -2.86841862e-007 0.00000000e+000 0.00000000e+000
61415.92039352 0.000000 0.000000 0.000000 3.76857821e+007 1.91956474e+007 4.71535303e+006 2.92610857e+005 1.06629885e+005 3.06176044e+004 8.26750481e+003 3.40190301e+003 2.20744152e+003 1.19272410e+003 5.00552452e+002 1.95149328e+002 8.58492344e+001 3.83740318e+001 1.74227299e+001 7.96378671e+000 4.22826275e+000 2.61428713e+000 1.39989954e+000 6.26477067e-001 3.62493253e-001
61416.08239583 0.000000 0.000000 0.000000 9.42442777e+007 4.55232637e+007 1.48130945e+007 2.64138018e+006 5.93801716e+005 1.74840118e+005 7.56776120e+004 5.59424080e+004 3.54173107e+004 1.53503636e+004 6.81280261e+003 3.12880460e+003 1.48457242e+003 7.08303275e+002 3.19324704e+002 1.47025369e+002 7.68868706e+001 4.82156247e+001 2.77143222e+001 1.37020493e+001 8.46634804e+000
61416.24439815 0.000000 0.000000 0.000000 5.18311967e+006 2.53641234e+006 5.00905371e+005 2.57269001e+004 2.69428136e+003 3.73853700e+002 6.35305940e+001 1.13923921e+001 2.22212236e+000 8.20429416e-001 5.58296972e-001 4.09949980e-001 2.62498440e-001 1.23877389e-001 5.39249870e-002 2.46589301e-002 1.63013042e-002 1.17592433e-002 6.54730297e-003 2.90738429e-003 1.58016744e-003
61416.40640046 0.000000 0.000000 0.000000 0.00000000e+000 0.00000000e+000 0.00000000e+000 0.00000000e+000 0.00000000e+000 0.00000000e+000 0.00000000e+000 0.00000000e+000 0.00000000e+000 0.00000000e+000 0.00000000e+000 0.00000000e+000 0.00000000e+000 0.00000000e+000 0.00000000e+000 0.00000000e+000 0.00000000e+000 0.00000000e+000 0.00000000e+000 0.00000000e+000 0.00000000e+000
61416.56840278 0.000000 0.000000 0.000000 0.00000000e+000 0.00000000e+000 0.00000000e+000 0.00000000e+000 0.00000000e+000 0.00000000e+000 0.00000000e+000 0.00000000e+000 0.00000000e+000 0.00000000e+000 0.00000000e+000 0.00000000e+000 0.00000000e+000 0.00000000e+000 0.00000000e+000 0.00000000e+000 0.00000000e+000 0.00000000e+000 0.00000000e+000 0.00000000e+000 0.00000000e+000
61416.73040509 0.000000 0.000000 0.000000 0.00000000e+000 0.00000000e+000 0.00000000e+000 0.00000000e+000 0.00000000e+000 0.00000000e+000 0.00000000e+000 0.00000000e+000 0.00000000e+000 0.00000000e+000 0.00000000e+000 0.00000000e+000 0.00000000e+000 0.00000000e+000 0.00000000e+000 0.00000000e+000 0.00000000e+000 0.00000000e+000 0.00000000e+000 0.00000000e+000 0.00000000e+000
61416.89240741 0.000000 0.000000 0.000000 0.00000000e+000 0.00000000e+000 0.00000000e+000 0.00000000e+000 0.00000000e+000 0.00000000e+000 0.00000000e+000 0.00000000e+000 0.00000000e+000 0.00000000e+000 0.00000000e+000 0.00000000e+000 0.00000000e+000 0.00000000e+000 0.00000000e+000 0.00000000e+000 0.00000000e+000 0.00000000e+000 0.00000000e+000 0.00000000e+000 0.00000000e+000
61417.05440972 0.000000 0.000000 0.000000 0.00000000e+000 0.00000000e+000 0.00000000e+000 0.00000000e+000 0.00000000e+000 0.00000000e+000 0.00000000e+000 0.00000000e+000 0.00000000e+000 0.00000000e+000 0.00000000e+000 0.00000000e+000 0.00000000e+000 0.00000000e+000 0.00000000e+000 0.00000000e+000 0.00000000e+000 0.00000000e+000 0.00000000e+000 0.00000000e+000 0.00000000e+000
61417.21641204 0.000000 0.000000 0.000000 0.00000000e+000 0.00000000e+000 0.00000000e+000 0.00000000e+000 0.00000000e+000 0.00000000e+000 0.00000000e+000 0.00000000e+000 0.00000000e+000 0.00000000e+000 0.00000000e+000 0.00000000e+000 0.00000000e+000 0.00000000e+000 0.00000000e+000 0.00000000e+000 0.00000000e+000 0.00000000e+000 0.00000000e+000 0.00000000e+000 0.00000000e+000
61417.37841435 0.000000 0.000000 0.000000 0.00000000e+000 0.00000000e+000 0.00000000e+000 0.00000000e+000 0.00000000e+000 0.00000000e+000 0.00000000e+000 0.00000000e+000 0.00000000e+000 0.00000000e+000 0.00000000e+000 0.00000000e+000 0.00000000e+000 0.00000000e+000 0.00000000e+000 0.00000000e+000 0.00000000e+000 0.00000000e+000 0.00000000e+000 0.00000000e+000 0.00000000e+000
61417.54041667 0.000000 0.000000 0.000000 0.00000000e+000 0.00000000e+000 0.00000000e+000 0.00000000e+000 0.00000000e+000 0.00000000e+000 0.00000000e+000 0.00000000e+000 0.00000000e+000 0.00000000e+000 0.00000000e+000 0.00000000e+000 0.00000000e+000 0.00000000e+000 0.00000000e+000 0.00000000e+000 0.00000000e+000 0.00000000e+000 0.00000000e+000 0.00000000e+000 0.00000000e+000
61417.70241898 0.000000 0.000000 0.000000 0.00000000e+000 0.00000000e+000 0.00000000e+000 0.00000000e+000 0.00000000e+000 0.00000000e+000 0.00000000e+000 0.00000000e+000 0.00000000e+000 0.00000000e+000 0.00000000e+000 0.00000000e+000 0.00000000e+000 0.00000000e+000 0.00000000e+000 0.00000000e+000 0.00000000e+000 0.00000000e+000 0.00000000e+000 0.00000000e+000 0.00000000e+000
61417.86442130 0.000000 0.000000 0.000000 0.00000000e+000 0.00000000e+000 0.00000000e+000 0.00000000e+000 0.00000000e+000 0.00000000e+000 0.00000000e+000 0.00000000e+000 0.00000000e+000 0.00000000e+000 0.00000000e+000 0.00000000e+000 0.00000000e+000 0.00000000e+000 0.00000000e+000 0.00000000e+000 0.00000000e+000 0.00000000e+000 0.00000000e+000 0.00000000e+000 0.00000000e+000
61418.02642361 0.000000 0.000000 0.000000 0.00000000e+000 0.00000000e+000 0.00000000e+000 0.00000000e+000 0.00000000e+000 0.00000000e+000 0.00000000e+000 0.00000000e+000 0.00000000e+000 0.00000000e+000 0.00000000e+000 0.00000000e+000 0.00000000e+000 0.00000000e+000 0.00000000e+000 0.00000000e+000 0.00000000e+000 0.00000000e+000 0.00000000e+000 0.00000000e+000 0.00000000e+000
61418.18842593 0.000000 0.000000 0.000000 7.23173524e+003 6.51658965e+003 9.15639981e+002 -3.83305844e+002 -1.28143232e+001 -9.32985931e-001 -1.35292783e-001 -2.39566236e-002 -2.50519616e-003 -2.93963147e-004 -1.39103289e-004 -1.42536615e-005 -4.86457595e-006 0.00000000e+000 0.00000000e+000 0.00000000e+000 0.00000000e+000 0.00000000e+000 0.00000000e+000 0.00000000e+000 0.00000000e+000
61418.35042824 0.000000 0.000000 0.000000 1.30954601e+008 1.14797017e+008 4.45183576e+007 1.25108676e+007 1.62364030e+006 4.01118849e+005 1.31891294e+005 4.56802776e+004 1.38510417e+004 3.14809770e+003 6.33568122e+002 1.32458887e+002 3.98950061e+001 1.33697513e+001 4.71919689e+000 1.79333425e+000 8.42065050e-001 4.26111195e-001 1.72003217e-001 3.83216551e-002 1.34238527e-002
61418.51243056 0.000000 0.000000 0.000000 2.61893788e+008 1.80174124e+008 8.50852008e+007 2.49016466e+007 5.39715772e+006 1.96683642e+006 9.33136869e+005 4.84075333e+005 1.79479481e+005 4.67439627e+004 1.30049884e+004 4.23125311e+003 1.48540810e+003 5.44289181e+002 2.09809909e+002 8.90363784e+001 4.32805680e+001 2.49718114e+001 1.29042501e+001 5.26697877e+000 2.79676552e+000
61418.67443287 0.000000 0.000000 0.000000 7.56564826e+007 7.46912424e+007 2.97828296e+007 9.17981396e+006 1.07174804e+006 2.33188380e+005 6.85849922e+004 1.95347184e+004 4.94269385e+003 9.85686988e+002 1.99962255e+002 4.67026339e+001 1.59679633e+001 5.55441114e+000 1.94947001e+000 7.29712562e-001 3.48827235e-001 1.76335323e-001 6.96840912e-002 1.32472025e-002 4.15861041e-003
61418.83643519 0.000000 0.000000 0.000000 0.00000000e+000 0.00000000e+000 0.00000000e+000 0.00000000e+000 0.00000000e+000 0.00000000e+000 0.00000000e+000 0.00000000e+000 0.00000000e+000 0.00000000e+000 0.00000000e+000 0.00000000e+000 0.00000000e+000 0.00000000e+000 0.00000000e+000 0.00000000e+000 0.00000000e+000 0.00000000e+000 0.00000000e+000 0.00000000e+000 0.00000000e+000
61418.99843750 0.000000 0.000000 0.000000 0.00000000e+000 0.00000000e+000 0.00000000e+000 0.00000000e+000 0.00000000e+000 0.00000000e+000 0.00000000e+000 0.00000000e+000 0.00000000e+000 0.00000000e+000 0.00000000e+000 0.00000000e+000 0.00000000e+000 0.00000000e+000 0.00000000e+000 0.00000000e+000 0.00000000e+000 0.00000000e+000 0.00000000e+000 0.00000000e+000 0.00000000e+000
61419.16043981 0.000000 0.000000 0.000000 0.00000000e+000 0.00000000e+000 0.00000000e+000 0.00000000e+000 0.00000000e+000 0.00000000e+000 0.00000000e+000 0.00000000e+000 0.00000000e+000 0.00000000e+000 0.00000000e+000 0.00000000e+000 0.00000000e+000 0.00000000e+000 0.00000000e+000 0.00000000e+000 0.00000000e+000 0.00000000e+000 0.00000000e+000 0.00000000e+000 0.00000000e+000
61419.32244213 0.000000 0.000000 0.000000 0.00000000e+000 0.00000000e+000 0.00000000e+000 0.00000000e+000 0.00000000e+000 0.00000000e+000 0.00000000e+000 0.00000000e+000 0.00000000e+000 0.00000000e+000 0.00000000e+000 0.00000000e+000 0.00000000e+000 0.00000000e+000 0.00000000e+000 0.00000000e+000 0.00000000e+000 0.00000000e+000 0.00000000e+000 0.00000000e+000 0.00000000e+000
61419.48444444 0.000000 0.000000 0.000000 0.00000000e+000 0.00000000e+000 0.00000000e+000 0.00000000e+000 0.00000000e+000 0.00000000e+000 0.00000000e+000 0.00000000e+000 0.00000000e+000 0.00000000e+000 0.00000000e+000 0.00000000e+000 0.00000000e+000 0.00000000e+000 0.00000000e+000 0.00000000e+000 0.00000000e+000 0.00000000e+000 0.00000000e+000 0.00000000e+000 0.00000000e+000
61419.64644676 0.000000 0.000000 0.000000 0.00000000e+000 0.00000000e+000 0.00000000e+000 0.00000000e+000 0.00000000e+000 0.00000000e+000 0.00000000e+000 0.00000000e+000 0.00000000e+000 0.00000000e+000 0.00000000e+000 0.00000000e+000 0.00000000e+000 0.00000000e+000 0.00000000e+000 0.00000000e+000 0.00000000e+000 0.00000000e+000 0.00000000e+000 0.00000000e+000 0.00000000e+000
61419.80844907 0.000000 0.000000 0.000000 0.00000000e+000 0.00000000e+000 0.00000000e+000 0.00000000e+000 0.00000000e+000 0.00000000e+000 0.00000000e+000 0.00000000e+000 0.00000000e+000 0.00000000e+000 0.00000000e+000 0.00000000e+000 0.00000000e+000 0.00000000e+000 0.00000000e+000 0.00000000e+000 0.00000000e+000 0.00000000e+000 0.00000000e+000 0.00000000e+000 0.00000000e+000
61419.97045139 0.000000 0.000000 0.000000 0.00000000e+000 0.00000000e+000 0.00000000e+000 0.00000000e+000 0.00000000e+000 0.00000000e+000 0.00000000e+000 0.00000000e+000 0.00000000e+000 0.00000000e+000 0.00000000e+000 0.00000000e+000 0.00000000e+000 0.00000000e+000 0.00000000e+000 0.00000000e+000 0.00000000e+000 0.00000000e+000 0.00000000e+000 0.00000000e+000 0.00000000e+000
61420.13245370 0.000000 0.000000 0.000000 0.00000000e+000 0.00000000e+000 0.00000000e+000 0.00000000e+000 0.00000000e+000 0.00000000e+000 0.00000000e+000 0.00000000e+000 0.00000000e+000 0.00000000e+000 0.00000000e+000 0.00000000e+000 0.00000000e+000 0.00000000e+000 0.00000000e+000 0.00000000e+000 0.00000000e+000 0.00000000e+000 0.00000000e+000 0.00000000e+000 0.00000000e+000
61420.29445602 0.000000 0.000000 0.000000 0.00000000e+000 0.00000000e+000 0.00000000e+000 0.00000000e+000 0.00000000e+000 0.00000000e+000 0.00000000e+000 0.00000000e+000 0.00000000e+000 0.00000000e+000 0.00000000e+000 0.00000000e+000 0.00000000e+000 0.00000000e+000 0.00000000e+000 0.00000000e+000 0.00000000e+000 0.00000000e+000 0.00000000e+000 0.00000000e+000 0.00000000e+000
61420.45645833 0.000000 0.000000 0.000000 0.00000000e+000 0.00000000e+000 0.00000000e+000 0.00000000e+000 0.00000000e+000 0.00000000e+000 0.00000000e+000 0.00000000e+000 0.00000000e+000 0.00000000e+000 0.00000000e+000 0.00000000e+000 0.00000000e+000 0.00000000e+000 0.00000000e+000 0.00000000e+000 0.00000000e+000 0.00000000e+000 0.00000000e+000 0.00000000e+000 0.00000000e+000
61420.55915852 0.000000 0.000000 0.000000 0.00000000e+000 0.00000000e+000 0.00000000e+000 0.00000000e+000 0.00000000e+000 0.00000000e+000 0.00000000e+000 0.00000000e+000 0.00000000e+000 0.00000000e+000 0.00000000e+000 0.00000000e+000 0.00000000e+000 0.00000000e+000 0.00000000e+000 0.00000000e+000 0.00000000e+000 0.00000000e+000 0.00000000e+000 0.00000000e+000 0.00000000e+000
