# Ae9Ap9 Model output file: MoonBEAM_trajectory_trade/Rp18408_COM_8per90prop30inc_Tran.AE9.output_mc_fluenceIntv_052.txt
# Ae9Ap9 Software Version:  1.50.001
#
# Model type:               AE9
# Particle species:         e-
# Flux type:                1PtDiff
# Flux direction:           Omnidirectional
# Energy levels (MeV):       0.04 0.07 0.1 0.25 0.5 0.75 1 1.5 2 2.5 3 3.5 4 4.5 5 5.5 6 6.5 7 8.5 10
#
# Accumulation mode:        Interval, length = 13997 seconds (0.162002 days)
#
# Time format:              Modified Julian Date
# Coordinate system:        GEI (Geocentric Equatorial Inertial) Cartesian in km
# Data Delimiter:           space
#
# datetime(mjd),posx(km),posy(km),posz(km),fluence,fluence,fluence,fluence,fluence,fluence,fluence,fluence,fluence,fluence,fluence,fluence,fluence,fluence,fluence,fluence,fluence,fluence,fluence,fluence,fluence(#/cm^2/MeV)
61411.87033565 0.000000 0.000000 0.000000 1.64349913e+012 1.39658820e+012 6.95666480e+011 8.83443525e+010 5.39003708e+010 2.55867919e+010 1.13387852e+010 5.44384689e+009 3.47124508e+009 1.98350924e+009 1.07427428e+009 5.34495451e+008 2.45635431e+008 1.14155192e+008 4.94776205e+007 2.30374802e+007 1.21597203e+007 7.91441836e+006 4.77013274e+006 2.52512544e+006 1.61509926e+006
61412.03233796 0.000000 0.000000 0.000000 1.66242852e+012 1.42047268e+012 7.15291235e+011 1.09395484e+011 7.58752347e+010 3.34447380e+010 1.37935549e+010 6.23736075e+009 3.76454262e+009 2.11996942e+009 1.15196010e+009 5.71549722e+008 2.62461441e+008 1.21322149e+008 5.26794728e+007 2.46397058e+007 1.31162564e+007 8.52235228e+006 5.08045991e+006 2.65224236e+006 1.69055046e+006
61412.19434028 0.000000 0.000000 0.000000 2.11655919e+012 1.86750557e+012 8.96274468e+011 1.56482658e+011 1.34129023e+011 6.61251997e+010 3.08875974e+010 1.64746837e+010 8.22350506e+009 3.65924180e+009 1.72864053e+009 8.13994615e+008 3.71758522e+008 1.72359591e+008 7.33857881e+007 3.32277128e+007 1.72335914e+007 1.11093744e+007 6.58141768e+006 3.40420506e+006 2.17547313e+006
61412.35634259 0.000000 0.000000 0.000000 2.16038421e+012 1.92869963e+012 9.35686596e+011 1.78573279e+011 1.59711639e+011 7.79567392e+010 3.52239889e+010 1.80428236e+010 8.85206784e+009 3.89065124e+009 1.81454513e+009 8.47846042e+008 3.86495610e+008 1.78853047e+008 7.60666536e+007 3.44292366e+007 1.78556209e+007 1.14932261e+007 6.77552906e+006 3.48442003e+006 2.22247853e+006
61412.51834491 0.000000 0.000000 0.000000 2.20465940e+012 1.98503674e+012 9.61256065e+011 1.81977211e+011 1.61192831e+011 7.83583203e+010 3.53402730e+010 1.80735926e+010 8.86035911e+009 3.89389746e+009 1.81661164e+009 8.49235006e+008 3.87362418e+008 1.79272365e+008 7.62622366e+007 3.45240715e+007 1.79146520e+007 1.15309134e+007 6.79335783e+006 3.48959294e+006 2.22463511e+006
61412.68034722 0.000000 0.000000 0.000000 2.38973423e+012 2.26601007e+012 1.09304072e+012 2.61865648e+011 2.37588124e+011 1.22392340e+011 5.74586389e+010 2.92133624e+010 1.48249950e+010 6.44424069e+009 2.85190660e+009 1.27448319e+009 5.60017782e+008 2.53009125e+008 1.04789370e+008 4.62586085e+007 2.34374825e+007 1.48636265e+007 8.67425284e+006 4.42105374e+006 2.82796392e+006
61412.84234954 0.000000 0.000000 0.000000 4.63527732e+012 4.92234127e+012 2.93095581e+012 6.43711708e+011 3.34946744e+011 1.67575803e+011 8.11901265e+010 4.24092756e+010 2.21549043e+010 9.44816347e+009 4.05719634e+009 1.76340575e+009 7.56348208e+008 3.38217024e+008 1.39081892e+008 6.11682564e+007 3.05688402e+007 1.90755653e+007 1.10401110e+007 5.59990247e+006 3.60074316e+006
61413.00435185 0.000000 0.000000 0.000000 4.72661082e+012 5.03035297e+012 2.97360442e+012 6.46886808e+011 3.36408668e+011 1.68089297e+011 8.13498289e+010 4.24514741e+010 2.21660140e+010 9.45225108e+009 4.05936467e+009 1.76461702e+009 7.57085452e+008 3.38587565e+008 1.39255259e+008 6.12491982e+007 3.06144916e+007 1.91023880e+007 1.10517714e+007 5.60301671e+006 3.60204122e+006
61413.16635417 0.000000 0.000000 0.000000 4.73319128e+012 5.03597108e+012 2.97511580e+012 6.46910101e+011 3.36413807e+011 1.68090297e+011 8.13501056e+010 4.24515740e+010 2.21660530e+010 9.45226805e+009 4.05937637e+009 1.76462515e+009 7.57090584e+008 3.38590034e+008 1.39256377e+008 6.12496914e+007 3.06147641e+007 1.91025529e+007 1.10518407e+007 5.60302273e+006 3.60204123e+006
61413.32835648 0.000000 0.000000 0.000000 4.82206448e+012 5.10318572e+012 2.99390179e+012 6.47806072e+011 3.36629602e+011 1.68141995e+011 8.13633023e+010 4.24547657e+010 2.21668763e+010 9.45262132e+009 4.05966051e+009 1.76487183e+009 7.57266420e+008 3.38673460e+008 1.39293328e+008 6.12665056e+007 3.06250698e+007 1.91089698e+007 1.10546790e+007 5.60379148e+006 3.60235830e+006
61413.49035880 0.000000 0.000000 0.000000 6.37454138e+012 6.70847238e+012 3.89935091e+012 7.86367107e+011 3.71857614e+011 1.85719263e+011 9.04220477e+010 4.79358080e+010 2.52716217e+010 1.07731353e+010 4.63429904e+009 2.02024832e+009 8.70455688e+008 3.91405100e+008 1.61854106e+008 7.14694417e+007 3.57274509e+007 2.22540792e+007 1.28912969e+007 6.55603056e+006 4.21408583e+006
61413.65236111 0.000000 0.000000 0.000000 6.82934641e+012 7.11525358e+012 4.04029413e+012 8.14008402e+011 3.91167697e+011 1.96641920e+011 9.60677877e+010 5.16011579e+010 2.72879867e+010 1.15916352e+010 4.98354209e+009 2.17632107e+009 9.41514026e+008 4.25404902e+008 1.76662754e+008 7.82168730e+007 3.91027941e+007 2.43363361e+007 1.41135324e+007 7.19440622e+006 4.62372824e+006
61413.81436343 0.000000 0.000000 0.000000 6.83358686e+012 7.11710620e+012 4.04060184e+012 8.14013443e+011 3.91168417e+011 1.96642049e+011 9.60678163e+010 5.16011653e+010 2.72879898e+010 1.15916374e+010 4.98354476e+009 2.17632361e+009 9.41515733e+008 4.25405664e+008 1.76663102e+008 7.82170423e+007 3.91029128e+007 2.43364217e+007 1.41135743e+007 7.19442029e+006 4.62373328e+006
61413.97636574 0.000000 0.000000 0.000000 6.83358686e+012 7.11710620e+012 4.04060184e+012 8.14013443e+011 3.91168417e+011 1.96642049e+011 9.60678163e+010 5.16011653e+010 2.72879898e+010 1.15916374e+010 4.98354476e+009 2.17632361e+009 9.41515733e+008 4.25405664e+008 1.76663102e+008 7.82170423e+007 3.91029128e+007 2.43364217e+007 1.41135743e+007 7.19442029e+006 4.62373328e+006
61414.13836806 0.000000 0.000000 0.000000 6.83358686e+012 7.11710620e+012 4.04060184e+012 8.14013443e+011 3.91168417e+011 1.96642049e+011 9.60678163e+010 5.16011653e+010 2.72879898e+010 1.15916374e+010 4.98354476e+009 2.17632361e+009 9.41515733e+008 4.25405664e+008 1.76663102e+008 7.82170423e+007 3.91029128e+007 2.43364217e+007 1.41135743e+007 7.19442029e+006 4.62373328e+006
61414.30037037 0.000000 0.000000 0.000000 6.88349437e+012 7.14362495e+012 4.04576994e+012 8.14393002e+011 3.91189739e+011 1.96644583e+011 9.60682955e+010 5.16012479e+010 2.72880109e+010 1.15916449e+010 4.98354906e+009 2.17632590e+009 9.41516686e+008 4.25405937e+008 1.76663187e+008 7.82170730e+007 3.91029314e+007 2.43364338e+007 1.41135793e+007 7.19442148e+006 4.62373347e+006
61414.46237269 0.000000 0.000000 0.000000 7.93848029e+012 7.74031446e+012 4.20641153e+012 8.32707272e+011 3.95953360e+011 1.98312593e+011 9.66436595e+010 5.18629454e+010 2.74828085e+010 1.16883408e+010 5.02848922e+009 2.19639618e+009 9.50367361e+008 4.29491571e+008 1.78544787e+008 7.91211119e+007 3.95636520e+007 2.46101193e+007 1.42633187e+007 7.26419394e+006 4.66318549e+006
61414.62437500 0.000000 0.000000 0.000000 9.82851603e+012 9.17130327e+012 4.91442718e+012 9.12036101e+011 4.01555456e+011 1.99507426e+011 9.70205948e+010 5.20299266e+010 2.75982488e+010 1.17424939e+010 5.05362130e+009 2.20777550e+009 9.55498261e+008 4.31919347e+008 1.79702646e+008 7.96999952e+007 3.98660901e+007 2.47908794e+007 1.43621674e+007 7.31009665e+006 4.68904198e+006
61414.78637731 0.000000 0.000000 0.000000 9.92706641e+012 9.23900847e+012 4.93217827e+012 9.14328708e+011 4.01663265e+011 1.99518851e+011 9.70227051e+010 5.20302267e+010 2.75982994e+010 1.17425039e+010 5.05362447e+009 2.20777661e+009 9.55498654e+008 4.31919447e+008 1.79702677e+008 7.97000062e+007 3.98660976e+007 2.47908841e+007 1.43621691e+007 7.31009696e+006 4.68904210e+006
61414.94837963 0.000000 0.000000 0.000000 9.92706641e+012 9.23900847e+012 4.93217827e+012 9.14328708e+011 4.01663265e+011 1.99518851e+011 9.70227051e+010 5.20302267e+010 2.75982994e+010 1.17425039e+010 5.05362447e+009 2.20777661e+009 9.55498654e+008 4.31919447e+008 1.79702677e+008 7.97000062e+007 3.98660976e+007 2.47908841e+007 1.43621691e+007 7.31009696e+006 4.68904210e+006
61415.11038194 0.000000 0.000000 0.000000 9.92706641e+012 9.23900847e+012 4.93217827e+012 9.14328708e+011 4.01663265e+011 1.99518851e+011 9.70227051e+010 5.20302267e+010 2.75982994e+010 1.17425039e+010 5.05362447e+009 2.20777661e+009 9.55498654e+008 4.31919447e+008 1.79702677e+008 7.97000062e+007 3.98660976e+007 2.47908841e+007 1.43621691e+007 7.31009696e+006 4.68904210e+006
61415.27238426 0.000000 0.000000 0.000000 9.92706641e+012 9.23900847e+012 4.93217827e+012 9.14328708e+011 4.01663265e+011 1.99518851e+011 9.70227051e+010 5.20302267e+010 2.75982994e+010 1.17425039e+010 5.05362447e+009 2.20777661e+009 9.55498654e+008 4.31919447e+008 1.79702677e+008 7.97000062e+007 3.98660976e+007 2.47908841e+007 1.43621691e+007 7.31009696e+006 4.68904210e+006
61415.43438657 0.000000 0.000000 0.000000 9.92706641e+012 9.23900847e+012 4.93217827e+012 9.14328708e+011 4.01663265e+011 1.99518851e+011 9.70227051e+010 5.20302267e+010 2.75982994e+010 1.17425039e+010 5.05362447e+009 2.20777661e+009 9.55498654e+008 4.31919447e+008 1.79702677e+008 7.97000062e+007 3.98660976e+007 2.47908841e+007 1.43621691e+007 7.31009696e+006 4.68904210e+006
61415.59638889 0.000000 0.000000 0.000000 9.92706641e+012 9.23900847e+012 4.93217827e+012 9.14328708e+011 4.01663265e+011 1.99518851e+011 9.70227051e+010 5.20302267e+010 2.75982994e+010 1.17425039e+010 5.05362447e+009 2.20777661e+009 9.55498654e+008 4.31919447e+008 1.79702677e+008 7.97000062e+007 3.98660976e+007 2.47908841e+007 1.43621691e+007 7.31009696e+006 4.68904210e+006
61415.75839120 0.000000 0.000000 0.000000 9.95151896e+012 9.25418406e+012 4.93509139e+012 9.14488137e+011 4.01667282e+011 1.99519230e+011 9.70227959e+010 5.20302514e+010 2.75983058e+010 1.17425060e+010 5.05362530e+009 2.20777697e+009 9.55498828e+008 4.31919499e+008 1.79702693e+008 7.97000087e+007 3.98660975e+007 2.47908840e+007 1.43621691e+007 7.31009696e+006 4.68904210e+006
61415.92039352 0.000000 0.000000 0.000000 1.14197695e+013 1.01097701e+013 5.18665927e+012 9.36143314e+011 4.03275149e+011 1.99763117e+011 9.70818910e+010 5.20448689e+010 2.76011464e+010 1.17433183e+010 5.05396057e+009 2.20793097e+009 9.55593057e+008 4.31978552e+008 1.79741158e+008 7.97218457e+007 3.98792403e+007 2.47991302e+007 1.43661458e+007 7.31193169e+006 4.69019266e+006
61416.08239583 0.000000 0.000000 0.000000 1.33132808e+013 1.13176462e+013 5.65023211e+012 9.83780547e+011 4.06833699e+011 2.00365318e+011 9.72546978e+010 5.20931217e+010 2.76135327e+010 1.17470036e+010 5.05543531e+009 2.20857540e+009 9.55931363e+008 4.32169458e+008 1.79854834e+008 7.97833023e+007 3.99129348e+007 2.48185779e+007 1.43749775e+007 7.31566477e+006 4.69242341e+006
61416.24439815 0.000000 0.000000 0.000000 1.36519542e+013 1.15298493e+013 5.70081062e+012 9.86333456e+011 4.06924817e+011 2.00374942e+011 9.72568505e+010 5.20935613e+010 2.76136305e+010 1.17470381e+010 5.05545714e+009 2.20859027e+009 9.55941214e+008 4.32174323e+008 1.79857235e+008 7.97845867e+007 3.99139271e+007 2.48193892e+007 1.43754655e+007 7.31592367e+006 4.69255871e+006
61416.40640046 0.000000 0.000000 0.000000 1.36519542e+013 1.15298493e+013 5.70081062e+012 9.86333456e+011 4.06924817e+011 2.00374942e+011 9.72568505e+010 5.20935613e+010 2.76136305e+010 1.17470381e+010 5.05545714e+009 2.20859027e+009 9.55941214e+008 4.32174323e+008 1.79857235e+008 7.97845867e+007 3.99139271e+007 2.48193892e+007 1.43754655e+007 7.31592367e+006 4.69255871e+006
61416.56840278 0.000000 0.000000 0.000000 1.36519542e+013 1.15298493e+013 5.70081062e+012 9.86333456e+011 4.06924817e+011 2.00374942e+011 9.72568505e+010 5.20935613e+010 2.76136305e+010 1.17470381e+010 5.05545714e+009 2.20859027e+009 9.55941214e+008 4.32174323e+008 1.79857235e+008 7.97845867e+007 3.99139271e+007 2.48193892e+007 1.43754655e+007 7.31592367e+006 4.69255871e+006
61416.73040509 0.000000 0.000000 0.000000 1.36519542e+013 1.15298493e+013 5.70081062e+012 9.86333456e+011 4.06924817e+011 2.00374942e+011 9.72568505e+010 5.20935613e+010 2.76136305e+010 1.17470381e+010 5.05545714e+009 2.20859027e+009 9.55941214e+008 4.32174323e+008 1.79857235e+008 7.97845867e+007 3.99139271e+007 2.48193892e+007 1.43754655e+007 7.31592367e+006 4.69255871e+006
61416.89240741 0.000000 0.000000 0.000000 1.36519542e+013 1.15298493e+013 5.70081062e+012 9.86333456e+011 4.06924817e+011 2.00374942e+011 9.72568505e+010 5.20935613e+010 2.76136305e+010 1.17470381e+010 5.05545714e+009 2.20859027e+009 9.55941214e+008 4.32174323e+008 1.79857235e+008 7.97845867e+007 3.99139271e+007 2.48193892e+007 1.43754655e+007 7.31592367e+006 4.69255871e+006
61417.05440972 0.000000 0.000000 0.000000 1.36519542e+013 1.15298493e+013 5.70081062e+012 9.86333456e+011 4.06924817e+011 2.00374942e+011 9.72568505e+010 5.20935613e+010 2.76136305e+010 1.17470381e+010 5.05545714e+009 2.20859027e+009 9.55941214e+008 4.32174323e+008 1.79857235e+008 7.97845867e+007 3.99139271e+007 2.48193892e+007 1.43754655e+007 7.31592367e+006 4.69255871e+006
61417.21641204 0.000000 0.000000 0.000000 1.36519542e+013 1.15298493e+013 5.70081062e+012 9.86333456e+011 4.06924817e+011 2.00374942e+011 9.72568505e+010 5.20935613e+010 2.76136305e+010 1.17470381e+010 5.05545714e+009 2.20859027e+009 9.55941214e+008 4.32174323e+008 1.79857235e+008 7.97845867e+007 3.99139271e+007 2.48193892e+007 1.43754655e+007 7.31592367e+006 4.69255871e+006
61417.37841435 0.000000 0.000000 0.000000 1.36519542e+013 1.15298493e+013 5.70081062e+012 9.86333456e+011 4.06924817e+011 2.00374942e+011 9.72568505e+010 5.20935613e+010 2.76136305e+010 1.17470381e+010 5.05545714e+009 2.20859027e+009 9.55941214e+008 4.32174323e+008 1.79857235e+008 7.97845867e+007 3.99139271e+007 2.48193892e+007 1.43754655e+007 7.31592367e+006 4.69255871e+006
61417.54041667 0.000000 0.000000 0.000000 1.36519542e+013 1.15298493e+013 5.70081062e+012 9.86333456e+011 4.06924817e+011 2.00374942e+011 9.72568505e+010 5.20935613e+010 2.76136305e+010 1.17470381e+010 5.05545714e+009 2.20859027e+009 9.55941214e+008 4.32174323e+008 1.79857235e+008 7.97845867e+007 3.99139271e+007 2.48193892e+007 1.43754655e+007 7.31592367e+006 4.69255871e+006
61417.70241898 0.000000 0.000000 0.000000 1.36519542e+013 1.15298493e+013 5.70081062e+012 9.86333456e+011 4.06924817e+011 2.00374942e+011 9.72568505e+010 5.20935613e+010 2.76136305e+010 1.17470381e+010 5.05545714e+009 2.20859027e+009 9.55941214e+008 4.32174323e+008 1.79857235e+008 7.97845867e+007 3.99139271e+007 2.48193892e+007 1.43754655e+007 7.31592367e+006 4.69255871e+006
61417.86442130 0.000000 0.000000 0.000000 1.36519542e+013 1.15298493e+013 5.70081062e+012 9.86333456e+011 4.06924817e+011 2.00374942e+011 9.72568505e+010 5.20935613e+010 2.76136305e+010 1.17470381e+010 5.05545714e+009 2.20859027e+009 9.55941214e+008 4.32174323e+008 1.79857235e+008 7.97845867e+007 3.99139271e+007 2.48193892e+007 1.43754655e+007 7.31592367e+006 4.69255871e+006
61418.02642361 0.000000 0.000000 0.000000 1.36519542e+013 1.15298493e+013 5.70081062e+012 9.86333456e+011 4.06924817e+011 2.00374942e+011 9.72568505e+010 5.20935613e+010 2.76136305e+010 1.17470381e+010 5.05545714e+009 2.20859027e+009 9.55941214e+008 4.32174323e+008 1.79857235e+008 7.97845867e+007 3.99139271e+007 2.48193892e+007 1.43754655e+007 7.31592367e+006 4.69255871e+006
61418.18842593 0.000000 0.000000 0.000000 1.36521573e+013 1.15300180e+013 5.70084020e+012 9.86333077e+011 4.06924815e+011 2.00374942e+011 9.72568505e+010 5.20935613e+010 2.76136305e+010 1.17470381e+010 5.05545714e+009 2.20859027e+009 9.55941214e+008 4.32174323e+008 1.79857235e+008 7.97845867e+007 3.99139271e+007 2.48193892e+007 1.43754655e+007 7.31592367e+006 4.69255871e+006
61418.35042824 0.000000 0.000000 0.000000 1.78502731e+013 1.39416961e+013 6.27336252e+012 1.01460562e+012 4.09049874e+011 2.00819087e+011 9.73619339e+010 5.21141128e+010 2.76182356e+010 1.17482452e+010 5.05585847e+009 2.20873288e+009 9.56007484e+008 4.32203958e+008 1.79869958e+008 7.97894076e+007 3.99160662e+007 2.48204559e+007 1.43758466e+007 7.31600151e+006 4.69258616e+006
61418.51243056 0.000000 0.000000 0.000000 2.28246394e+013 1.75289769e+013 7.85149007e+012 1.30532008e+012 4.80701494e+011 2.32102818e+011 1.13085461e+011 5.89001595e+010 2.98253611e+010 1.23527127e+010 5.25041398e+009 2.28043682e+009 9.84451959e+008 4.44376861e+008 1.84838196e+008 8.18795657e+007 4.08939701e+007 2.53823337e+007 1.46714464e+007 7.44566371e+006 4.76700823e+006
61418.67443287 0.000000 0.000000 0.000000 2.58605804e+013 1.91467987e+013 8.19265860e+012 1.31747911e+012 4.81217598e+011 2.32189651e+011 1.13102759e+011 5.89034092e+010 2.98261109e+010 1.23529089e+010 5.25049105e+009 2.28047215e+009 9.84470606e+008 4.44384673e+008 1.84841338e+008 8.18807768e+007 4.08946193e+007 2.53826977e+007 1.46715847e+007 7.44569060e+006 4.76701762e+006
61418.83643519 0.000000 0.000000 0.000000 2.58605804e+013 1.91467987e+013 8.19265860e+012 1.31747911e+012 4.81217598e+011 2.32189651e+011 1.13102759e+011 5.89034092e+010 2.98261109e+010 1.23529089e+010 5.25049105e+009 2.28047215e+009 9.84470606e+008 4.44384673e+008 1.84841338e+008 8.18807768e+007 4.08946193e+007 2.53826977e+007 1.46715847e+007 7.44569060e+006 4.76701762e+006
61418.99843750 0.000000 0.000000 0.000000 2.58605804e+013 1.91467987e+013 8.19265860e+012 1.31747911e+012 4.81217598e+011 2.32189651e+011 1.13102759e+011 5.89034092e+010 2.98261109e+010 1.23529089e+010 5.25049105e+009 2.28047215e+009 9.84470606e+008 4.44384673e+008 1.84841338e+008 8.18807768e+007 4.08946193e+007 2.53826977e+007 1.46715847e+007 7.44569060e+006 4.76701762e+006
61419.16043981 0.000000 0.000000 0.000000 2.58605804e+013 1.91467987e+013 8.19265860e+012 1.31747911e+012 4.81217598e+011 2.32189651e+011 1.13102759e+011 5.89034092e+010 2.98261109e+010 1.23529089e+010 5.25049105e+009 2.28047215e+009 9.84470606e+008 4.44384673e+008 1.84841338e+008 8.18807768e+007 4.08946193e+007 2.53826977e+007 1.46715847e+007 7.44569060e+006 4.76701762e+006
61419.32244213 0.000000 0.000000 0.000000 2.58605804e+013 1.91467987e+013 8.19265860e+012 1.31747911e+012 4.81217598e+011 2.32189651e+011 1.13102759e+011 5.89034092e+010 2.98261109e+010 1.23529089e+010 5.25049105e+009 2.28047215e+009 9.84470606e+008 4.44384673e+008 1.84841338e+008 8.18807768e+007 4.08946193e+007 2.53826977e+007 1.46715847e+007 7.44569060e+006 4.76701762e+006
61419.48444444 0.000000 0.000000 0.000000 2.58605804e+013 1.91467987e+013 8.19265860e+012 1.31747911e+012 4.81217598e+011 2.32189651e+011 1.13102759e+011 5.89034092e+010 2.98261109e+010 1.23529089e+010 5.25049105e+009 2.28047215e+009 9.84470606e+008 4.44384673e+008 1.84841338e+008 8.18807768e+007 4.08946193e+007 2.53826977e+007 1.46715847e+007 7.44569060e+006 4.76701762e+006
61419.64644676 0.000000 0.000000 0.000000 2.58605804e+013 1.91467987e+013 8.19265860e+012 1.31747911e+012 4.81217598e+011 2.32189651e+011 1.13102759e+011 5.89034092e+010 2.98261109e+010 1.23529089e+010 5.25049105e+009 2.28047215e+009 9.84470606e+008 4.44384673e+008 1.84841338e+008 8.18807768e+007 4.08946193e+007 2.53826977e+007 1.46715847e+007 7.44569060e+006 4.76701762e+006
61419.80844907 0.000000 0.000000 0.000000 2.58605804e+013 1.91467987e+013 8.19265860e+012 1.31747911e+012 4.81217598e+011 2.32189651e+011 1.13102759e+011 5.89034092e+010 2.98261109e+010 1.23529089e+010 5.25049105e+009 2.28047215e+009 9.84470606e+008 4.44384673e+008 1.84841338e+008 8.18807768e+007 4.08946193e+007 2.53826977e+007 1.46715847e+007 7.44569060e+006 4.76701762e+006
61419.97045139 0.000000 0.000000 0.000000 2.58605804e+013 1.91467987e+013 8.19265860e+012 1.31747911e+012 4.81217598e+011 2.32189651e+011 1.13102759e+011 5.89034092e+010 2.98261109e+010 1.23529089e+010 5.25049105e+009 2.28047215e+009 9.84470606e+008 4.44384673e+008 1.84841338e+008 8.18807768e+007 4.08946193e+007 2.53826977e+007 1.46715847e+007 7.44569060e+006 4.76701762e+006
61420.13245370 0.000000 0.000000 0.000000 2.58605804e+013 1.91467987e+013 8.19265860e+012 1.31747911e+012 4.81217598e+011 2.32189651e+011 1.13102759e+011 5.89034092e+010 2.98261109e+010 1.23529089e+010 5.25049105e+009 2.28047215e+009 9.84470606e+008 4.44384673e+008 1.84841338e+008 8.18807768e+007 4.08946193e+007 2.53826977e+007 1.46715847e+007 7.44569060e+006 4.76701762e+006
61420.29445602 0.000000 0.000000 0.000000 2.58605804e+013 1.91467987e+013 8.19265860e+012 1.31747911e+012 4.81217598e+011 2.32189651e+011 1.13102759e+011 5.89034092e+010 2.98261109e+010 1.23529089e+010 5.25049105e+009 2.28047215e+009 9.84470606e+008 4.44384673e+008 1.84841338e+008 8.18807768e+007 4.08946193e+007 2.53826977e+007 1.46715847e+007 7.44569060e+006 4.76701762e+006
61420.45645833 0.000000 0.000000 0.000000 2.58605804e+013 1.91467987e+013 8.19265860e+012 1.31747911e+012 4.81217598e+011 2.32189651e+011 1.13102759e+011 5.89034092e+010 2.98261109e+010 1.23529089e+010 5.25049105e+009 2.28047215e+009 9.84470606e+008 4.44384673e+008 1.84841338e+008 8.18807768e+007 4.08946193e+007 2.53826977e+007 1.46715847e+007 7.44569060e+006 4.76701762e+006
61420.55915852 0.000000 0.000000 0.000000 2.58605804e+013 1.91467987e+013 8.19265860e+012 1.31747911e+012 4.81217598e+011 2.32189651e+011 1.13102759e+011 5.89034092e+010 2.98261109e+010 1.23529089e+010 5.25049105e+009 2.28047215e+009 9.84470606e+008 4.44384673e+008 1.84841338e+008 8.18807768e+007 4.08946193e+007 2.53826977e+007 1.46715847e+007 7.44569060e+006 4.76701762e+006
