# Ae9Ap9 Model output file: MoonBEAM_trajectory_trade/Rp18408_COM_8per90prop30inc_Sci.AP9.output_mc_fluenceIntv_076.txt
# Ae9Ap9 Software Version:  1.50.001
#
# Model type:               AP9
# Particle species:         H+
# Flux type:                1PtDiff
# Flux direction:           Omnidirectional
# Energy levels (MeV):       0.1 0.2 0.4 0.6 0.8 1 2 4 6 8 10 15 20 30 50 60 80 100 150 200 300 400 700 1200 2000
#
# Accumulation mode:        Interval, length = 16589 seconds (0.192002 days)
#
# Time format:              Modified Julian Date
# Coordinate system:        GEI (Geocentric Equatorial Inertial) Cartesian in km
# Data Delimiter:           space
#
# datetime(mjd),posx(km),posy(km),posz(km),fluence,fluence,fluence,fluence,fluence,fluence,fluence,fluence,fluence,fluence,fluence,fluence,fluence,fluence,fluence,fluence,fluence,fluence,fluence,fluence,fluence,fluence,fluence,fluence,fluence(#/cm^2/MeV)
61429.66149804 0.000000 0.000000 0.000000 0.00000000e+000 0.00000000e+000 0.00000000e+000 0.00000000e+000 0.00000000e+000 0.00000000e+000 0.00000000e+000 0.00000000e+000 0.00000000e+000 0.00000000e+000 0.00000000e+000 0.00000000e+000 0.00000000e+000 0.00000000e+000 0.00000000e+000 0.00000000e+000 0.00000000e+000 0.00000000e+000 0.00000000e+000 0.00000000e+000 0.00000000e+000 0.00000000e+000 0.00000000e+000 0.00000000e+000 0.00000000e+000
61429.85350036 0.000000 0.000000 0.000000 0.00000000e+000 0.00000000e+000 0.00000000e+000 0.00000000e+000 0.00000000e+000 0.00000000e+000 0.00000000e+000 0.00000000e+000 0.00000000e+000 0.00000000e+000 0.00000000e+000 0.00000000e+000 0.00000000e+000 0.00000000e+000 0.00000000e+000 0.00000000e+000 0.00000000e+000 0.00000000e+000 0.00000000e+000 0.00000000e+000 0.00000000e+000 0.00000000e+000 0.00000000e+000 0.00000000e+000 0.00000000e+000
61430.04550267 0.000000 0.000000 0.000000 0.00000000e+000 0.00000000e+000 0.00000000e+000 0.00000000e+000 0.00000000e+000 0.00000000e+000 0.00000000e+000 0.00000000e+000 0.00000000e+000 0.00000000e+000 0.00000000e+000 0.00000000e+000 0.00000000e+000 0.00000000e+000 0.00000000e+000 0.00000000e+000 0.00000000e+000 0.00000000e+000 0.00000000e+000 0.00000000e+000 0.00000000e+000 0.00000000e+000 0.00000000e+000 0.00000000e+000 0.00000000e+000
61430.23750499 0.000000 0.000000 0.000000 0.00000000e+000 0.00000000e+000 0.00000000e+000 0.00000000e+000 0.00000000e+000 0.00000000e+000 0.00000000e+000 0.00000000e+000 0.00000000e+000 0.00000000e+000 0.00000000e+000 0.00000000e+000 0.00000000e+000 0.00000000e+000 0.00000000e+000 0.00000000e+000 0.00000000e+000 0.00000000e+000 0.00000000e+000 0.00000000e+000 0.00000000e+000 0.00000000e+000 0.00000000e+000 0.00000000e+000 0.00000000e+000
61430.42950730 0.000000 0.000000 0.000000 0.00000000e+000 0.00000000e+000 0.00000000e+000 0.00000000e+000 0.00000000e+000 0.00000000e+000 0.00000000e+000 0.00000000e+000 0.00000000e+000 0.00000000e+000 0.00000000e+000 0.00000000e+000 0.00000000e+000 0.00000000e+000 0.00000000e+000 0.00000000e+000 0.00000000e+000 0.00000000e+000 0.00000000e+000 0.00000000e+000 0.00000000e+000 0.00000000e+000 0.00000000e+000 0.00000000e+000 0.00000000e+000
61430.62150962 0.000000 0.000000 0.000000 0.00000000e+000 0.00000000e+000 0.00000000e+000 0.00000000e+000 0.00000000e+000 0.00000000e+000 0.00000000e+000 0.00000000e+000 0.00000000e+000 0.00000000e+000 0.00000000e+000 0.00000000e+000 0.00000000e+000 0.00000000e+000 0.00000000e+000 0.00000000e+000 0.00000000e+000 0.00000000e+000 0.00000000e+000 0.00000000e+000 0.00000000e+000 0.00000000e+000 0.00000000e+000 0.00000000e+000 0.00000000e+000
61430.81351193 0.000000 0.000000 0.000000 0.00000000e+000 0.00000000e+000 0.00000000e+000 0.00000000e+000 0.00000000e+000 0.00000000e+000 0.00000000e+000 0.00000000e+000 0.00000000e+000 0.00000000e+000 0.00000000e+000 0.00000000e+000 0.00000000e+000 0.00000000e+000 0.00000000e+000 0.00000000e+000 0.00000000e+000 0.00000000e+000 0.00000000e+000 0.00000000e+000 0.00000000e+000 0.00000000e+000 0.00000000e+000 0.00000000e+000 0.00000000e+000
61431.00551425 0.000000 0.000000 0.000000 0.00000000e+000 0.00000000e+000 0.00000000e+000 0.00000000e+000 0.00000000e+000 0.00000000e+000 0.00000000e+000 0.00000000e+000 0.00000000e+000 0.00000000e+000 0.00000000e+000 0.00000000e+000 0.00000000e+000 0.00000000e+000 0.00000000e+000 0.00000000e+000 0.00000000e+000 0.00000000e+000 0.00000000e+000 0.00000000e+000 0.00000000e+000 0.00000000e+000 0.00000000e+000 0.00000000e+000 0.00000000e+000
61431.19751656 0.000000 0.000000 0.000000 0.00000000e+000 0.00000000e+000 0.00000000e+000 0.00000000e+000 0.00000000e+000 0.00000000e+000 0.00000000e+000 0.00000000e+000 0.00000000e+000 0.00000000e+000 0.00000000e+000 0.00000000e+000 0.00000000e+000 0.00000000e+000 0.00000000e+000 0.00000000e+000 0.00000000e+000 0.00000000e+000 0.00000000e+000 0.00000000e+000 0.00000000e+000 0.00000000e+000 0.00000000e+000 0.00000000e+000 0.00000000e+000
61431.38951888 0.000000 0.000000 0.000000 0.00000000e+000 0.00000000e+000 0.00000000e+000 0.00000000e+000 0.00000000e+000 0.00000000e+000 0.00000000e+000 0.00000000e+000 0.00000000e+000 0.00000000e+000 0.00000000e+000 0.00000000e+000 0.00000000e+000 0.00000000e+000 0.00000000e+000 0.00000000e+000 0.00000000e+000 0.00000000e+000 0.00000000e+000 0.00000000e+000 0.00000000e+000 0.00000000e+000 0.00000000e+000 0.00000000e+000 0.00000000e+000
61431.58152119 0.000000 0.000000 0.000000 1.27963087e+008 3.55051003e+007 3.74577129e+006 5.28635666e+005 1.25031658e+005 8.25275837e+003 6.76642619e+001 -7.92343937e-002 0.00000000e+000 0.00000000e+000 0.00000000e+000 0.00000000e+000 0.00000000e+000 0.00000000e+000 0.00000000e+000 0.00000000e+000 0.00000000e+000 0.00000000e+000 0.00000000e+000 0.00000000e+000 0.00000000e+000 0.00000000e+000 0.00000000e+000 0.00000000e+000 0.00000000e+000
61431.77352351 0.000000 0.000000 0.000000 4.27621234e+012 1.90551550e+012 5.82763648e+011 3.12306213e+011 1.91715139e+011 4.85039488e+010 4.10400346e+009 1.89453953e+008 1.56322375e+007 3.42104860e+006 6.81809557e+005 2.07520458e+005 7.87560516e+004 3.13474478e+004 8.80007276e+003 2.89973037e+003 1.05777143e+003 2.36595335e+002 4.70988005e+001 7.46518436e+000 1.08703985e+000 1.80796035e-002 0.00000000e+000 0.00000000e+000 0.00000000e+000
61431.96552582 0.000000 0.000000 0.000000 5.76368216e+012 2.46088519e+012 6.60227564e+011 3.26719447e+011 1.95835804e+011 4.88979455e+010 4.11863154e+009 1.89762197e+008 1.56482352e+007 3.42288926e+006 6.82070333e+005 2.07520737e+005 7.87560516e+004 3.13474478e+004 8.80007276e+003 2.89973037e+003 1.05777143e+003 2.36595335e+002 4.70988005e+001 7.46518436e+000 1.08703985e+000 1.80796035e-002 0.00000000e+000 0.00000000e+000 0.00000000e+000
61432.15752814 0.000000 0.000000 0.000000 5.76368216e+012 2.46088519e+012 6.60227564e+011 3.26719447e+011 1.95835804e+011 4.88979455e+010 4.11863154e+009 1.89762197e+008 1.56482352e+007 3.42288926e+006 6.82070333e+005 2.07520737e+005 7.87560516e+004 3.13474478e+004 8.80007276e+003 2.89973037e+003 1.05777143e+003 2.36595335e+002 4.70988005e+001 7.46518436e+000 1.08703985e+000 1.80796035e-002 0.00000000e+000 0.00000000e+000 0.00000000e+000
61432.34953045 0.000000 0.000000 0.000000 5.76368216e+012 2.46088519e+012 6.60227564e+011 3.26719447e+011 1.95835804e+011 4.88979455e+010 4.11863154e+009 1.89762197e+008 1.56482352e+007 3.42288926e+006 6.82070333e+005 2.07520737e+005 7.87560516e+004 3.13474478e+004 8.80007276e+003 2.89973037e+003 1.05777143e+003 2.36595335e+002 4.70988005e+001 7.46518436e+000 1.08703985e+000 1.80796035e-002 0.00000000e+000 0.00000000e+000 0.00000000e+000
61432.54153277 0.000000 0.000000 0.000000 5.76368216e+012 2.46088519e+012 6.60227564e+011 3.26719447e+011 1.95835804e+011 4.88979455e+010 4.11863154e+009 1.89762197e+008 1.56482352e+007 3.42288926e+006 6.82070333e+005 2.07520737e+005 7.87560516e+004 3.13474478e+004 8.80007276e+003 2.89973037e+003 1.05777143e+003 2.36595335e+002 4.70988005e+001 7.46518436e+000 1.08703985e+000 1.80796035e-002 0.00000000e+000 0.00000000e+000 0.00000000e+000
61432.73353508 0.000000 0.000000 0.000000 5.76368216e+012 2.46088519e+012 6.60227564e+011 3.26719447e+011 1.95835804e+011 4.88979455e+010 4.11863154e+009 1.89762197e+008 1.56482352e+007 3.42288926e+006 6.82070333e+005 2.07520737e+005 7.87560516e+004 3.13474478e+004 8.80007276e+003 2.89973037e+003 1.05777143e+003 2.36595335e+002 4.70988005e+001 7.46518436e+000 1.08703985e+000 1.80796035e-002 0.00000000e+000 0.00000000e+000 0.00000000e+000
61432.92553740 0.000000 0.000000 0.000000 5.76368216e+012 2.46088519e+012 6.60227564e+011 3.26719447e+011 1.95835804e+011 4.88979455e+010 4.11863154e+009 1.89762197e+008 1.56482352e+007 3.42288926e+006 6.82070333e+005 2.07520737e+005 7.87560516e+004 3.13474478e+004 8.80007276e+003 2.89973037e+003 1.05777143e+003 2.36595335e+002 4.70988005e+001 7.46518436e+000 1.08703985e+000 1.80796035e-002 0.00000000e+000 0.00000000e+000 0.00000000e+000
61433.11753971 0.000000 0.000000 0.000000 5.76368216e+012 2.46088519e+012 6.60227564e+011 3.26719447e+011 1.95835804e+011 4.88979455e+010 4.11863154e+009 1.89762197e+008 1.56482352e+007 3.42288926e+006 6.82070333e+005 2.07520737e+005 7.87560516e+004 3.13474478e+004 8.80007276e+003 2.89973037e+003 1.05777143e+003 2.36595335e+002 4.70988005e+001 7.46518436e+000 1.08703985e+000 1.80796035e-002 0.00000000e+000 0.00000000e+000 0.00000000e+000
61433.30954203 0.000000 0.000000 0.000000 5.76368216e+012 2.46088519e+012 6.60227564e+011 3.26719447e+011 1.95835804e+011 4.88979455e+010 4.11863154e+009 1.89762197e+008 1.56482352e+007 3.42288926e+006 6.82070333e+005 2.07520737e+005 7.87560516e+004 3.13474478e+004 8.80007276e+003 2.89973037e+003 1.05777143e+003 2.36595335e+002 4.70988005e+001 7.46518436e+000 1.08703985e+000 1.80796035e-002 0.00000000e+000 0.00000000e+000 0.00000000e+000
61433.50154434 0.000000 0.000000 0.000000 5.76368216e+012 2.46088519e+012 6.60227564e+011 3.26719447e+011 1.95835804e+011 4.88979455e+010 4.11863154e+009 1.89762197e+008 1.56482352e+007 3.42288926e+006 6.82070333e+005 2.07520737e+005 7.87560516e+004 3.13474478e+004 8.80007276e+003 2.89973037e+003 1.05777143e+003 2.36595335e+002 4.70988005e+001 7.46518436e+000 1.08703985e+000 1.80796035e-002 0.00000000e+000 0.00000000e+000 0.00000000e+000
61433.69354666 0.000000 0.000000 0.000000 5.76368216e+012 2.46088519e+012 6.60227564e+011 3.26719447e+011 1.95835804e+011 4.88979455e+010 4.11863154e+009 1.89762197e+008 1.56482352e+007 3.42288926e+006 6.82070333e+005 2.07520737e+005 7.87560516e+004 3.13474478e+004 8.80007276e+003 2.89973037e+003 1.05777143e+003 2.36595335e+002 4.70988005e+001 7.46518436e+000 1.08703985e+000 1.80796035e-002 0.00000000e+000 0.00000000e+000 0.00000000e+000
61433.88554897 0.000000 0.000000 0.000000 5.76368216e+012 2.46088519e+012 6.60227564e+011 3.26719447e+011 1.95835804e+011 4.88979455e+010 4.11863154e+009 1.89762197e+008 1.56482352e+007 3.42288926e+006 6.82070333e+005 2.07520737e+005 7.87560516e+004 3.13474478e+004 8.80007276e+003 2.89973037e+003 1.05777143e+003 2.36595335e+002 4.70988005e+001 7.46518436e+000 1.08703985e+000 1.80796035e-002 0.00000000e+000 0.00000000e+000 0.00000000e+000
61433.90511367 0.000000 0.000000 0.000000 5.76368216e+012 2.46088519e+012 6.60227564e+011 3.26719447e+011 1.95835804e+011 4.88979455e+010 4.11863154e+009 1.89762197e+008 1.56482352e+007 3.42288926e+006 6.82070333e+005 2.07520737e+005 7.87560516e+004 3.13474478e+004 8.80007276e+003 2.89973037e+003 1.05777143e+003 2.36595335e+002 4.70988005e+001 7.46518436e+000 1.08703985e+000 1.80796035e-002 0.00000000e+000 0.00000000e+000 0.00000000e+000
