# Ae9Ap9 Model output file: MoonBEAM_trajectory_trade/Rp18408_COM_8per90prop30inc_Sci.AP9.output_mc_fluenceIntv_074.txt
# Ae9Ap9 Software Version:  1.50.001
#
# Model type:               AP9
# Particle species:         H+
# Flux type:                1PtDiff
# Flux direction:           Omnidirectional
# Energy levels (MeV):       0.1 0.2 0.4 0.6 0.8 1 2 4 6 8 10 15 20 30 50 60 80 100 150 200 300 400 700 1200 2000
#
# Accumulation mode:        Interval, length = 16589 seconds (0.192002 days)
#
# Time format:              Modified Julian Date
# Coordinate system:        GEI (Geocentric Equatorial Inertial) Cartesian in km
# Data Delimiter:           space
#
# datetime(mjd),posx(km),posy(km),posz(km),fluence,fluence,fluence,fluence,fluence,fluence,fluence,fluence,fluence,fluence,fluence,fluence,fluence,fluence,fluence,fluence,fluence,fluence,fluence,fluence,fluence,fluence,fluence,fluence,fluence(#/cm^2/MeV)
61429.66149804 0.000000 0.000000 0.000000 0.00000000e+000 0.00000000e+000 0.00000000e+000 0.00000000e+000 0.00000000e+000 0.00000000e+000 0.00000000e+000 0.00000000e+000 0.00000000e+000 0.00000000e+000 0.00000000e+000 0.00000000e+000 0.00000000e+000 0.00000000e+000 0.00000000e+000 0.00000000e+000 0.00000000e+000 0.00000000e+000 0.00000000e+000 0.00000000e+000 0.00000000e+000 0.00000000e+000 0.00000000e+000 0.00000000e+000 0.00000000e+000
61429.85350036 0.000000 0.000000 0.000000 0.00000000e+000 0.00000000e+000 0.00000000e+000 0.00000000e+000 0.00000000e+000 0.00000000e+000 0.00000000e+000 0.00000000e+000 0.00000000e+000 0.00000000e+000 0.00000000e+000 0.00000000e+000 0.00000000e+000 0.00000000e+000 0.00000000e+000 0.00000000e+000 0.00000000e+000 0.00000000e+000 0.00000000e+000 0.00000000e+000 0.00000000e+000 0.00000000e+000 0.00000000e+000 0.00000000e+000 0.00000000e+000
61430.04550267 0.000000 0.000000 0.000000 0.00000000e+000 0.00000000e+000 0.00000000e+000 0.00000000e+000 0.00000000e+000 0.00000000e+000 0.00000000e+000 0.00000000e+000 0.00000000e+000 0.00000000e+000 0.00000000e+000 0.00000000e+000 0.00000000e+000 0.00000000e+000 0.00000000e+000 0.00000000e+000 0.00000000e+000 0.00000000e+000 0.00000000e+000 0.00000000e+000 0.00000000e+000 0.00000000e+000 0.00000000e+000 0.00000000e+000 0.00000000e+000
61430.23750499 0.000000 0.000000 0.000000 0.00000000e+000 0.00000000e+000 0.00000000e+000 0.00000000e+000 0.00000000e+000 0.00000000e+000 0.00000000e+000 0.00000000e+000 0.00000000e+000 0.00000000e+000 0.00000000e+000 0.00000000e+000 0.00000000e+000 0.00000000e+000 0.00000000e+000 0.00000000e+000 0.00000000e+000 0.00000000e+000 0.00000000e+000 0.00000000e+000 0.00000000e+000 0.00000000e+000 0.00000000e+000 0.00000000e+000 0.00000000e+000
61430.42950730 0.000000 0.000000 0.000000 0.00000000e+000 0.00000000e+000 0.00000000e+000 0.00000000e+000 0.00000000e+000 0.00000000e+000 0.00000000e+000 0.00000000e+000 0.00000000e+000 0.00000000e+000 0.00000000e+000 0.00000000e+000 0.00000000e+000 0.00000000e+000 0.00000000e+000 0.00000000e+000 0.00000000e+000 0.00000000e+000 0.00000000e+000 0.00000000e+000 0.00000000e+000 0.00000000e+000 0.00000000e+000 0.00000000e+000 0.00000000e+000
61430.62150962 0.000000 0.000000 0.000000 0.00000000e+000 0.00000000e+000 0.00000000e+000 0.00000000e+000 0.00000000e+000 0.00000000e+000 0.00000000e+000 0.00000000e+000 0.00000000e+000 0.00000000e+000 0.00000000e+000 0.00000000e+000 0.00000000e+000 0.00000000e+000 0.00000000e+000 0.00000000e+000 0.00000000e+000 0.00000000e+000 0.00000000e+000 0.00000000e+000 0.00000000e+000 0.00000000e+000 0.00000000e+000 0.00000000e+000 0.00000000e+000
61430.81351193 0.000000 0.000000 0.000000 0.00000000e+000 0.00000000e+000 0.00000000e+000 0.00000000e+000 0.00000000e+000 0.00000000e+000 0.00000000e+000 0.00000000e+000 0.00000000e+000 0.00000000e+000 0.00000000e+000 0.00000000e+000 0.00000000e+000 0.00000000e+000 0.00000000e+000 0.00000000e+000 0.00000000e+000 0.00000000e+000 0.00000000e+000 0.00000000e+000 0.00000000e+000 0.00000000e+000 0.00000000e+000 0.00000000e+000 0.00000000e+000
61431.00551425 0.000000 0.000000 0.000000 0.00000000e+000 0.00000000e+000 0.00000000e+000 0.00000000e+000 0.00000000e+000 0.00000000e+000 0.00000000e+000 0.00000000e+000 0.00000000e+000 0.00000000e+000 0.00000000e+000 0.00000000e+000 0.00000000e+000 0.00000000e+000 0.00000000e+000 0.00000000e+000 0.00000000e+000 0.00000000e+000 0.00000000e+000 0.00000000e+000 0.00000000e+000 0.00000000e+000 0.00000000e+000 0.00000000e+000 0.00000000e+000
61431.19751656 0.000000 0.000000 0.000000 0.00000000e+000 0.00000000e+000 0.00000000e+000 0.00000000e+000 0.00000000e+000 0.00000000e+000 0.00000000e+000 0.00000000e+000 0.00000000e+000 0.00000000e+000 0.00000000e+000 0.00000000e+000 0.00000000e+000 0.00000000e+000 0.00000000e+000 0.00000000e+000 0.00000000e+000 0.00000000e+000 0.00000000e+000 0.00000000e+000 0.00000000e+000 0.00000000e+000 0.00000000e+000 0.00000000e+000 0.00000000e+000
61431.38951888 0.000000 0.000000 0.000000 0.00000000e+000 0.00000000e+000 0.00000000e+000 0.00000000e+000 0.00000000e+000 0.00000000e+000 0.00000000e+000 0.00000000e+000 0.00000000e+000 0.00000000e+000 0.00000000e+000 0.00000000e+000 0.00000000e+000 0.00000000e+000 0.00000000e+000 0.00000000e+000 0.00000000e+000 0.00000000e+000 0.00000000e+000 0.00000000e+000 0.00000000e+000 0.00000000e+000 0.00000000e+000 0.00000000e+000 0.00000000e+000
61431.58152119 0.000000 0.000000 0.000000 4.25563097e+007 1.21105474e+007 1.85343411e+006 5.72541267e+005 1.84388283e+005 1.12586889e+004 1.04896729e+002 -1.49473135e-001 0.00000000e+000 0.00000000e+000 0.00000000e+000 0.00000000e+000 0.00000000e+000 0.00000000e+000 0.00000000e+000 0.00000000e+000 0.00000000e+000 0.00000000e+000 0.00000000e+000 0.00000000e+000 0.00000000e+000 0.00000000e+000 0.00000000e+000 0.00000000e+000 0.00000000e+000
61431.77352351 0.000000 0.000000 0.000000 9.47702114e+011 4.83809325e+011 2.12849249e+011 1.24843675e+011 7.63818119e+010 1.85991137e+010 1.31257609e+009 1.28799449e+008 2.09932530e+007 4.11213719e+006 7.26872620e+005 2.03066245e+005 6.04221821e+004 1.58769890e+004 4.74380920e+003 1.68055437e+003 6.83293060e+002 1.61746156e+002 3.42552805e+001 6.20199612e+000 1.08212966e+000 2.06182378e-002 0.00000000e+000 0.00000000e+000 0.00000000e+000
61431.96552582 0.000000 0.000000 0.000000 1.22730754e+012 5.82077383e+011 2.31086708e+011 1.29026786e+011 7.76832263e+010 1.87234312e+010 1.32360691e+009 1.29049114e+008 2.09997783e+007 4.11270322e+006 7.26956600e+005 2.03066443e+005 6.04221821e+004 1.58769890e+004 4.74380920e+003 1.68055437e+003 6.83293060e+002 1.61746156e+002 3.42552805e+001 6.20199612e+000 1.08212966e+000 2.06182378e-002 0.00000000e+000 0.00000000e+000 0.00000000e+000
61432.15752814 0.000000 0.000000 0.000000 1.22730754e+012 5.82077383e+011 2.31086708e+011 1.29026786e+011 7.76832263e+010 1.87234312e+010 1.32360691e+009 1.29049114e+008 2.09997783e+007 4.11270322e+006 7.26956600e+005 2.03066443e+005 6.04221821e+004 1.58769890e+004 4.74380920e+003 1.68055437e+003 6.83293060e+002 1.61746156e+002 3.42552805e+001 6.20199612e+000 1.08212966e+000 2.06182378e-002 0.00000000e+000 0.00000000e+000 0.00000000e+000
61432.34953045 0.000000 0.000000 0.000000 1.22730754e+012 5.82077383e+011 2.31086708e+011 1.29026786e+011 7.76832263e+010 1.87234312e+010 1.32360691e+009 1.29049114e+008 2.09997783e+007 4.11270322e+006 7.26956600e+005 2.03066443e+005 6.04221821e+004 1.58769890e+004 4.74380920e+003 1.68055437e+003 6.83293060e+002 1.61746156e+002 3.42552805e+001 6.20199612e+000 1.08212966e+000 2.06182378e-002 0.00000000e+000 0.00000000e+000 0.00000000e+000
61432.54153277 0.000000 0.000000 0.000000 1.22730754e+012 5.82077383e+011 2.31086708e+011 1.29026786e+011 7.76832263e+010 1.87234312e+010 1.32360691e+009 1.29049114e+008 2.09997783e+007 4.11270322e+006 7.26956600e+005 2.03066443e+005 6.04221821e+004 1.58769890e+004 4.74380920e+003 1.68055437e+003 6.83293060e+002 1.61746156e+002 3.42552805e+001 6.20199612e+000 1.08212966e+000 2.06182378e-002 0.00000000e+000 0.00000000e+000 0.00000000e+000
61432.73353508 0.000000 0.000000 0.000000 1.22730754e+012 5.82077383e+011 2.31086708e+011 1.29026786e+011 7.76832263e+010 1.87234312e+010 1.32360691e+009 1.29049114e+008 2.09997783e+007 4.11270322e+006 7.26956600e+005 2.03066443e+005 6.04221821e+004 1.58769890e+004 4.74380920e+003 1.68055437e+003 6.83293060e+002 1.61746156e+002 3.42552805e+001 6.20199612e+000 1.08212966e+000 2.06182378e-002 0.00000000e+000 0.00000000e+000 0.00000000e+000
61432.92553740 0.000000 0.000000 0.000000 1.22730754e+012 5.82077383e+011 2.31086708e+011 1.29026786e+011 7.76832263e+010 1.87234312e+010 1.32360691e+009 1.29049114e+008 2.09997783e+007 4.11270322e+006 7.26956600e+005 2.03066443e+005 6.04221821e+004 1.58769890e+004 4.74380920e+003 1.68055437e+003 6.83293060e+002 1.61746156e+002 3.42552805e+001 6.20199612e+000 1.08212966e+000 2.06182378e-002 0.00000000e+000 0.00000000e+000 0.00000000e+000
61433.11753971 0.000000 0.000000 0.000000 1.22730754e+012 5.82077383e+011 2.31086708e+011 1.29026786e+011 7.76832263e+010 1.87234312e+010 1.32360691e+009 1.29049114e+008 2.09997783e+007 4.11270322e+006 7.26956600e+005 2.03066443e+005 6.04221821e+004 1.58769890e+004 4.74380920e+003 1.68055437e+003 6.83293060e+002 1.61746156e+002 3.42552805e+001 6.20199612e+000 1.08212966e+000 2.06182378e-002 0.00000000e+000 0.00000000e+000 0.00000000e+000
61433.30954203 0.000000 0.000000 0.000000 1.22730754e+012 5.82077383e+011 2.31086708e+011 1.29026786e+011 7.76832263e+010 1.87234312e+010 1.32360691e+009 1.29049114e+008 2.09997783e+007 4.11270322e+006 7.26956600e+005 2.03066443e+005 6.04221821e+004 1.58769890e+004 4.74380920e+003 1.68055437e+003 6.83293060e+002 1.61746156e+002 3.42552805e+001 6.20199612e+000 1.08212966e+000 2.06182378e-002 0.00000000e+000 0.00000000e+000 0.00000000e+000
61433.50154434 0.000000 0.000000 0.000000 1.22730754e+012 5.82077383e+011 2.31086708e+011 1.29026786e+011 7.76832263e+010 1.87234312e+010 1.32360691e+009 1.29049114e+008 2.09997783e+007 4.11270322e+006 7.26956600e+005 2.03066443e+005 6.04221821e+004 1.58769890e+004 4.74380920e+003 1.68055437e+003 6.83293060e+002 1.61746156e+002 3.42552805e+001 6.20199612e+000 1.08212966e+000 2.06182378e-002 0.00000000e+000 0.00000000e+000 0.00000000e+000
61433.69354666 0.000000 0.000000 0.000000 1.22730754e+012 5.82077383e+011 2.31086708e+011 1.29026786e+011 7.76832263e+010 1.87234312e+010 1.32360691e+009 1.29049114e+008 2.09997783e+007 4.11270322e+006 7.26956600e+005 2.03066443e+005 6.04221821e+004 1.58769890e+004 4.74380920e+003 1.68055437e+003 6.83293060e+002 1.61746156e+002 3.42552805e+001 6.20199612e+000 1.08212966e+000 2.06182378e-002 0.00000000e+000 0.00000000e+000 0.00000000e+000
61433.88554897 0.000000 0.000000 0.000000 1.22730754e+012 5.82077383e+011 2.31086708e+011 1.29026786e+011 7.76832263e+010 1.87234312e+010 1.32360691e+009 1.29049114e+008 2.09997783e+007 4.11270322e+006 7.26956600e+005 2.03066443e+005 6.04221821e+004 1.58769890e+004 4.74380920e+003 1.68055437e+003 6.83293060e+002 1.61746156e+002 3.42552805e+001 6.20199612e+000 1.08212966e+000 2.06182378e-002 0.00000000e+000 0.00000000e+000 0.00000000e+000
61433.90511367 0.000000 0.000000 0.000000 1.22730754e+012 5.82077383e+011 2.31086708e+011 1.29026786e+011 7.76832263e+010 1.87234312e+010 1.32360691e+009 1.29049114e+008 2.09997783e+007 4.11270322e+006 7.26956600e+005 2.03066443e+005 6.04221821e+004 1.58769890e+004 4.74380920e+003 1.68055437e+003 6.83293060e+002 1.61746156e+002 3.42552805e+001 6.20199612e+000 1.08212966e+000 2.06182378e-002 0.00000000e+000 0.00000000e+000 0.00000000e+000
