# Ae9Ap9 Model output file: MoonBEAM_trajectory_trade/Rp18408_COM_8per90prop30inc_Tran.AE9.output_mc_fluenceIntv_056.txt
# Ae9Ap9 Software Version:  1.50.001
#
# Model type:               AE9
# Particle species:         e-
# Flux type:                1PtDiff
# Flux direction:           Omnidirectional
# Energy levels (MeV):       0.04 0.07 0.1 0.25 0.5 0.75 1 1.5 2 2.5 3 3.5 4 4.5 5 5.5 6 6.5 7 8.5 10
#
# Accumulation mode:        Interval, length = 13997 seconds (0.162002 days)
#
# Time format:              Modified Julian Date
# Coordinate system:        GEI (Geocentric Equatorial Inertial) Cartesian in km
# Data Delimiter:           space
#
# datetime(mjd),posx(km),posy(km),posz(km),fluence,fluence,fluence,fluence,fluence,fluence,fluence,fluence,fluence,fluence,fluence,fluence,fluence,fluence,fluence,fluence,fluence,fluence,fluence,fluence,fluence(#/cm^2/MeV)
61411.87033565 0.000000 0.000000 0.000000 2.13523178e+013 1.25143752e+013 4.37543270e+012 1.25822381e+012 3.44861448e+011 1.35094066e+011 5.61090720e+010 1.91240980e+010 5.74805098e+009 1.62950519e+009 4.83446071e+008 1.70401407e+008 6.56151151e+007 2.60199892e+007 1.09699875e+007 5.43437471e+006 3.14085977e+006 2.04570727e+006 1.13227913e+006 4.89483484e+005 2.57894195e+005
61412.03233796 0.000000 0.000000 0.000000 5.97594852e+013 4.13917078e+013 1.32845392e+013 3.49930051e+012 7.45102856e+011 2.59988205e+011 1.05900475e+011 3.61222822e+010 1.06240283e+010 2.90590284e+009 8.45633414e+008 2.89549128e+008 1.13345872e+008 4.60588082e+007 2.00738551e+007 1.01306988e+007 5.91840386e+006 3.79443868e+006 2.05243792e+006 8.38143444e+005 4.22380069e+005
61412.19434028 0.000000 0.000000 0.000000 6.94546368e+013 4.75786498e+013 1.57455320e+013 4.43881825e+012 9.90790032e+011 3.54056585e+011 1.47842758e+011 5.19421350e+010 1.53860481e+010 4.14841035e+009 1.25838488e+009 4.59942041e+008 1.88491676e+008 7.85415035e+007 3.35330616e+007 1.61049457e+007 9.05155241e+006 5.76833058e+006 3.16642407e+006 1.32553303e+006 6.79715774e+005
61412.35634259 0.000000 0.000000 0.000000 9.68557686e+013 6.90823458e+013 2.20599619e+013 5.95128190e+012 1.22819940e+012 4.23246875e+011 1.74729512e+011 6.10686266e+010 1.77465483e+010 4.69133930e+009 1.42045286e+009 5.21069382e+008 2.14467736e+008 8.94978806e+007 3.81387301e+007 1.82390372e+007 1.02107630e+007 6.48883496e+006 3.55177323e+006 1.47996283e+006 7.57741049e+005
61412.51834491 0.000000 0.000000 0.000000 1.23749752e+014 9.04903876e+013 2.76416282e+013 6.90071708e+012 1.31651373e+012 4.38217500e+011 1.78537400e+011 6.19305204e+010 1.79414893e+010 4.73761948e+009 1.43446332e+009 5.25673159e+008 2.16319286e+008 9.02263303e+007 3.84435444e+007 1.83766575e+007 1.02908103e+007 6.53865390e+006 3.57637673e+006 1.48762400e+006 7.61107624e+005
61412.68034722 0.000000 0.000000 0.000000 1.47180719e+014 1.07287998e+014 3.28167330e+013 8.03886324e+012 1.52363521e+012 5.02785975e+011 2.01275617e+011 6.88771308e+010 1.97510964e+010 5.15413367e+009 1.53986940e+009 5.56863126e+008 2.27114233e+008 9.42119674e+007 4.00697460e+007 1.91165959e+007 1.06794103e+007 6.76382603e+006 3.68504029e+006 1.52764866e+006 7.81224973e+005
61412.84234954 0.000000 0.000000 0.000000 1.66250661e+014 1.20143447e+014 3.73921422e+013 8.73757539e+012 1.62687180e+012 5.32027767e+011 2.11069245e+011 7.17378938e+010 2.04545993e+010 5.30661960e+009 1.57735226e+009 5.67822884e+008 2.30764100e+008 9.55339693e+007 4.06101365e+007 1.93586798e+007 1.07993057e+007 6.82960062e+006 3.71623997e+006 1.53985733e+006 7.87817196e+005
61413.00435185 0.000000 0.000000 0.000000 1.79469390e+014 1.29699002e+014 3.98795556e+013 9.16998595e+012 1.66673099e+012 5.38836151e+011 2.12658739e+011 7.21142522e+010 2.05406205e+010 5.32533982e+009 1.58191562e+009 5.69083233e+008 2.31220740e+008 9.57006998e+007 4.06760555e+007 1.93874122e+007 1.08158599e+007 6.83995497e+006 3.72130588e+006 1.54166879e+006 7.88706378e+005
61413.16635417 0.000000 0.000000 0.000000 1.80607805e+014 1.30599872e+014 4.01043570e+013 9.19835937e+012 1.66803293e+012 5.38953899e+011 2.12676340e+011 7.21170821e+010 2.05411970e+010 5.32549138e+009 1.58197285e+009 5.69107092e+008 2.31231807e+008 9.57053416e+007 4.06780986e+007 1.93882249e+007 1.08162717e+007 6.84024413e+006 3.72146650e+006 1.54169600e+006 7.88706413e+005
61413.32835648 0.000000 0.000000 0.000000 1.92354682e+014 1.38442582e+014 4.19881678e+013 9.47858371e+012 1.68578481e+012 5.41032681e+011 2.13011602e+011 7.21750097e+010 2.05530045e+010 5.32808905e+009 1.58271994e+009 5.69363454e+008 2.31335917e+008 9.57432147e+007 4.06929232e+007 1.93948537e+007 1.08204606e+007 6.84309866e+006 3.72297669e+006 1.54236532e+006 7.89067182e+005
61413.49035880 0.000000 0.000000 0.000000 2.06838278e+014 1.47527047e+014 4.47643584e+013 9.84270329e+012 1.72387336e+012 5.49452288e+011 2.15204354e+011 7.27234444e+010 2.06845716e+010 5.35689053e+009 1.59041708e+009 5.71763767e+008 2.32196631e+008 9.60703096e+007 4.08320470e+007 1.94584561e+007 1.08527816e+007 6.86142050e+006 3.73209188e+006 1.54630619e+006 7.91230673e+005
61413.65236111 0.000000 0.000000 0.000000 2.22896282e+014 1.57197087e+014 4.72341295e+013 1.01731533e+013 1.75062459e+012 5.54511040e+011 2.16372563e+011 7.29975120e+010 2.07509571e+010 5.37233620e+009 1.59492908e+009 5.73272512e+008 2.32773697e+008 9.62962234e+007 4.09292570e+007 1.95027368e+007 1.08753721e+007 6.87420679e+006 3.73833362e+006 1.54892492e+006 7.92643729e+005
61413.81436343 0.000000 0.000000 0.000000 2.23526947e+014 1.57603718e+014 4.73215106e+013 1.01835574e+013 1.75098898e+012 5.54540559e+011 2.16376247e+011 7.29979809e+010 2.07510499e+010 5.37236233e+009 1.59494039e+009 5.73277779e+008 2.32776192e+008 9.62971791e+007 4.09296689e+007 1.95029160e+007 1.08754843e+007 6.87429193e+006 3.73838432e+006 1.54895426e+006 7.92656593e+005
61413.97636574 0.000000 0.000000 0.000000 2.23526947e+014 1.57603718e+014 4.73215106e+013 1.01835574e+013 1.75098898e+012 5.54540559e+011 2.16376247e+011 7.29979809e+010 2.07510499e+010 5.37236233e+009 1.59494039e+009 5.73277779e+008 2.32776192e+008 9.62971791e+007 4.09296689e+007 1.95029160e+007 1.08754843e+007 6.87429193e+006 3.73838432e+006 1.54895426e+006 7.92656593e+005
61414.13836806 0.000000 0.000000 0.000000 2.23526947e+014 1.57603718e+014 4.73215106e+013 1.01835574e+013 1.75098898e+012 5.54540559e+011 2.16376247e+011 7.29979809e+010 2.07510499e+010 5.37236233e+009 1.59494039e+009 5.73277779e+008 2.32776192e+008 9.62971791e+007 4.09296689e+007 1.95029160e+007 1.08754843e+007 6.87429193e+006 3.73838432e+006 1.54895426e+006 7.92656593e+005
61414.30037037 0.000000 0.000000 0.000000 2.25163089e+014 1.58451601e+014 4.74782287e+013 1.01991465e+013 1.75138188e+012 5.54565149e+011 2.16378381e+011 7.29982326e+010 2.07511112e+010 5.37238547e+009 1.59495251e+009 5.73284069e+008 2.32779120e+008 9.62982281e+007 4.09300849e+007 1.95030742e+007 1.08755755e+007 6.87436229e+006 3.73842709e+006 1.54897776e+006 7.92661157e+005
61414.46237269 0.000000 0.000000 0.000000 2.43829153e+014 1.67886889e+014 4.95679745e+013 1.03740364e+013 1.76199832e+012 5.56379825e+011 2.16727235e+011 7.30796773e+010 2.07917892e+010 5.39073477e+009 1.60363608e+009 5.77469896e+008 2.34757383e+008 9.71920609e+007 4.13477125e+007 1.97062463e+007 1.09830314e+007 6.93780187e+006 3.77125135e+006 1.56221449e+006 7.98756554e+005
61414.62437500 0.000000 0.000000 0.000000 2.61168782e+014 1.76459100e+014 5.14883369e+013 1.04947165e+013 1.76924107e+012 5.57704782e+011 2.16999498e+011 7.31516420e+010 2.08294533e+010 5.40688644e+009 1.61112542e+009 5.81068294e+008 2.36467862e+008 9.79694359e+007 4.17115948e+007 1.98842802e+007 1.10777481e+007 6.99389325e+006 3.80034997e+006 1.57391741e+006 8.04113294e+005
61414.78637731 0.000000 0.000000 0.000000 2.62326096e+014 1.77019612e+014 5.15829209e+013 1.05014537e+013 1.76938611e+012 5.57712359e+011 2.16999988e+011 7.31516851e+010 2.08294623e+010 5.40688971e+009 1.61112749e+009 5.81069696e+008 2.36468585e+008 9.79696925e+007 4.17116956e+007 1.98843229e+007 1.10777760e+007 6.99391438e+006 3.80036195e+006 1.57392507e+006 8.04118720e+005
61414.94837963 0.000000 0.000000 0.000000 2.62326096e+014 1.77019612e+014 5.15829209e+013 1.05014537e+013 1.76938611e+012 5.57712359e+011 2.16999988e+011 7.31516851e+010 2.08294623e+010 5.40688971e+009 1.61112749e+009 5.81069696e+008 2.36468585e+008 9.79696925e+007 4.17116956e+007 1.98843229e+007 1.10777760e+007 6.99391438e+006 3.80036195e+006 1.57392507e+006 8.04118720e+005
61415.11038194 0.000000 0.000000 0.000000 2.62326096e+014 1.77019612e+014 5.15829209e+013 1.05014537e+013 1.76938611e+012 5.57712359e+011 2.16999988e+011 7.31516851e+010 2.08294623e+010 5.40688971e+009 1.61112749e+009 5.81069696e+008 2.36468585e+008 9.79696925e+007 4.17116956e+007 1.98843229e+007 1.10777760e+007 6.99391438e+006 3.80036195e+006 1.57392507e+006 8.04118720e+005
61415.27238426 0.000000 0.000000 0.000000 2.62326096e+014 1.77019612e+014 5.15829209e+013 1.05014537e+013 1.76938611e+012 5.57712359e+011 2.16999988e+011 7.31516851e+010 2.08294623e+010 5.40688971e+009 1.61112749e+009 5.81069696e+008 2.36468585e+008 9.79696925e+007 4.17116956e+007 1.98843229e+007 1.10777760e+007 6.99391438e+006 3.80036195e+006 1.57392507e+006 8.04118720e+005
61415.43438657 0.000000 0.000000 0.000000 2.62326096e+014 1.77019612e+014 5.15829209e+013 1.05014537e+013 1.76938611e+012 5.57712359e+011 2.16999988e+011 7.31516851e+010 2.08294623e+010 5.40688971e+009 1.61112749e+009 5.81069696e+008 2.36468585e+008 9.79696925e+007 4.17116956e+007 1.98843229e+007 1.10777760e+007 6.99391438e+006 3.80036195e+006 1.57392507e+006 8.04118720e+005
61415.59638889 0.000000 0.000000 0.000000 2.62326096e+014 1.77019612e+014 5.15829209e+013 1.05014537e+013 1.76938611e+012 5.57712359e+011 2.16999988e+011 7.31516851e+010 2.08294623e+010 5.40688971e+009 1.61112749e+009 5.81069696e+008 2.36468585e+008 9.79696925e+007 4.17116956e+007 1.98843229e+007 1.10777760e+007 6.99391438e+006 3.80036195e+006 1.57392507e+006 8.04118720e+005
61415.75839120 0.000000 0.000000 0.000000 2.62475441e+014 1.77088990e+014 5.15917924e+013 1.05016166e+013 1.76938926e+012 5.57712574e+011 2.17000015e+011 7.31516926e+010 2.08294645e+010 5.40689051e+009 1.61112781e+009 5.81069787e+008 2.36468613e+008 9.79696976e+007 4.17116971e+007 1.98843230e+007 1.10777760e+007 6.99391437e+006 3.80036195e+006 1.57392507e+006 8.04118720e+005
61415.92039352 0.000000 0.000000 0.000000 2.82857556e+014 1.86381586e+014 5.31188759e+013 1.05849525e+013 1.77477489e+012 5.58923771e+011 2.17241428e+011 7.31863323e+010 2.08374340e+010 5.40873573e+009 1.61156093e+009 5.81175110e+008 2.36499275e+008 9.79792941e+007 4.17153804e+007 1.98857867e+007 1.10784753e+007 6.99427157e+006 3.80050185e+006 1.57396071e+006 8.04132418e+005
61416.08239583 0.000000 0.000000 0.000000 3.06556811e+014 1.97127273e+014 5.55678063e+013 1.09720216e+013 1.82750513e+012 5.68319068e+011 2.19294961e+011 7.35155359e+010 2.08989524e+010 5.41919011e+009 1.61368731e+009 5.81706487e+008 2.36658092e+008 9.80297443e+007 4.17331958e+007 1.98921168e+007 1.10809855e+007 6.99534947e+006 3.80087651e+006 1.57403922e+006 8.04156763e+005
61416.24439815 0.000000 0.000000 0.000000 3.11515826e+014 1.99529052e+014 5.59140957e+013 1.09848934e+013 1.82785024e+012 5.68339822e+011 2.19296703e+011 7.35157481e+010 2.08989835e+010 5.41919641e+009 1.61368963e+009 5.81707496e+008 2.36658497e+008 9.80298798e+007 4.17332433e+007 1.98921360e+007 1.10809985e+007 6.99535905e+006 3.80088129e+006 1.57404098e+006 8.04157455e+005
61416.40640046 0.000000 0.000000 0.000000 3.11515826e+014 1.99529052e+014 5.59140957e+013 1.09848934e+013 1.82785024e+012 5.68339822e+011 2.19296703e+011 7.35157481e+010 2.08989835e+010 5.41919641e+009 1.61368963e+009 5.81707496e+008 2.36658497e+008 9.80298798e+007 4.17332433e+007 1.98921360e+007 1.10809985e+007 6.99535905e+006 3.80088129e+006 1.57404098e+006 8.04157455e+005
61416.56840278 0.000000 0.000000 0.000000 3.11515826e+014 1.99529052e+014 5.59140957e+013 1.09848934e+013 1.82785024e+012 5.68339822e+011 2.19296703e+011 7.35157481e+010 2.08989835e+010 5.41919641e+009 1.61368963e+009 5.81707496e+008 2.36658497e+008 9.80298798e+007 4.17332433e+007 1.98921360e+007 1.10809985e+007 6.99535905e+006 3.80088129e+006 1.57404098e+006 8.04157455e+005
61416.73040509 0.000000 0.000000 0.000000 3.11515826e+014 1.99529052e+014 5.59140957e+013 1.09848934e+013 1.82785024e+012 5.68339822e+011 2.19296703e+011 7.35157481e+010 2.08989835e+010 5.41919641e+009 1.61368963e+009 5.81707496e+008 2.36658497e+008 9.80298798e+007 4.17332433e+007 1.98921360e+007 1.10809985e+007 6.99535905e+006 3.80088129e+006 1.57404098e+006 8.04157455e+005
61416.89240741 0.000000 0.000000 0.000000 3.11515826e+014 1.99529052e+014 5.59140957e+013 1.09848934e+013 1.82785024e+012 5.68339822e+011 2.19296703e+011 7.35157481e+010 2.08989835e+010 5.41919641e+009 1.61368963e+009 5.81707496e+008 2.36658497e+008 9.80298798e+007 4.17332433e+007 1.98921360e+007 1.10809985e+007 6.99535905e+006 3.80088129e+006 1.57404098e+006 8.04157455e+005
61417.05440972 0.000000 0.000000 0.000000 3.11515826e+014 1.99529052e+014 5.59140957e+013 1.09848934e+013 1.82785024e+012 5.68339822e+011 2.19296703e+011 7.35157481e+010 2.08989835e+010 5.41919641e+009 1.61368963e+009 5.81707496e+008 2.36658497e+008 9.80298798e+007 4.17332433e+007 1.98921360e+007 1.10809985e+007 6.99535905e+006 3.80088129e+006 1.57404098e+006 8.04157455e+005
61417.21641204 0.000000 0.000000 0.000000 3.11515826e+014 1.99529052e+014 5.59140957e+013 1.09848934e+013 1.82785024e+012 5.68339822e+011 2.19296703e+011 7.35157481e+010 2.08989835e+010 5.41919641e+009 1.61368963e+009 5.81707496e+008 2.36658497e+008 9.80298798e+007 4.17332433e+007 1.98921360e+007 1.10809985e+007 6.99535905e+006 3.80088129e+006 1.57404098e+006 8.04157455e+005
61417.37841435 0.000000 0.000000 0.000000 3.11515826e+014 1.99529052e+014 5.59140957e+013 1.09848934e+013 1.82785024e+012 5.68339822e+011 2.19296703e+011 7.35157481e+010 2.08989835e+010 5.41919641e+009 1.61368963e+009 5.81707496e+008 2.36658497e+008 9.80298798e+007 4.17332433e+007 1.98921360e+007 1.10809985e+007 6.99535905e+006 3.80088129e+006 1.57404098e+006 8.04157455e+005
61417.54041667 0.000000 0.000000 0.000000 3.11515826e+014 1.99529052e+014 5.59140957e+013 1.09848934e+013 1.82785024e+012 5.68339822e+011 2.19296703e+011 7.35157481e+010 2.08989835e+010 5.41919641e+009 1.61368963e+009 5.81707496e+008 2.36658497e+008 9.80298798e+007 4.17332433e+007 1.98921360e+007 1.10809985e+007 6.99535905e+006 3.80088129e+006 1.57404098e+006 8.04157455e+005
61417.70241898 0.000000 0.000000 0.000000 3.11515826e+014 1.99529052e+014 5.59140957e+013 1.09848934e+013 1.82785024e+012 5.68339822e+011 2.19296703e+011 7.35157481e+010 2.08989835e+010 5.41919641e+009 1.61368963e+009 5.81707496e+008 2.36658497e+008 9.80298798e+007 4.17332433e+007 1.98921360e+007 1.10809985e+007 6.99535905e+006 3.80088129e+006 1.57404098e+006 8.04157455e+005
61417.86442130 0.000000 0.000000 0.000000 3.11515826e+014 1.99529052e+014 5.59140957e+013 1.09848934e+013 1.82785024e+012 5.68339822e+011 2.19296703e+011 7.35157481e+010 2.08989835e+010 5.41919641e+009 1.61368963e+009 5.81707496e+008 2.36658497e+008 9.80298798e+007 4.17332433e+007 1.98921360e+007 1.10809985e+007 6.99535905e+006 3.80088129e+006 1.57404098e+006 8.04157455e+005
61418.02642361 0.000000 0.000000 0.000000 3.11515826e+014 1.99529052e+014 5.59140957e+013 1.09848934e+013 1.82785024e+012 5.68339822e+011 2.19296703e+011 7.35157481e+010 2.08989835e+010 5.41919641e+009 1.61368963e+009 5.81707496e+008 2.36658497e+008 9.80298798e+007 4.17332433e+007 1.98921360e+007 1.10809985e+007 6.99535905e+006 3.80088129e+006 1.57404098e+006 8.04157455e+005
61418.18842593 0.000000 0.000000 0.000000 3.11515860e+014 1.99529080e+014 5.59140886e+013 1.09848897e+013 1.82785019e+012 5.68339821e+011 2.19296703e+011 7.35157481e+010 2.08989835e+010 5.41919641e+009 1.61368962e+009 5.81707496e+008 2.36658497e+008 9.80298798e+007 4.17332433e+007 1.98921360e+007 1.10809985e+007 6.99535905e+006 3.80088129e+006 1.57404098e+006 8.04157455e+005
61418.35042824 0.000000 0.000000 0.000000 3.18664946e+014 2.04625930e+014 5.72145359e+013 1.11754794e+013 1.84358199e+012 5.71025036e+011 2.19826999e+011 7.35982824e+010 2.09093258e+010 5.42027845e+009 1.61381671e+009 5.81734781e+008 2.36669575e+008 9.80343211e+007 4.17351359e+007 1.98929885e+007 1.10815168e+007 6.99568247e+006 3.80102021e+006 1.57407064e+006 8.04166571e+005
61418.51243056 0.000000 0.000000 0.000000 3.29523093e+014 2.15787237e+014 6.17097183e+013 1.17905268e+013 1.92322846e+012 5.94699071e+011 2.27442335e+011 7.47956797e+010 2.10074295e+010 5.43022554e+009 1.61541969e+009 5.82073616e+008 2.36765610e+008 9.80663100e+007 4.17484102e+007 1.98990052e+007 1.10845867e+007 6.99729934e+006 3.80170060e+006 1.57427935e+006 8.04258759e+005
61418.67443287 0.000000 0.000000 0.000000 3.32924663e+014 2.18332638e+014 6.23495172e+013 1.18662472e+013 1.92829746e+012 5.95402794e+011 2.27555590e+011 7.48118782e+010 2.10097349e+010 5.43058193e+009 1.61550372e+009 5.82105328e+008 2.36781631e+008 9.80733433e+007 4.17515776e+007 1.99005005e+007 1.10855174e+007 6.99789064e+006 3.80197151e+006 1.57434713e+006 8.04281947e+005
61418.83643519 0.000000 0.000000 0.000000 3.32924663e+014 2.18332638e+014 6.23495172e+013 1.18662472e+013 1.92829746e+012 5.95402794e+011 2.27555590e+011 7.48118782e+010 2.10097349e+010 5.43058193e+009 1.61550372e+009 5.82105328e+008 2.36781631e+008 9.80733433e+007 4.17515776e+007 1.99005005e+007 1.10855174e+007 6.99789064e+006 3.80197151e+006 1.57434713e+006 8.04281947e+005
61418.99843750 0.000000 0.000000 0.000000 3.32924663e+014 2.18332638e+014 6.23495172e+013 1.18662472e+013 1.92829746e+012 5.95402794e+011 2.27555590e+011 7.48118782e+010 2.10097349e+010 5.43058193e+009 1.61550372e+009 5.82105328e+008 2.36781631e+008 9.80733433e+007 4.17515776e+007 1.99005005e+007 1.10855174e+007 6.99789064e+006 3.80197151e+006 1.57434713e+006 8.04281947e+005
61419.16043981 0.000000 0.000000 0.000000 3.32924663e+014 2.18332638e+014 6.23495172e+013 1.18662472e+013 1.92829746e+012 5.95402794e+011 2.27555590e+011 7.48118782e+010 2.10097349e+010 5.43058193e+009 1.61550372e+009 5.82105328e+008 2.36781631e+008 9.80733433e+007 4.17515776e+007 1.99005005e+007 1.10855174e+007 6.99789064e+006 3.80197151e+006 1.57434713e+006 8.04281947e+005
61419.32244213 0.000000 0.000000 0.000000 3.32924663e+014 2.18332638e+014 6.23495172e+013 1.18662472e+013 1.92829746e+012 5.95402794e+011 2.27555590e+011 7.48118782e+010 2.10097349e+010 5.43058193e+009 1.61550372e+009 5.82105328e+008 2.36781631e+008 9.80733433e+007 4.17515776e+007 1.99005005e+007 1.10855174e+007 6.99789064e+006 3.80197151e+006 1.57434713e+006 8.04281947e+005
61419.48444444 0.000000 0.000000 0.000000 3.32924663e+014 2.18332638e+014 6.23495172e+013 1.18662472e+013 1.92829746e+012 5.95402794e+011 2.27555590e+011 7.48118782e+010 2.10097349e+010 5.43058193e+009 1.61550372e+009 5.82105328e+008 2.36781631e+008 9.80733433e+007 4.17515776e+007 1.99005005e+007 1.10855174e+007 6.99789064e+006 3.80197151e+006 1.57434713e+006 8.04281947e+005
61419.64644676 0.000000 0.000000 0.000000 3.32924663e+014 2.18332638e+014 6.23495172e+013 1.18662472e+013 1.92829746e+012 5.95402794e+011 2.27555590e+011 7.48118782e+010 2.10097349e+010 5.43058193e+009 1.61550372e+009 5.82105328e+008 2.36781631e+008 9.80733433e+007 4.17515776e+007 1.99005005e+007 1.10855174e+007 6.99789064e+006 3.80197151e+006 1.57434713e+006 8.04281947e+005
61419.80844907 0.000000 0.000000 0.000000 3.32924663e+014 2.18332638e+014 6.23495172e+013 1.18662472e+013 1.92829746e+012 5.95402794e+011 2.27555590e+011 7.48118782e+010 2.10097349e+010 5.43058193e+009 1.61550372e+009 5.82105328e+008 2.36781631e+008 9.80733433e+007 4.17515776e+007 1.99005005e+007 1.10855174e+007 6.99789064e+006 3.80197151e+006 1.57434713e+006 8.04281947e+005
61419.97045139 0.000000 0.000000 0.000000 3.32924663e+014 2.18332638e+014 6.23495172e+013 1.18662472e+013 1.92829746e+012 5.95402794e+011 2.27555590e+011 7.48118782e+010 2.10097349e+010 5.43058193e+009 1.61550372e+009 5.82105328e+008 2.36781631e+008 9.80733433e+007 4.17515776e+007 1.99005005e+007 1.10855174e+007 6.99789064e+006 3.80197151e+006 1.57434713e+006 8.04281947e+005
61420.13245370 0.000000 0.000000 0.000000 3.32924663e+014 2.18332638e+014 6.23495172e+013 1.18662472e+013 1.92829746e+012 5.95402794e+011 2.27555590e+011 7.48118782e+010 2.10097349e+010 5.43058193e+009 1.61550372e+009 5.82105328e+008 2.36781631e+008 9.80733433e+007 4.17515776e+007 1.99005005e+007 1.10855174e+007 6.99789064e+006 3.80197151e+006 1.57434713e+006 8.04281947e+005
61420.29445602 0.000000 0.000000 0.000000 3.32924663e+014 2.18332638e+014 6.23495172e+013 1.18662472e+013 1.92829746e+012 5.95402794e+011 2.27555590e+011 7.48118782e+010 2.10097349e+010 5.43058193e+009 1.61550372e+009 5.82105328e+008 2.36781631e+008 9.80733433e+007 4.17515776e+007 1.99005005e+007 1.10855174e+007 6.99789064e+006 3.80197151e+006 1.57434713e+006 8.04281947e+005
61420.45645833 0.000000 0.000000 0.000000 3.32924663e+014 2.18332638e+014 6.23495172e+013 1.18662472e+013 1.92829746e+012 5.95402794e+011 2.27555590e+011 7.48118782e+010 2.10097349e+010 5.43058193e+009 1.61550372e+009 5.82105328e+008 2.36781631e+008 9.80733433e+007 4.17515776e+007 1.99005005e+007 1.10855174e+007 6.99789064e+006 3.80197151e+006 1.57434713e+006 8.04281947e+005
61420.55915852 0.000000 0.000000 0.000000 3.32924663e+014 2.18332638e+014 6.23495172e+013 1.18662472e+013 1.92829746e+012 5.95402794e+011 2.27555590e+011 7.48118782e+010 2.10097349e+010 5.43058193e+009 1.61550372e+009 5.82105328e+008 2.36781631e+008 9.80733433e+007 4.17515776e+007 1.99005005e+007 1.10855174e+007 6.99789064e+006 3.80197151e+006 1.57434713e+006 8.04281947e+005
