# Ae9Ap9 Model output file: MoonBEAM_trajectory_trade/Rp18408_COM_8per90prop30inc_Sci.AP9.output_mc_fluenceIntv_079.txt
# Ae9Ap9 Software Version:  1.50.001
#
# Model type:               AP9
# Particle species:         H+
# Flux type:                1PtDiff
# Flux direction:           Omnidirectional
# Energy levels (MeV):       0.1 0.2 0.4 0.6 0.8 1 2 4 6 8 10 15 20 30 50 60 80 100 150 200 300 400 700 1200 2000
#
# Accumulation mode:        Interval, length = 16589 seconds (0.192002 days)
#
# Time format:              Modified Julian Date
# Coordinate system:        GEI (Geocentric Equatorial Inertial) Cartesian in km
# Data Delimiter:           space
#
# datetime(mjd),posx(km),posy(km),posz(km),fluence,fluence,fluence,fluence,fluence,fluence,fluence,fluence,fluence,fluence,fluence,fluence,fluence,fluence,fluence,fluence,fluence,fluence,fluence,fluence,fluence,fluence,fluence,fluence,fluence(#/cm^2/MeV)
61429.66149804 0.000000 0.000000 0.000000 0.00000000e+000 0.00000000e+000 0.00000000e+000 0.00000000e+000 0.00000000e+000 0.00000000e+000 0.00000000e+000 0.00000000e+000 0.00000000e+000 0.00000000e+000 0.00000000e+000 0.00000000e+000 0.00000000e+000 0.00000000e+000 0.00000000e+000 0.00000000e+000 0.00000000e+000 0.00000000e+000 0.00000000e+000 0.00000000e+000 0.00000000e+000 0.00000000e+000 0.00000000e+000 0.00000000e+000 0.00000000e+000
61429.85350036 0.000000 0.000000 0.000000 0.00000000e+000 0.00000000e+000 0.00000000e+000 0.00000000e+000 0.00000000e+000 0.00000000e+000 0.00000000e+000 0.00000000e+000 0.00000000e+000 0.00000000e+000 0.00000000e+000 0.00000000e+000 0.00000000e+000 0.00000000e+000 0.00000000e+000 0.00000000e+000 0.00000000e+000 0.00000000e+000 0.00000000e+000 0.00000000e+000 0.00000000e+000 0.00000000e+000 0.00000000e+000 0.00000000e+000 0.00000000e+000
61430.04550267 0.000000 0.000000 0.000000 0.00000000e+000 0.00000000e+000 0.00000000e+000 0.00000000e+000 0.00000000e+000 0.00000000e+000 0.00000000e+000 0.00000000e+000 0.00000000e+000 0.00000000e+000 0.00000000e+000 0.00000000e+000 0.00000000e+000 0.00000000e+000 0.00000000e+000 0.00000000e+000 0.00000000e+000 0.00000000e+000 0.00000000e+000 0.00000000e+000 0.00000000e+000 0.00000000e+000 0.00000000e+000 0.00000000e+000 0.00000000e+000
61430.23750499 0.000000 0.000000 0.000000 0.00000000e+000 0.00000000e+000 0.00000000e+000 0.00000000e+000 0.00000000e+000 0.00000000e+000 0.00000000e+000 0.00000000e+000 0.00000000e+000 0.00000000e+000 0.00000000e+000 0.00000000e+000 0.00000000e+000 0.00000000e+000 0.00000000e+000 0.00000000e+000 0.00000000e+000 0.00000000e+000 0.00000000e+000 0.00000000e+000 0.00000000e+000 0.00000000e+000 0.00000000e+000 0.00000000e+000 0.00000000e+000
61430.42950730 0.000000 0.000000 0.000000 0.00000000e+000 0.00000000e+000 0.00000000e+000 0.00000000e+000 0.00000000e+000 0.00000000e+000 0.00000000e+000 0.00000000e+000 0.00000000e+000 0.00000000e+000 0.00000000e+000 0.00000000e+000 0.00000000e+000 0.00000000e+000 0.00000000e+000 0.00000000e+000 0.00000000e+000 0.00000000e+000 0.00000000e+000 0.00000000e+000 0.00000000e+000 0.00000000e+000 0.00000000e+000 0.00000000e+000 0.00000000e+000
61430.62150962 0.000000 0.000000 0.000000 0.00000000e+000 0.00000000e+000 0.00000000e+000 0.00000000e+000 0.00000000e+000 0.00000000e+000 0.00000000e+000 0.00000000e+000 0.00000000e+000 0.00000000e+000 0.00000000e+000 0.00000000e+000 0.00000000e+000 0.00000000e+000 0.00000000e+000 0.00000000e+000 0.00000000e+000 0.00000000e+000 0.00000000e+000 0.00000000e+000 0.00000000e+000 0.00000000e+000 0.00000000e+000 0.00000000e+000 0.00000000e+000
61430.81351193 0.000000 0.000000 0.000000 0.00000000e+000 0.00000000e+000 0.00000000e+000 0.00000000e+000 0.00000000e+000 0.00000000e+000 0.00000000e+000 0.00000000e+000 0.00000000e+000 0.00000000e+000 0.00000000e+000 0.00000000e+000 0.00000000e+000 0.00000000e+000 0.00000000e+000 0.00000000e+000 0.00000000e+000 0.00000000e+000 0.00000000e+000 0.00000000e+000 0.00000000e+000 0.00000000e+000 0.00000000e+000 0.00000000e+000 0.00000000e+000
61431.00551425 0.000000 0.000000 0.000000 0.00000000e+000 0.00000000e+000 0.00000000e+000 0.00000000e+000 0.00000000e+000 0.00000000e+000 0.00000000e+000 0.00000000e+000 0.00000000e+000 0.00000000e+000 0.00000000e+000 0.00000000e+000 0.00000000e+000 0.00000000e+000 0.00000000e+000 0.00000000e+000 0.00000000e+000 0.00000000e+000 0.00000000e+000 0.00000000e+000 0.00000000e+000 0.00000000e+000 0.00000000e+000 0.00000000e+000 0.00000000e+000
61431.19751656 0.000000 0.000000 0.000000 0.00000000e+000 0.00000000e+000 0.00000000e+000 0.00000000e+000 0.00000000e+000 0.00000000e+000 0.00000000e+000 0.00000000e+000 0.00000000e+000 0.00000000e+000 0.00000000e+000 0.00000000e+000 0.00000000e+000 0.00000000e+000 0.00000000e+000 0.00000000e+000 0.00000000e+000 0.00000000e+000 0.00000000e+000 0.00000000e+000 0.00000000e+000 0.00000000e+000 0.00000000e+000 0.00000000e+000 0.00000000e+000
61431.38951888 0.000000 0.000000 0.000000 0.00000000e+000 0.00000000e+000 0.00000000e+000 0.00000000e+000 0.00000000e+000 0.00000000e+000 0.00000000e+000 0.00000000e+000 0.00000000e+000 0.00000000e+000 0.00000000e+000 0.00000000e+000 0.00000000e+000 0.00000000e+000 0.00000000e+000 0.00000000e+000 0.00000000e+000 0.00000000e+000 0.00000000e+000 0.00000000e+000 0.00000000e+000 0.00000000e+000 0.00000000e+000 0.00000000e+000 0.00000000e+000
61431.58152119 0.000000 0.000000 0.000000 2.13537697e+008 8.06075084e+007 1.46221082e+007 1.85721906e+006 2.58274964e+005 5.31728588e+003 1.06546170e+001 -3.29240315e-002 0.00000000e+000 0.00000000e+000 0.00000000e+000 0.00000000e+000 0.00000000e+000 0.00000000e+000 0.00000000e+000 0.00000000e+000 0.00000000e+000 0.00000000e+000 0.00000000e+000 0.00000000e+000 0.00000000e+000 0.00000000e+000 0.00000000e+000 0.00000000e+000 0.00000000e+000
61431.77352351 0.000000 0.000000 0.000000 1.39770966e+012 1.11024416e+012 7.60868680e+011 4.80338756e+011 2.95242432e+011 8.29380833e+010 8.19202228e+009 4.48881019e+008 2.88960923e+007 4.35287585e+006 4.72858021e+005 5.44806446e+004 9.20458387e+003 3.29416858e+003 1.60759225e+003 9.89592346e+002 6.60139187e+002 3.00119535e+002 1.07541709e+002 2.08698479e+001 3.61526469e+000 4.42073860e-002 0.00000000e+000 0.00000000e+000 0.00000000e+000
61431.96552582 0.000000 0.000000 0.000000 1.63562080e+012 1.22108723e+012 8.00754611e+011 4.94386447e+011 3.00691877e+011 8.37753891e+010 8.22252553e+009 4.49102988e+008 2.88999228e+007 4.35304731e+006 4.72869309e+005 5.44806551e+004 9.20458387e+003 3.29416858e+003 1.60759225e+003 9.89592346e+002 6.60139187e+002 3.00119535e+002 1.07541709e+002 2.08698479e+001 3.61526469e+000 4.42073860e-002 0.00000000e+000 0.00000000e+000 0.00000000e+000
61432.15752814 0.000000 0.000000 0.000000 1.63562080e+012 1.22108723e+012 8.00754611e+011 4.94386447e+011 3.00691877e+011 8.37753891e+010 8.22252553e+009 4.49102988e+008 2.88999228e+007 4.35304731e+006 4.72869309e+005 5.44806551e+004 9.20458387e+003 3.29416858e+003 1.60759225e+003 9.89592346e+002 6.60139187e+002 3.00119535e+002 1.07541709e+002 2.08698479e+001 3.61526469e+000 4.42073860e-002 0.00000000e+000 0.00000000e+000 0.00000000e+000
61432.34953045 0.000000 0.000000 0.000000 1.63562080e+012 1.22108723e+012 8.00754611e+011 4.94386447e+011 3.00691877e+011 8.37753891e+010 8.22252553e+009 4.49102988e+008 2.88999228e+007 4.35304731e+006 4.72869309e+005 5.44806551e+004 9.20458387e+003 3.29416858e+003 1.60759225e+003 9.89592346e+002 6.60139187e+002 3.00119535e+002 1.07541709e+002 2.08698479e+001 3.61526469e+000 4.42073860e-002 0.00000000e+000 0.00000000e+000 0.00000000e+000
61432.54153277 0.000000 0.000000 0.000000 1.63562080e+012 1.22108723e+012 8.00754611e+011 4.94386447e+011 3.00691877e+011 8.37753891e+010 8.22252553e+009 4.49102988e+008 2.88999228e+007 4.35304731e+006 4.72869309e+005 5.44806551e+004 9.20458387e+003 3.29416858e+003 1.60759225e+003 9.89592346e+002 6.60139187e+002 3.00119535e+002 1.07541709e+002 2.08698479e+001 3.61526469e+000 4.42073860e-002 0.00000000e+000 0.00000000e+000 0.00000000e+000
61432.73353508 0.000000 0.000000 0.000000 1.63562080e+012 1.22108723e+012 8.00754611e+011 4.94386447e+011 3.00691877e+011 8.37753891e+010 8.22252553e+009 4.49102988e+008 2.88999228e+007 4.35304731e+006 4.72869309e+005 5.44806551e+004 9.20458387e+003 3.29416858e+003 1.60759225e+003 9.89592346e+002 6.60139187e+002 3.00119535e+002 1.07541709e+002 2.08698479e+001 3.61526469e+000 4.42073860e-002 0.00000000e+000 0.00000000e+000 0.00000000e+000
61432.92553740 0.000000 0.000000 0.000000 1.63562080e+012 1.22108723e+012 8.00754611e+011 4.94386447e+011 3.00691877e+011 8.37753891e+010 8.22252553e+009 4.49102988e+008 2.88999228e+007 4.35304731e+006 4.72869309e+005 5.44806551e+004 9.20458387e+003 3.29416858e+003 1.60759225e+003 9.89592346e+002 6.60139187e+002 3.00119535e+002 1.07541709e+002 2.08698479e+001 3.61526469e+000 4.42073860e-002 0.00000000e+000 0.00000000e+000 0.00000000e+000
61433.11753971 0.000000 0.000000 0.000000 1.63562080e+012 1.22108723e+012 8.00754611e+011 4.94386447e+011 3.00691877e+011 8.37753891e+010 8.22252553e+009 4.49102988e+008 2.88999228e+007 4.35304731e+006 4.72869309e+005 5.44806551e+004 9.20458387e+003 3.29416858e+003 1.60759225e+003 9.89592346e+002 6.60139187e+002 3.00119535e+002 1.07541709e+002 2.08698479e+001 3.61526469e+000 4.42073860e-002 0.00000000e+000 0.00000000e+000 0.00000000e+000
61433.30954203 0.000000 0.000000 0.000000 1.63562080e+012 1.22108723e+012 8.00754611e+011 4.94386447e+011 3.00691877e+011 8.37753891e+010 8.22252553e+009 4.49102988e+008 2.88999228e+007 4.35304731e+006 4.72869309e+005 5.44806551e+004 9.20458387e+003 3.29416858e+003 1.60759225e+003 9.89592346e+002 6.60139187e+002 3.00119535e+002 1.07541709e+002 2.08698479e+001 3.61526469e+000 4.42073860e-002 0.00000000e+000 0.00000000e+000 0.00000000e+000
61433.50154434 0.000000 0.000000 0.000000 1.63562080e+012 1.22108723e+012 8.00754611e+011 4.94386447e+011 3.00691877e+011 8.37753891e+010 8.22252553e+009 4.49102988e+008 2.88999228e+007 4.35304731e+006 4.72869309e+005 5.44806551e+004 9.20458387e+003 3.29416858e+003 1.60759225e+003 9.89592346e+002 6.60139187e+002 3.00119535e+002 1.07541709e+002 2.08698479e+001 3.61526469e+000 4.42073860e-002 0.00000000e+000 0.00000000e+000 0.00000000e+000
61433.69354666 0.000000 0.000000 0.000000 1.63562080e+012 1.22108723e+012 8.00754611e+011 4.94386447e+011 3.00691877e+011 8.37753891e+010 8.22252553e+009 4.49102988e+008 2.88999228e+007 4.35304731e+006 4.72869309e+005 5.44806551e+004 9.20458387e+003 3.29416858e+003 1.60759225e+003 9.89592346e+002 6.60139187e+002 3.00119535e+002 1.07541709e+002 2.08698479e+001 3.61526469e+000 4.42073860e-002 0.00000000e+000 0.00000000e+000 0.00000000e+000
61433.88554897 0.000000 0.000000 0.000000 1.63562080e+012 1.22108723e+012 8.00754611e+011 4.94386447e+011 3.00691877e+011 8.37753891e+010 8.22252553e+009 4.49102988e+008 2.88999228e+007 4.35304731e+006 4.72869309e+005 5.44806551e+004 9.20458387e+003 3.29416858e+003 1.60759225e+003 9.89592346e+002 6.60139187e+002 3.00119535e+002 1.07541709e+002 2.08698479e+001 3.61526469e+000 4.42073860e-002 0.00000000e+000 0.00000000e+000 0.00000000e+000
61433.90511367 0.000000 0.000000 0.000000 1.63562080e+012 1.22108723e+012 8.00754611e+011 4.94386447e+011 3.00691877e+011 8.37753891e+010 8.22252553e+009 4.49102988e+008 2.88999228e+007 4.35304731e+006 4.72869309e+005 5.44806551e+004 9.20458387e+003 3.29416858e+003 1.60759225e+003 9.89592346e+002 6.60139187e+002 3.00119535e+002 1.07541709e+002 2.08698479e+001 3.61526469e+000 4.42073860e-002 0.00000000e+000 0.00000000e+000 0.00000000e+000
