# Ae9Ap9 Model output file: MoonBEAM_trajectory_trade/Rp18408_COM_8per90prop30inc_Sci.AE9.output_mc_fluenceIntv_079.txt
# Ae9Ap9 Software Version:  1.50.001
#
# Model type:               AE9
# Particle species:         e-
# Flux type:                1PtDiff
# Flux direction:           Omnidirectional
# Energy levels (MeV):       0.04 0.07 0.1 0.25 0.5 0.75 1 1.5 2 2.5 3 3.5 4 4.5 5 5.5 6 6.5 7 8.5 10
#
# Accumulation mode:        Interval, length = 16589 seconds (0.192002 days)
#
# Time format:              Modified Julian Date
# Coordinate system:        GEI (Geocentric Equatorial Inertial) Cartesian in km
# Data Delimiter:           space
#
# datetime(mjd),posx(km),posy(km),posz(km),fluence,fluence,fluence,fluence,fluence,fluence,fluence,fluence,fluence,fluence,fluence,fluence,fluence,fluence,fluence,fluence,fluence,fluence,fluence,fluence,fluence(#/cm^2/MeV)
61429.66149804 0.000000 0.000000 0.000000 0.00000000e+000 0.00000000e+000 0.00000000e+000 0.00000000e+000 0.00000000e+000 0.00000000e+000 0.00000000e+000 0.00000000e+000 0.00000000e+000 0.00000000e+000 0.00000000e+000 0.00000000e+000 0.00000000e+000 0.00000000e+000 0.00000000e+000 0.00000000e+000 0.00000000e+000 0.00000000e+000 0.00000000e+000 0.00000000e+000 0.00000000e+000
61429.85350036 0.000000 0.000000 0.000000 0.00000000e+000 0.00000000e+000 0.00000000e+000 0.00000000e+000 0.00000000e+000 0.00000000e+000 0.00000000e+000 0.00000000e+000 0.00000000e+000 0.00000000e+000 0.00000000e+000 0.00000000e+000 0.00000000e+000 0.00000000e+000 0.00000000e+000 0.00000000e+000 0.00000000e+000 0.00000000e+000 0.00000000e+000 0.00000000e+000 0.00000000e+000
61430.04550267 0.000000 0.000000 0.000000 0.00000000e+000 0.00000000e+000 0.00000000e+000 0.00000000e+000 0.00000000e+000 0.00000000e+000 0.00000000e+000 0.00000000e+000 0.00000000e+000 0.00000000e+000 0.00000000e+000 0.00000000e+000 0.00000000e+000 0.00000000e+000 0.00000000e+000 0.00000000e+000 0.00000000e+000 0.00000000e+000 0.00000000e+000 0.00000000e+000 0.00000000e+000
61430.23750499 0.000000 0.000000 0.000000 0.00000000e+000 0.00000000e+000 0.00000000e+000 0.00000000e+000 0.00000000e+000 0.00000000e+000 0.00000000e+000 0.00000000e+000 0.00000000e+000 0.00000000e+000 0.00000000e+000 0.00000000e+000 0.00000000e+000 0.00000000e+000 0.00000000e+000 0.00000000e+000 0.00000000e+000 0.00000000e+000 0.00000000e+000 0.00000000e+000 0.00000000e+000
61430.42950730 0.000000 0.000000 0.000000 0.00000000e+000 0.00000000e+000 0.00000000e+000 0.00000000e+000 0.00000000e+000 0.00000000e+000 0.00000000e+000 0.00000000e+000 0.00000000e+000 0.00000000e+000 0.00000000e+000 0.00000000e+000 0.00000000e+000 0.00000000e+000 0.00000000e+000 0.00000000e+000 0.00000000e+000 0.00000000e+000 0.00000000e+000 0.00000000e+000 0.00000000e+000
61430.62150962 0.000000 0.000000 0.000000 0.00000000e+000 0.00000000e+000 0.00000000e+000 0.00000000e+000 0.00000000e+000 0.00000000e+000 0.00000000e+000 0.00000000e+000 0.00000000e+000 0.00000000e+000 0.00000000e+000 0.00000000e+000 0.00000000e+000 0.00000000e+000 0.00000000e+000 0.00000000e+000 0.00000000e+000 0.00000000e+000 0.00000000e+000 0.00000000e+000 0.00000000e+000
61430.81351193 0.000000 0.000000 0.000000 0.00000000e+000 0.00000000e+000 0.00000000e+000 0.00000000e+000 0.00000000e+000 0.00000000e+000 0.00000000e+000 0.00000000e+000 0.00000000e+000 0.00000000e+000 0.00000000e+000 0.00000000e+000 0.00000000e+000 0.00000000e+000 0.00000000e+000 0.00000000e+000 0.00000000e+000 0.00000000e+000 0.00000000e+000 0.00000000e+000 0.00000000e+000
61431.00551425 0.000000 0.000000 0.000000 0.00000000e+000 0.00000000e+000 0.00000000e+000 0.00000000e+000 0.00000000e+000 0.00000000e+000 0.00000000e+000 0.00000000e+000 0.00000000e+000 0.00000000e+000 0.00000000e+000 0.00000000e+000 0.00000000e+000 0.00000000e+000 0.00000000e+000 0.00000000e+000 0.00000000e+000 0.00000000e+000 0.00000000e+000 0.00000000e+000 0.00000000e+000
61431.19751656 0.000000 0.000000 0.000000 0.00000000e+000 0.00000000e+000 0.00000000e+000 0.00000000e+000 0.00000000e+000 0.00000000e+000 0.00000000e+000 0.00000000e+000 0.00000000e+000 0.00000000e+000 0.00000000e+000 0.00000000e+000 0.00000000e+000 0.00000000e+000 0.00000000e+000 0.00000000e+000 0.00000000e+000 0.00000000e+000 0.00000000e+000 0.00000000e+000 0.00000000e+000
61431.38951888 0.000000 0.000000 0.000000 0.00000000e+000 0.00000000e+000 0.00000000e+000 0.00000000e+000 0.00000000e+000 0.00000000e+000 0.00000000e+000 0.00000000e+000 0.00000000e+000 0.00000000e+000 0.00000000e+000 0.00000000e+000 0.00000000e+000 0.00000000e+000 0.00000000e+000 0.00000000e+000 0.00000000e+000 0.00000000e+000 0.00000000e+000 0.00000000e+000 0.00000000e+000
61431.58152119 0.000000 0.000000 0.000000 2.72809675e+010 2.85737268e+010 1.05043185e+010 2.04531349e+009 1.89076971e+008 2.29316624e+007 4.07539925e+006 8.18207052e+005 2.26571649e+005 7.82646471e+004 3.74657021e+004 1.88714420e+004 1.00676897e+004 4.47182740e+003 1.98865156e+003 7.54850081e+002 8.67554178e+001 5.19047267e+001 2.41324327e+001 -2.09910124e+000 0.00000000e+000
61431.77352351 0.000000 0.000000 0.000000 5.61865644e+012 7.26039459e+012 3.37558884e+012 8.74681920e+011 1.91771569e+011 7.05768684e+010 3.16353842e+010 9.79228911e+009 2.06399891e+009 4.48805392e+008 1.22108477e+008 3.79138467e+007 1.28589199e+007 4.65087081e+006 1.82124533e+006 7.79983787e+005 3.73597476e+005 1.98146941e+005 8.53612063e+004 2.90954427e+004 1.42072734e+004
61431.96552582 0.000000 0.000000 0.000000 7.07394039e+012 8.91452554e+012 4.09666911e+012 1.15521827e+012 2.69529232e+011 1.01786970e+011 4.48740528e+010 1.33164963e+010 2.66530766e+009 5.65163783e+008 1.52136883e+008 4.76972407e+007 1.66456605e+007 6.18065192e+006 2.46584554e+006 1.06360369e+006 5.14625481e+005 2.75448638e+005 1.18126796e+005 3.93821536e+004 1.90824832e+004
61432.15752814 0.000000 0.000000 0.000000 7.07394039e+012 8.91452554e+012 4.09666911e+012 1.15521827e+012 2.69529232e+011 1.01786970e+011 4.48740528e+010 1.33164963e+010 2.66530766e+009 5.65163783e+008 1.52136883e+008 4.76972407e+007 1.66456605e+007 6.18065192e+006 2.46584554e+006 1.06360369e+006 5.14625481e+005 2.75448638e+005 1.18126796e+005 3.93821536e+004 1.90824832e+004
61432.34953045 0.000000 0.000000 0.000000 7.07394039e+012 8.91452554e+012 4.09666911e+012 1.15521827e+012 2.69529232e+011 1.01786970e+011 4.48740528e+010 1.33164963e+010 2.66530766e+009 5.65163783e+008 1.52136883e+008 4.76972407e+007 1.66456605e+007 6.18065192e+006 2.46584554e+006 1.06360369e+006 5.14625481e+005 2.75448638e+005 1.18126796e+005 3.93821536e+004 1.90824832e+004
61432.54153277 0.000000 0.000000 0.000000 7.07394039e+012 8.91452554e+012 4.09666911e+012 1.15521827e+012 2.69529232e+011 1.01786970e+011 4.48740528e+010 1.33164963e+010 2.66530766e+009 5.65163783e+008 1.52136883e+008 4.76972407e+007 1.66456605e+007 6.18065192e+006 2.46584554e+006 1.06360369e+006 5.14625481e+005 2.75448638e+005 1.18126796e+005 3.93821536e+004 1.90824832e+004
61432.73353508 0.000000 0.000000 0.000000 7.07394039e+012 8.91452554e+012 4.09666911e+012 1.15521827e+012 2.69529232e+011 1.01786970e+011 4.48740528e+010 1.33164963e+010 2.66530766e+009 5.65163783e+008 1.52136883e+008 4.76972407e+007 1.66456605e+007 6.18065192e+006 2.46584554e+006 1.06360369e+006 5.14625481e+005 2.75448638e+005 1.18126796e+005 3.93821536e+004 1.90824832e+004
61432.92553740 0.000000 0.000000 0.000000 7.07394039e+012 8.91452554e+012 4.09666911e+012 1.15521827e+012 2.69529232e+011 1.01786970e+011 4.48740528e+010 1.33164963e+010 2.66530766e+009 5.65163783e+008 1.52136883e+008 4.76972407e+007 1.66456605e+007 6.18065192e+006 2.46584554e+006 1.06360369e+006 5.14625481e+005 2.75448638e+005 1.18126796e+005 3.93821536e+004 1.90824832e+004
61433.11753971 0.000000 0.000000 0.000000 7.07394039e+012 8.91452554e+012 4.09666911e+012 1.15521827e+012 2.69529232e+011 1.01786970e+011 4.48740528e+010 1.33164963e+010 2.66530766e+009 5.65163783e+008 1.52136883e+008 4.76972407e+007 1.66456605e+007 6.18065192e+006 2.46584554e+006 1.06360369e+006 5.14625481e+005 2.75448638e+005 1.18126796e+005 3.93821536e+004 1.90824832e+004
61433.30954203 0.000000 0.000000 0.000000 7.07394039e+012 8.91452554e+012 4.09666911e+012 1.15521827e+012 2.69529232e+011 1.01786970e+011 4.48740528e+010 1.33164963e+010 2.66530766e+009 5.65163783e+008 1.52136883e+008 4.76972407e+007 1.66456605e+007 6.18065192e+006 2.46584554e+006 1.06360369e+006 5.14625481e+005 2.75448638e+005 1.18126796e+005 3.93821536e+004 1.90824832e+004
61433.50154434 0.000000 0.000000 0.000000 7.07394039e+012 8.91452554e+012 4.09666911e+012 1.15521827e+012 2.69529232e+011 1.01786970e+011 4.48740528e+010 1.33164963e+010 2.66530766e+009 5.65163783e+008 1.52136883e+008 4.76972407e+007 1.66456605e+007 6.18065192e+006 2.46584554e+006 1.06360369e+006 5.14625481e+005 2.75448638e+005 1.18126796e+005 3.93821536e+004 1.90824832e+004
61433.69354666 0.000000 0.000000 0.000000 7.07394039e+012 8.91452554e+012 4.09666911e+012 1.15521827e+012 2.69529232e+011 1.01786970e+011 4.48740528e+010 1.33164963e+010 2.66530766e+009 5.65163783e+008 1.52136883e+008 4.76972407e+007 1.66456605e+007 6.18065192e+006 2.46584554e+006 1.06360369e+006 5.14625481e+005 2.75448638e+005 1.18126796e+005 3.93821536e+004 1.90824832e+004
61433.88554897 0.000000 0.000000 0.000000 7.07394039e+012 8.91452554e+012 4.09666911e+012 1.15521827e+012 2.69529232e+011 1.01786970e+011 4.48740528e+010 1.33164963e+010 2.66530766e+009 5.65163783e+008 1.52136883e+008 4.76972407e+007 1.66456605e+007 6.18065192e+006 2.46584554e+006 1.06360369e+006 5.14625481e+005 2.75448638e+005 1.18126796e+005 3.93821536e+004 1.90824832e+004
61433.90511367 0.000000 0.000000 0.000000 7.07394039e+012 8.91452554e+012 4.09666911e+012 1.15521827e+012 2.69529232e+011 1.01786970e+011 4.48740528e+010 1.33164963e+010 2.66530766e+009 5.65163783e+008 1.52136883e+008 4.76972407e+007 1.66456605e+007 6.18065192e+006 2.46584554e+006 1.06360369e+006 5.14625481e+005 2.75448638e+005 1.18126796e+005 3.93821536e+004 1.90824832e+004
