# Ae9Ap9 Model output file: MoonBEAM_trajectory_trade/Rp18408_COM_8per90prop30inc_Sci.AP9.output_mc_fluenceIntv_091.txt
# Ae9Ap9 Software Version:  1.50.001
#
# Model type:               AP9
# Particle species:         H+
# Flux type:                1PtDiff
# Flux direction:           Omnidirectional
# Energy levels (MeV):       0.1 0.2 0.4 0.6 0.8 1 2 4 6 8 10 15 20 30 50 60 80 100 150 200 300 400 700 1200 2000
#
# Accumulation mode:        Interval, length = 16589 seconds (0.192002 days)
#
# Time format:              Modified Julian Date
# Coordinate system:        GEI (Geocentric Equatorial Inertial) Cartesian in km
# Data Delimiter:           space
#
# datetime(mjd),posx(km),posy(km),posz(km),fluence,fluence,fluence,fluence,fluence,fluence,fluence,fluence,fluence,fluence,fluence,fluence,fluence,fluence,fluence,fluence,fluence,fluence,fluence,fluence,fluence,fluence,fluence,fluence,fluence(#/cm^2/MeV)
61429.66149804 0.000000 0.000000 0.000000 0.00000000e+000 0.00000000e+000 0.00000000e+000 0.00000000e+000 0.00000000e+000 0.00000000e+000 0.00000000e+000 0.00000000e+000 0.00000000e+000 0.00000000e+000 0.00000000e+000 0.00000000e+000 0.00000000e+000 0.00000000e+000 0.00000000e+000 0.00000000e+000 0.00000000e+000 0.00000000e+000 0.00000000e+000 0.00000000e+000 0.00000000e+000 0.00000000e+000 0.00000000e+000 0.00000000e+000 0.00000000e+000
61429.85350036 0.000000 0.000000 0.000000 0.00000000e+000 0.00000000e+000 0.00000000e+000 0.00000000e+000 0.00000000e+000 0.00000000e+000 0.00000000e+000 0.00000000e+000 0.00000000e+000 0.00000000e+000 0.00000000e+000 0.00000000e+000 0.00000000e+000 0.00000000e+000 0.00000000e+000 0.00000000e+000 0.00000000e+000 0.00000000e+000 0.00000000e+000 0.00000000e+000 0.00000000e+000 0.00000000e+000 0.00000000e+000 0.00000000e+000 0.00000000e+000
61430.04550267 0.000000 0.000000 0.000000 0.00000000e+000 0.00000000e+000 0.00000000e+000 0.00000000e+000 0.00000000e+000 0.00000000e+000 0.00000000e+000 0.00000000e+000 0.00000000e+000 0.00000000e+000 0.00000000e+000 0.00000000e+000 0.00000000e+000 0.00000000e+000 0.00000000e+000 0.00000000e+000 0.00000000e+000 0.00000000e+000 0.00000000e+000 0.00000000e+000 0.00000000e+000 0.00000000e+000 0.00000000e+000 0.00000000e+000 0.00000000e+000
61430.23750499 0.000000 0.000000 0.000000 0.00000000e+000 0.00000000e+000 0.00000000e+000 0.00000000e+000 0.00000000e+000 0.00000000e+000 0.00000000e+000 0.00000000e+000 0.00000000e+000 0.00000000e+000 0.00000000e+000 0.00000000e+000 0.00000000e+000 0.00000000e+000 0.00000000e+000 0.00000000e+000 0.00000000e+000 0.00000000e+000 0.00000000e+000 0.00000000e+000 0.00000000e+000 0.00000000e+000 0.00000000e+000 0.00000000e+000 0.00000000e+000
61430.42950730 0.000000 0.000000 0.000000 0.00000000e+000 0.00000000e+000 0.00000000e+000 0.00000000e+000 0.00000000e+000 0.00000000e+000 0.00000000e+000 0.00000000e+000 0.00000000e+000 0.00000000e+000 0.00000000e+000 0.00000000e+000 0.00000000e+000 0.00000000e+000 0.00000000e+000 0.00000000e+000 0.00000000e+000 0.00000000e+000 0.00000000e+000 0.00000000e+000 0.00000000e+000 0.00000000e+000 0.00000000e+000 0.00000000e+000 0.00000000e+000
61430.62150962 0.000000 0.000000 0.000000 0.00000000e+000 0.00000000e+000 0.00000000e+000 0.00000000e+000 0.00000000e+000 0.00000000e+000 0.00000000e+000 0.00000000e+000 0.00000000e+000 0.00000000e+000 0.00000000e+000 0.00000000e+000 0.00000000e+000 0.00000000e+000 0.00000000e+000 0.00000000e+000 0.00000000e+000 0.00000000e+000 0.00000000e+000 0.00000000e+000 0.00000000e+000 0.00000000e+000 0.00000000e+000 0.00000000e+000 0.00000000e+000
61430.81351193 0.000000 0.000000 0.000000 0.00000000e+000 0.00000000e+000 0.00000000e+000 0.00000000e+000 0.00000000e+000 0.00000000e+000 0.00000000e+000 0.00000000e+000 0.00000000e+000 0.00000000e+000 0.00000000e+000 0.00000000e+000 0.00000000e+000 0.00000000e+000 0.00000000e+000 0.00000000e+000 0.00000000e+000 0.00000000e+000 0.00000000e+000 0.00000000e+000 0.00000000e+000 0.00000000e+000 0.00000000e+000 0.00000000e+000 0.00000000e+000
61431.00551425 0.000000 0.000000 0.000000 0.00000000e+000 0.00000000e+000 0.00000000e+000 0.00000000e+000 0.00000000e+000 0.00000000e+000 0.00000000e+000 0.00000000e+000 0.00000000e+000 0.00000000e+000 0.00000000e+000 0.00000000e+000 0.00000000e+000 0.00000000e+000 0.00000000e+000 0.00000000e+000 0.00000000e+000 0.00000000e+000 0.00000000e+000 0.00000000e+000 0.00000000e+000 0.00000000e+000 0.00000000e+000 0.00000000e+000 0.00000000e+000
61431.19751656 0.000000 0.000000 0.000000 0.00000000e+000 0.00000000e+000 0.00000000e+000 0.00000000e+000 0.00000000e+000 0.00000000e+000 0.00000000e+000 0.00000000e+000 0.00000000e+000 0.00000000e+000 0.00000000e+000 0.00000000e+000 0.00000000e+000 0.00000000e+000 0.00000000e+000 0.00000000e+000 0.00000000e+000 0.00000000e+000 0.00000000e+000 0.00000000e+000 0.00000000e+000 0.00000000e+000 0.00000000e+000 0.00000000e+000 0.00000000e+000
61431.38951888 0.000000 0.000000 0.000000 0.00000000e+000 0.00000000e+000 0.00000000e+000 0.00000000e+000 0.00000000e+000 0.00000000e+000 0.00000000e+000 0.00000000e+000 0.00000000e+000 0.00000000e+000 0.00000000e+000 0.00000000e+000 0.00000000e+000 0.00000000e+000 0.00000000e+000 0.00000000e+000 0.00000000e+000 0.00000000e+000 0.00000000e+000 0.00000000e+000 0.00000000e+000 0.00000000e+000 0.00000000e+000 0.00000000e+000 0.00000000e+000
61431.58152119 0.000000 0.000000 0.000000 1.44312536e+008 5.45880400e+007 1.05768122e+007 2.25899983e+006 5.87977680e+005 1.94639869e+004 5.80449117e+001 -5.25515366e-002 0.00000000e+000 0.00000000e+000 0.00000000e+000 0.00000000e+000 0.00000000e+000 0.00000000e+000 0.00000000e+000 0.00000000e+000 0.00000000e+000 0.00000000e+000 0.00000000e+000 0.00000000e+000 0.00000000e+000 0.00000000e+000 0.00000000e+000 0.00000000e+000 0.00000000e+000
61431.77352351 0.000000 0.000000 0.000000 5.55230863e+011 5.01822311e+011 5.34978790e+011 4.01851706e+011 2.44226276e+011 6.06111081e+010 4.56765318e+009 3.01924314e+008 3.07666712e+007 4.21274259e+006 4.41904834e+005 5.16669269e+004 9.91844575e+003 2.85776087e+003 1.19673490e+003 6.11309465e+002 3.49453005e+002 1.35350473e+002 6.09323541e+001 1.60209995e+001 3.46758157e+000 4.80676023e-002 0.00000000e+000 0.00000000e+000 0.00000000e+000
61431.96552582 0.000000 0.000000 0.000000 6.97257229e+011 5.76185024e+011 5.72752283e+011 4.17308044e+011 2.50604600e+011 6.15397668e+010 4.62194608e+009 3.02486960e+008 3.07770317e+007 4.21311563e+006 4.41925438e+005 5.16669488e+004 9.91844575e+003 2.85776087e+003 1.19673490e+003 6.11309465e+002 3.49453005e+002 1.35350473e+002 6.09323541e+001 1.60209995e+001 3.46758157e+000 4.80676023e-002 0.00000000e+000 0.00000000e+000 0.00000000e+000
61432.15752814 0.000000 0.000000 0.000000 6.97257229e+011 5.76185024e+011 5.72752283e+011 4.17308044e+011 2.50604600e+011 6.15397668e+010 4.62194608e+009 3.02486960e+008 3.07770317e+007 4.21311563e+006 4.41925438e+005 5.16669488e+004 9.91844575e+003 2.85776087e+003 1.19673490e+003 6.11309465e+002 3.49453005e+002 1.35350473e+002 6.09323541e+001 1.60209995e+001 3.46758157e+000 4.80676023e-002 0.00000000e+000 0.00000000e+000 0.00000000e+000
61432.34953045 0.000000 0.000000 0.000000 6.97257229e+011 5.76185024e+011 5.72752283e+011 4.17308044e+011 2.50604600e+011 6.15397668e+010 4.62194608e+009 3.02486960e+008 3.07770317e+007 4.21311563e+006 4.41925438e+005 5.16669488e+004 9.91844575e+003 2.85776087e+003 1.19673490e+003 6.11309465e+002 3.49453005e+002 1.35350473e+002 6.09323541e+001 1.60209995e+001 3.46758157e+000 4.80676023e-002 0.00000000e+000 0.00000000e+000 0.00000000e+000
61432.54153277 0.000000 0.000000 0.000000 6.97257229e+011 5.76185024e+011 5.72752283e+011 4.17308044e+011 2.50604600e+011 6.15397668e+010 4.62194608e+009 3.02486960e+008 3.07770317e+007 4.21311563e+006 4.41925438e+005 5.16669488e+004 9.91844575e+003 2.85776087e+003 1.19673490e+003 6.11309465e+002 3.49453005e+002 1.35350473e+002 6.09323541e+001 1.60209995e+001 3.46758157e+000 4.80676023e-002 0.00000000e+000 0.00000000e+000 0.00000000e+000
61432.73353508 0.000000 0.000000 0.000000 6.97257229e+011 5.76185024e+011 5.72752283e+011 4.17308044e+011 2.50604600e+011 6.15397668e+010 4.62194608e+009 3.02486960e+008 3.07770317e+007 4.21311563e+006 4.41925438e+005 5.16669488e+004 9.91844575e+003 2.85776087e+003 1.19673490e+003 6.11309465e+002 3.49453005e+002 1.35350473e+002 6.09323541e+001 1.60209995e+001 3.46758157e+000 4.80676023e-002 0.00000000e+000 0.00000000e+000 0.00000000e+000
61432.92553740 0.000000 0.000000 0.000000 6.97257229e+011 5.76185024e+011 5.72752283e+011 4.17308044e+011 2.50604600e+011 6.15397668e+010 4.62194608e+009 3.02486960e+008 3.07770317e+007 4.21311563e+006 4.41925438e+005 5.16669488e+004 9.91844575e+003 2.85776087e+003 1.19673490e+003 6.11309465e+002 3.49453005e+002 1.35350473e+002 6.09323541e+001 1.60209995e+001 3.46758157e+000 4.80676023e-002 0.00000000e+000 0.00000000e+000 0.00000000e+000
61433.11753971 0.000000 0.000000 0.000000 6.97257229e+011 5.76185024e+011 5.72752283e+011 4.17308044e+011 2.50604600e+011 6.15397668e+010 4.62194608e+009 3.02486960e+008 3.07770317e+007 4.21311563e+006 4.41925438e+005 5.16669488e+004 9.91844575e+003 2.85776087e+003 1.19673490e+003 6.11309465e+002 3.49453005e+002 1.35350473e+002 6.09323541e+001 1.60209995e+001 3.46758157e+000 4.80676023e-002 0.00000000e+000 0.00000000e+000 0.00000000e+000
61433.30954203 0.000000 0.000000 0.000000 6.97257229e+011 5.76185024e+011 5.72752283e+011 4.17308044e+011 2.50604600e+011 6.15397668e+010 4.62194608e+009 3.02486960e+008 3.07770317e+007 4.21311563e+006 4.41925438e+005 5.16669488e+004 9.91844575e+003 2.85776087e+003 1.19673490e+003 6.11309465e+002 3.49453005e+002 1.35350473e+002 6.09323541e+001 1.60209995e+001 3.46758157e+000 4.80676023e-002 0.00000000e+000 0.00000000e+000 0.00000000e+000
61433.50154434 0.000000 0.000000 0.000000 6.97257229e+011 5.76185024e+011 5.72752283e+011 4.17308044e+011 2.50604600e+011 6.15397668e+010 4.62194608e+009 3.02486960e+008 3.07770317e+007 4.21311563e+006 4.41925438e+005 5.16669488e+004 9.91844575e+003 2.85776087e+003 1.19673490e+003 6.11309465e+002 3.49453005e+002 1.35350473e+002 6.09323541e+001 1.60209995e+001 3.46758157e+000 4.80676023e-002 0.00000000e+000 0.00000000e+000 0.00000000e+000
61433.69354666 0.000000 0.000000 0.000000 6.97257229e+011 5.76185024e+011 5.72752283e+011 4.17308044e+011 2.50604600e+011 6.15397668e+010 4.62194608e+009 3.02486960e+008 3.07770317e+007 4.21311563e+006 4.41925438e+005 5.16669488e+004 9.91844575e+003 2.85776087e+003 1.19673490e+003 6.11309465e+002 3.49453005e+002 1.35350473e+002 6.09323541e+001 1.60209995e+001 3.46758157e+000 4.80676023e-002 0.00000000e+000 0.00000000e+000 0.00000000e+000
61433.88554897 0.000000 0.000000 0.000000 6.97257229e+011 5.76185024e+011 5.72752283e+011 4.17308044e+011 2.50604600e+011 6.15397668e+010 4.62194608e+009 3.02486960e+008 3.07770317e+007 4.21311563e+006 4.41925438e+005 5.16669488e+004 9.91844575e+003 2.85776087e+003 1.19673490e+003 6.11309465e+002 3.49453005e+002 1.35350473e+002 6.09323541e+001 1.60209995e+001 3.46758157e+000 4.80676023e-002 0.00000000e+000 0.00000000e+000 0.00000000e+000
61433.90511367 0.000000 0.000000 0.000000 6.97257229e+011 5.76185024e+011 5.72752283e+011 4.17308044e+011 2.50604600e+011 6.15397668e+010 4.62194608e+009 3.02486960e+008 3.07770317e+007 4.21311563e+006 4.41925438e+005 5.16669488e+004 9.91844575e+003 2.85776087e+003 1.19673490e+003 6.11309465e+002 3.49453005e+002 1.35350473e+002 6.09323541e+001 1.60209995e+001 3.46758157e+000 4.80676023e-002 0.00000000e+000 0.00000000e+000 0.00000000e+000
