# Ae9Ap9 Model output file: MoonBEAM_trajectory_trade/Rp18408_COM_8per90prop30inc_Sci.AE9.output_mc_fluenceIntv_069.txt
# Ae9Ap9 Software Version:  1.50.001
#
# Model type:               AE9
# Particle species:         e-
# Flux type:                1PtDiff
# Flux direction:           Omnidirectional
# Energy levels (MeV):       0.04 0.07 0.1 0.25 0.5 0.75 1 1.5 2 2.5 3 3.5 4 4.5 5 5.5 6 6.5 7 8.5 10
#
# Accumulation mode:        Interval, length = 16589 seconds (0.192002 days)
#
# Time format:              Modified Julian Date
# Coordinate system:        GEI (Geocentric Equatorial Inertial) Cartesian in km
# Data Delimiter:           space
#
# datetime(mjd),posx(km),posy(km),posz(km),fluence,fluence,fluence,fluence,fluence,fluence,fluence,fluence,fluence,fluence,fluence,fluence,fluence,fluence,fluence,fluence,fluence,fluence,fluence,fluence,fluence(#/cm^2/MeV)
61429.66149804 0.000000 0.000000 0.000000 0.00000000e+000 0.00000000e+000 0.00000000e+000 0.00000000e+000 0.00000000e+000 0.00000000e+000 0.00000000e+000 0.00000000e+000 0.00000000e+000 0.00000000e+000 0.00000000e+000 0.00000000e+000 0.00000000e+000 0.00000000e+000 0.00000000e+000 0.00000000e+000 0.00000000e+000 0.00000000e+000 0.00000000e+000 0.00000000e+000 0.00000000e+000
61429.85350036 0.000000 0.000000 0.000000 0.00000000e+000 0.00000000e+000 0.00000000e+000 0.00000000e+000 0.00000000e+000 0.00000000e+000 0.00000000e+000 0.00000000e+000 0.00000000e+000 0.00000000e+000 0.00000000e+000 0.00000000e+000 0.00000000e+000 0.00000000e+000 0.00000000e+000 0.00000000e+000 0.00000000e+000 0.00000000e+000 0.00000000e+000 0.00000000e+000 0.00000000e+000
61430.04550267 0.000000 0.000000 0.000000 0.00000000e+000 0.00000000e+000 0.00000000e+000 0.00000000e+000 0.00000000e+000 0.00000000e+000 0.00000000e+000 0.00000000e+000 0.00000000e+000 0.00000000e+000 0.00000000e+000 0.00000000e+000 0.00000000e+000 0.00000000e+000 0.00000000e+000 0.00000000e+000 0.00000000e+000 0.00000000e+000 0.00000000e+000 0.00000000e+000 0.00000000e+000
61430.23750499 0.000000 0.000000 0.000000 0.00000000e+000 0.00000000e+000 0.00000000e+000 0.00000000e+000 0.00000000e+000 0.00000000e+000 0.00000000e+000 0.00000000e+000 0.00000000e+000 0.00000000e+000 0.00000000e+000 0.00000000e+000 0.00000000e+000 0.00000000e+000 0.00000000e+000 0.00000000e+000 0.00000000e+000 0.00000000e+000 0.00000000e+000 0.00000000e+000 0.00000000e+000
61430.42950730 0.000000 0.000000 0.000000 0.00000000e+000 0.00000000e+000 0.00000000e+000 0.00000000e+000 0.00000000e+000 0.00000000e+000 0.00000000e+000 0.00000000e+000 0.00000000e+000 0.00000000e+000 0.00000000e+000 0.00000000e+000 0.00000000e+000 0.00000000e+000 0.00000000e+000 0.00000000e+000 0.00000000e+000 0.00000000e+000 0.00000000e+000 0.00000000e+000 0.00000000e+000
61430.62150962 0.000000 0.000000 0.000000 0.00000000e+000 0.00000000e+000 0.00000000e+000 0.00000000e+000 0.00000000e+000 0.00000000e+000 0.00000000e+000 0.00000000e+000 0.00000000e+000 0.00000000e+000 0.00000000e+000 0.00000000e+000 0.00000000e+000 0.00000000e+000 0.00000000e+000 0.00000000e+000 0.00000000e+000 0.00000000e+000 0.00000000e+000 0.00000000e+000 0.00000000e+000
61430.81351193 0.000000 0.000000 0.000000 0.00000000e+000 0.00000000e+000 0.00000000e+000 0.00000000e+000 0.00000000e+000 0.00000000e+000 0.00000000e+000 0.00000000e+000 0.00000000e+000 0.00000000e+000 0.00000000e+000 0.00000000e+000 0.00000000e+000 0.00000000e+000 0.00000000e+000 0.00000000e+000 0.00000000e+000 0.00000000e+000 0.00000000e+000 0.00000000e+000 0.00000000e+000
61431.00551425 0.000000 0.000000 0.000000 0.00000000e+000 0.00000000e+000 0.00000000e+000 0.00000000e+000 0.00000000e+000 0.00000000e+000 0.00000000e+000 0.00000000e+000 0.00000000e+000 0.00000000e+000 0.00000000e+000 0.00000000e+000 0.00000000e+000 0.00000000e+000 0.00000000e+000 0.00000000e+000 0.00000000e+000 0.00000000e+000 0.00000000e+000 0.00000000e+000 0.00000000e+000
61431.19751656 0.000000 0.000000 0.000000 0.00000000e+000 0.00000000e+000 0.00000000e+000 0.00000000e+000 0.00000000e+000 0.00000000e+000 0.00000000e+000 0.00000000e+000 0.00000000e+000 0.00000000e+000 0.00000000e+000 0.00000000e+000 0.00000000e+000 0.00000000e+000 0.00000000e+000 0.00000000e+000 0.00000000e+000 0.00000000e+000 0.00000000e+000 0.00000000e+000 0.00000000e+000
61431.38951888 0.000000 0.000000 0.000000 0.00000000e+000 0.00000000e+000 0.00000000e+000 0.00000000e+000 0.00000000e+000 0.00000000e+000 0.00000000e+000 0.00000000e+000 0.00000000e+000 0.00000000e+000 0.00000000e+000 0.00000000e+000 0.00000000e+000 0.00000000e+000 0.00000000e+000 0.00000000e+000 0.00000000e+000 0.00000000e+000 0.00000000e+000 0.00000000e+000 0.00000000e+000
61431.58152119 0.000000 0.000000 0.000000 3.23269624e+011 1.84310218e+011 3.24857548e+010 3.87729311e+008 2.40308150e+006 9.01375933e+004 8.22633070e+003 1.44904698e+003 5.17539882e+002 2.40172928e+002 1.31909040e+002 6.44761157e+001 3.12853283e+001 1.00433779e+001 2.90907173e+000 8.13205826e-001 8.74197788e-002 5.20153511e-002 2.41940601e-002 -2.13338313e-003 0.00000000e+000
61431.77352351 0.000000 0.000000 0.000000 1.86836148e+013 1.16877828e+013 3.37660765e+012 2.00197909e+011 2.04071803e+010 6.28535888e+009 1.90650377e+009 2.62038694e+008 3.66556105e+007 9.87150180e+006 3.64814774e+006 1.29021381e+006 4.88354436e+005 2.01995303e+005 9.91687133e+004 5.28818597e+004 2.84454013e+004 1.56692112e+004 7.00130797e+003 2.16496367e+003 8.93096135e+002
61431.96552582 0.000000 0.000000 0.000000 2.79684488e+013 1.78334394e+013 5.22041133e+012 3.12730555e+011 3.01032433e+010 9.20669139e+009 2.73878730e+009 3.60885847e+008 4.84997380e+007 1.23757693e+007 4.40642788e+006 1.55229962e+006 5.94966614e+005 2.52233118e+005 1.26727432e+005 6.86214320e+004 3.73764335e+004 2.06735925e+004 9.18195218e+003 2.84072000e+003 1.17484351e+003
61432.15752814 0.000000 0.000000 0.000000 2.79684488e+013 1.78334394e+013 5.22041133e+012 3.12730555e+011 3.01032433e+010 9.20669139e+009 2.73878730e+009 3.60885847e+008 4.84997380e+007 1.23757693e+007 4.40642788e+006 1.55229962e+006 5.94966614e+005 2.52233118e+005 1.26727432e+005 6.86214320e+004 3.73764335e+004 2.06735925e+004 9.18195218e+003 2.84072000e+003 1.17484351e+003
61432.34953045 0.000000 0.000000 0.000000 2.79684488e+013 1.78334394e+013 5.22041133e+012 3.12730555e+011 3.01032433e+010 9.20669139e+009 2.73878730e+009 3.60885847e+008 4.84997380e+007 1.23757693e+007 4.40642788e+006 1.55229962e+006 5.94966614e+005 2.52233118e+005 1.26727432e+005 6.86214320e+004 3.73764335e+004 2.06735925e+004 9.18195218e+003 2.84072000e+003 1.17484351e+003
61432.54153277 0.000000 0.000000 0.000000 2.79684488e+013 1.78334394e+013 5.22041133e+012 3.12730555e+011 3.01032433e+010 9.20669139e+009 2.73878730e+009 3.60885847e+008 4.84997380e+007 1.23757693e+007 4.40642788e+006 1.55229962e+006 5.94966614e+005 2.52233118e+005 1.26727432e+005 6.86214320e+004 3.73764335e+004 2.06735925e+004 9.18195218e+003 2.84072000e+003 1.17484351e+003
61432.73353508 0.000000 0.000000 0.000000 2.79684488e+013 1.78334394e+013 5.22041133e+012 3.12730555e+011 3.01032433e+010 9.20669139e+009 2.73878730e+009 3.60885847e+008 4.84997380e+007 1.23757693e+007 4.40642788e+006 1.55229962e+006 5.94966614e+005 2.52233118e+005 1.26727432e+005 6.86214320e+004 3.73764335e+004 2.06735925e+004 9.18195218e+003 2.84072000e+003 1.17484351e+003
61432.92553740 0.000000 0.000000 0.000000 2.79684488e+013 1.78334394e+013 5.22041133e+012 3.12730555e+011 3.01032433e+010 9.20669139e+009 2.73878730e+009 3.60885847e+008 4.84997380e+007 1.23757693e+007 4.40642788e+006 1.55229962e+006 5.94966614e+005 2.52233118e+005 1.26727432e+005 6.86214320e+004 3.73764335e+004 2.06735925e+004 9.18195218e+003 2.84072000e+003 1.17484351e+003
61433.11753971 0.000000 0.000000 0.000000 2.79684488e+013 1.78334394e+013 5.22041133e+012 3.12730555e+011 3.01032433e+010 9.20669139e+009 2.73878730e+009 3.60885847e+008 4.84997380e+007 1.23757693e+007 4.40642788e+006 1.55229962e+006 5.94966614e+005 2.52233118e+005 1.26727432e+005 6.86214320e+004 3.73764335e+004 2.06735925e+004 9.18195218e+003 2.84072000e+003 1.17484351e+003
61433.30954203 0.000000 0.000000 0.000000 2.79684488e+013 1.78334394e+013 5.22041133e+012 3.12730555e+011 3.01032433e+010 9.20669139e+009 2.73878730e+009 3.60885847e+008 4.84997380e+007 1.23757693e+007 4.40642788e+006 1.55229962e+006 5.94966614e+005 2.52233118e+005 1.26727432e+005 6.86214320e+004 3.73764335e+004 2.06735925e+004 9.18195218e+003 2.84072000e+003 1.17484351e+003
61433.50154434 0.000000 0.000000 0.000000 2.79684488e+013 1.78334394e+013 5.22041133e+012 3.12730555e+011 3.01032433e+010 9.20669139e+009 2.73878730e+009 3.60885847e+008 4.84997380e+007 1.23757693e+007 4.40642788e+006 1.55229962e+006 5.94966614e+005 2.52233118e+005 1.26727432e+005 6.86214320e+004 3.73764335e+004 2.06735925e+004 9.18195218e+003 2.84072000e+003 1.17484351e+003
61433.69354666 0.000000 0.000000 0.000000 2.79684488e+013 1.78334394e+013 5.22041133e+012 3.12730555e+011 3.01032433e+010 9.20669139e+009 2.73878730e+009 3.60885847e+008 4.84997380e+007 1.23757693e+007 4.40642788e+006 1.55229962e+006 5.94966614e+005 2.52233118e+005 1.26727432e+005 6.86214320e+004 3.73764335e+004 2.06735925e+004 9.18195218e+003 2.84072000e+003 1.17484351e+003
61433.88554897 0.000000 0.000000 0.000000 2.79684488e+013 1.78334394e+013 5.22041133e+012 3.12730555e+011 3.01032433e+010 9.20669139e+009 2.73878730e+009 3.60885847e+008 4.84997380e+007 1.23757693e+007 4.40642788e+006 1.55229962e+006 5.94966614e+005 2.52233118e+005 1.26727432e+005 6.86214320e+004 3.73764335e+004 2.06735925e+004 9.18195218e+003 2.84072000e+003 1.17484351e+003
61433.90511367 0.000000 0.000000 0.000000 2.79684488e+013 1.78334394e+013 5.22041133e+012 3.12730555e+011 3.01032433e+010 9.20669139e+009 2.73878730e+009 3.60885847e+008 4.84997380e+007 1.23757693e+007 4.40642788e+006 1.55229962e+006 5.94966614e+005 2.52233118e+005 1.26727432e+005 6.86214320e+004 3.73764335e+004 2.06735925e+004 9.18195218e+003 2.84072000e+003 1.17484351e+003
