# Ae9Ap9 Model output file: MoonBEAM_trajectory_trade/Rp18408_COM_8per90prop30inc_Sci.AP9.output_mc_fluenceIntv_050.txt
# Ae9Ap9 Software Version:  1.50.001
#
# Model type:               AP9
# Particle species:         H+
# Flux type:                1PtDiff
# Flux direction:           Omnidirectional
# Energy levels (MeV):       0.1 0.2 0.4 0.6 0.8 1 2 4 6 8 10 15 20 30 50 60 80 100 150 200 300 400 700 1200 2000
#
# Accumulation mode:        Interval, length = 16589 seconds (0.192002 days)
#
# Time format:              Modified Julian Date
# Coordinate system:        GEI (Geocentric Equatorial Inertial) Cartesian in km
# Data Delimiter:           space
#
# datetime(mjd),posx(km),posy(km),posz(km),fluence,fluence,fluence,fluence,fluence,fluence,fluence,fluence,fluence,fluence,fluence,fluence,fluence,fluence,fluence,fluence,fluence,fluence,fluence,fluence,fluence,fluence,fluence,fluence,fluence(#/cm^2/MeV)
61429.66149804 0.000000 0.000000 0.000000 0.00000000e+000 0.00000000e+000 0.00000000e+000 0.00000000e+000 0.00000000e+000 0.00000000e+000 0.00000000e+000 0.00000000e+000 0.00000000e+000 0.00000000e+000 0.00000000e+000 0.00000000e+000 0.00000000e+000 0.00000000e+000 0.00000000e+000 0.00000000e+000 0.00000000e+000 0.00000000e+000 0.00000000e+000 0.00000000e+000 0.00000000e+000 0.00000000e+000 0.00000000e+000 0.00000000e+000 0.00000000e+000
61429.85350036 0.000000 0.000000 0.000000 0.00000000e+000 0.00000000e+000 0.00000000e+000 0.00000000e+000 0.00000000e+000 0.00000000e+000 0.00000000e+000 0.00000000e+000 0.00000000e+000 0.00000000e+000 0.00000000e+000 0.00000000e+000 0.00000000e+000 0.00000000e+000 0.00000000e+000 0.00000000e+000 0.00000000e+000 0.00000000e+000 0.00000000e+000 0.00000000e+000 0.00000000e+000 0.00000000e+000 0.00000000e+000 0.00000000e+000 0.00000000e+000
61430.04550267 0.000000 0.000000 0.000000 0.00000000e+000 0.00000000e+000 0.00000000e+000 0.00000000e+000 0.00000000e+000 0.00000000e+000 0.00000000e+000 0.00000000e+000 0.00000000e+000 0.00000000e+000 0.00000000e+000 0.00000000e+000 0.00000000e+000 0.00000000e+000 0.00000000e+000 0.00000000e+000 0.00000000e+000 0.00000000e+000 0.00000000e+000 0.00000000e+000 0.00000000e+000 0.00000000e+000 0.00000000e+000 0.00000000e+000 0.00000000e+000
61430.23750499 0.000000 0.000000 0.000000 0.00000000e+000 0.00000000e+000 0.00000000e+000 0.00000000e+000 0.00000000e+000 0.00000000e+000 0.00000000e+000 0.00000000e+000 0.00000000e+000 0.00000000e+000 0.00000000e+000 0.00000000e+000 0.00000000e+000 0.00000000e+000 0.00000000e+000 0.00000000e+000 0.00000000e+000 0.00000000e+000 0.00000000e+000 0.00000000e+000 0.00000000e+000 0.00000000e+000 0.00000000e+000 0.00000000e+000 0.00000000e+000
61430.42950730 0.000000 0.000000 0.000000 0.00000000e+000 0.00000000e+000 0.00000000e+000 0.00000000e+000 0.00000000e+000 0.00000000e+000 0.00000000e+000 0.00000000e+000 0.00000000e+000 0.00000000e+000 0.00000000e+000 0.00000000e+000 0.00000000e+000 0.00000000e+000 0.00000000e+000 0.00000000e+000 0.00000000e+000 0.00000000e+000 0.00000000e+000 0.00000000e+000 0.00000000e+000 0.00000000e+000 0.00000000e+000 0.00000000e+000 0.00000000e+000
61430.62150962 0.000000 0.000000 0.000000 0.00000000e+000 0.00000000e+000 0.00000000e+000 0.00000000e+000 0.00000000e+000 0.00000000e+000 0.00000000e+000 0.00000000e+000 0.00000000e+000 0.00000000e+000 0.00000000e+000 0.00000000e+000 0.00000000e+000 0.00000000e+000 0.00000000e+000 0.00000000e+000 0.00000000e+000 0.00000000e+000 0.00000000e+000 0.00000000e+000 0.00000000e+000 0.00000000e+000 0.00000000e+000 0.00000000e+000 0.00000000e+000
61430.81351193 0.000000 0.000000 0.000000 0.00000000e+000 0.00000000e+000 0.00000000e+000 0.00000000e+000 0.00000000e+000 0.00000000e+000 0.00000000e+000 0.00000000e+000 0.00000000e+000 0.00000000e+000 0.00000000e+000 0.00000000e+000 0.00000000e+000 0.00000000e+000 0.00000000e+000 0.00000000e+000 0.00000000e+000 0.00000000e+000 0.00000000e+000 0.00000000e+000 0.00000000e+000 0.00000000e+000 0.00000000e+000 0.00000000e+000 0.00000000e+000
61431.00551425 0.000000 0.000000 0.000000 0.00000000e+000 0.00000000e+000 0.00000000e+000 0.00000000e+000 0.00000000e+000 0.00000000e+000 0.00000000e+000 0.00000000e+000 0.00000000e+000 0.00000000e+000 0.00000000e+000 0.00000000e+000 0.00000000e+000 0.00000000e+000 0.00000000e+000 0.00000000e+000 0.00000000e+000 0.00000000e+000 0.00000000e+000 0.00000000e+000 0.00000000e+000 0.00000000e+000 0.00000000e+000 0.00000000e+000 0.00000000e+000
61431.19751656 0.000000 0.000000 0.000000 0.00000000e+000 0.00000000e+000 0.00000000e+000 0.00000000e+000 0.00000000e+000 0.00000000e+000 0.00000000e+000 0.00000000e+000 0.00000000e+000 0.00000000e+000 0.00000000e+000 0.00000000e+000 0.00000000e+000 0.00000000e+000 0.00000000e+000 0.00000000e+000 0.00000000e+000 0.00000000e+000 0.00000000e+000 0.00000000e+000 0.00000000e+000 0.00000000e+000 0.00000000e+000 0.00000000e+000 0.00000000e+000
61431.38951888 0.000000 0.000000 0.000000 0.00000000e+000 0.00000000e+000 0.00000000e+000 0.00000000e+000 0.00000000e+000 0.00000000e+000 0.00000000e+000 0.00000000e+000 0.00000000e+000 0.00000000e+000 0.00000000e+000 0.00000000e+000 0.00000000e+000 0.00000000e+000 0.00000000e+000 0.00000000e+000 0.00000000e+000 0.00000000e+000 0.00000000e+000 0.00000000e+000 0.00000000e+000 0.00000000e+000 0.00000000e+000 0.00000000e+000 0.00000000e+000
61431.58152119 0.000000 0.000000 0.000000 4.72871683e+007 1.29610247e+007 1.06746215e+006 7.72630807e+004 3.94168157e+003 7.36206461e+001 7.37037504e-001 -2.31046801e-003 0.00000000e+000 0.00000000e+000 0.00000000e+000 0.00000000e+000 0.00000000e+000 0.00000000e+000 0.00000000e+000 0.00000000e+000 0.00000000e+000 0.00000000e+000 0.00000000e+000 0.00000000e+000 0.00000000e+000 0.00000000e+000 0.00000000e+000 0.00000000e+000 0.00000000e+000
61431.77352351 0.000000 0.000000 0.000000 1.29136885e+012 1.67605217e+012 1.66656557e+012 1.01130737e+012 5.50826644e+011 1.31651510e+011 8.67558365e+009 3.69509986e+008 1.70718348e+007 2.82303908e+006 3.69867616e+005 5.42245305e+004 1.34606100e+004 6.60981970e+003 3.83131146e+003 2.31042816e+003 1.65605295e+003 7.56433471e+002 3.43590661e+002 7.86653870e+001 1.90998591e+001 3.03858943e-001 0.00000000e+000 0.00000000e+000 0.00000000e+000
61431.96552582 0.000000 0.000000 0.000000 1.49438283e+012 1.81549283e+012 1.72862409e+012 1.02952210e+012 5.56554600e+011 1.32195391e+011 8.68418888e+009 3.69567854e+008 1.70730644e+007 2.82311654e+006 3.69875530e+005 5.42245428e+004 1.34606100e+004 6.60981970e+003 3.83131146e+003 2.31042816e+003 1.65605295e+003 7.56433471e+002 3.43590661e+002 7.86653870e+001 1.90998591e+001 3.03858943e-001 0.00000000e+000 0.00000000e+000 0.00000000e+000
61432.15752814 0.000000 0.000000 0.000000 1.49438283e+012 1.81549283e+012 1.72862409e+012 1.02952210e+012 5.56554600e+011 1.32195391e+011 8.68418888e+009 3.69567854e+008 1.70730644e+007 2.82311654e+006 3.69875530e+005 5.42245428e+004 1.34606100e+004 6.60981970e+003 3.83131146e+003 2.31042816e+003 1.65605295e+003 7.56433471e+002 3.43590661e+002 7.86653870e+001 1.90998591e+001 3.03858943e-001 0.00000000e+000 0.00000000e+000 0.00000000e+000
61432.34953045 0.000000 0.000000 0.000000 1.49438283e+012 1.81549283e+012 1.72862409e+012 1.02952210e+012 5.56554600e+011 1.32195391e+011 8.68418888e+009 3.69567854e+008 1.70730644e+007 2.82311654e+006 3.69875530e+005 5.42245428e+004 1.34606100e+004 6.60981970e+003 3.83131146e+003 2.31042816e+003 1.65605295e+003 7.56433471e+002 3.43590661e+002 7.86653870e+001 1.90998591e+001 3.03858943e-001 0.00000000e+000 0.00000000e+000 0.00000000e+000
61432.54153277 0.000000 0.000000 0.000000 1.49438283e+012 1.81549283e+012 1.72862409e+012 1.02952210e+012 5.56554600e+011 1.32195391e+011 8.68418888e+009 3.69567854e+008 1.70730644e+007 2.82311654e+006 3.69875530e+005 5.42245428e+004 1.34606100e+004 6.60981970e+003 3.83131146e+003 2.31042816e+003 1.65605295e+003 7.56433471e+002 3.43590661e+002 7.86653870e+001 1.90998591e+001 3.03858943e-001 0.00000000e+000 0.00000000e+000 0.00000000e+000
61432.73353508 0.000000 0.000000 0.000000 1.49438283e+012 1.81549283e+012 1.72862409e+012 1.02952210e+012 5.56554600e+011 1.32195391e+011 8.68418888e+009 3.69567854e+008 1.70730644e+007 2.82311654e+006 3.69875530e+005 5.42245428e+004 1.34606100e+004 6.60981970e+003 3.83131146e+003 2.31042816e+003 1.65605295e+003 7.56433471e+002 3.43590661e+002 7.86653870e+001 1.90998591e+001 3.03858943e-001 0.00000000e+000 0.00000000e+000 0.00000000e+000
61432.92553740 0.000000 0.000000 0.000000 1.49438283e+012 1.81549283e+012 1.72862409e+012 1.02952210e+012 5.56554600e+011 1.32195391e+011 8.68418888e+009 3.69567854e+008 1.70730644e+007 2.82311654e+006 3.69875530e+005 5.42245428e+004 1.34606100e+004 6.60981970e+003 3.83131146e+003 2.31042816e+003 1.65605295e+003 7.56433471e+002 3.43590661e+002 7.86653870e+001 1.90998591e+001 3.03858943e-001 0.00000000e+000 0.00000000e+000 0.00000000e+000
61433.11753971 0.000000 0.000000 0.000000 1.49438283e+012 1.81549283e+012 1.72862409e+012 1.02952210e+012 5.56554600e+011 1.32195391e+011 8.68418888e+009 3.69567854e+008 1.70730644e+007 2.82311654e+006 3.69875530e+005 5.42245428e+004 1.34606100e+004 6.60981970e+003 3.83131146e+003 2.31042816e+003 1.65605295e+003 7.56433471e+002 3.43590661e+002 7.86653870e+001 1.90998591e+001 3.03858943e-001 0.00000000e+000 0.00000000e+000 0.00000000e+000
61433.30954203 0.000000 0.000000 0.000000 1.49438283e+012 1.81549283e+012 1.72862409e+012 1.02952210e+012 5.56554600e+011 1.32195391e+011 8.68418888e+009 3.69567854e+008 1.70730644e+007 2.82311654e+006 3.69875530e+005 5.42245428e+004 1.34606100e+004 6.60981970e+003 3.83131146e+003 2.31042816e+003 1.65605295e+003 7.56433471e+002 3.43590661e+002 7.86653870e+001 1.90998591e+001 3.03858943e-001 0.00000000e+000 0.00000000e+000 0.00000000e+000
61433.50154434 0.000000 0.000000 0.000000 1.49438283e+012 1.81549283e+012 1.72862409e+012 1.02952210e+012 5.56554600e+011 1.32195391e+011 8.68418888e+009 3.69567854e+008 1.70730644e+007 2.82311654e+006 3.69875530e+005 5.42245428e+004 1.34606100e+004 6.60981970e+003 3.83131146e+003 2.31042816e+003 1.65605295e+003 7.56433471e+002 3.43590661e+002 7.86653870e+001 1.90998591e+001 3.03858943e-001 0.00000000e+000 0.00000000e+000 0.00000000e+000
61433.69354666 0.000000 0.000000 0.000000 1.49438283e+012 1.81549283e+012 1.72862409e+012 1.02952210e+012 5.56554600e+011 1.32195391e+011 8.68418888e+009 3.69567854e+008 1.70730644e+007 2.82311654e+006 3.69875530e+005 5.42245428e+004 1.34606100e+004 6.60981970e+003 3.83131146e+003 2.31042816e+003 1.65605295e+003 7.56433471e+002 3.43590661e+002 7.86653870e+001 1.90998591e+001 3.03858943e-001 0.00000000e+000 0.00000000e+000 0.00000000e+000
61433.88554897 0.000000 0.000000 0.000000 1.49438283e+012 1.81549283e+012 1.72862409e+012 1.02952210e+012 5.56554600e+011 1.32195391e+011 8.68418888e+009 3.69567854e+008 1.70730644e+007 2.82311654e+006 3.69875530e+005 5.42245428e+004 1.34606100e+004 6.60981970e+003 3.83131146e+003 2.31042816e+003 1.65605295e+003 7.56433471e+002 3.43590661e+002 7.86653870e+001 1.90998591e+001 3.03858943e-001 0.00000000e+000 0.00000000e+000 0.00000000e+000
61433.90511367 0.000000 0.000000 0.000000 1.49438283e+012 1.81549283e+012 1.72862409e+012 1.02952210e+012 5.56554600e+011 1.32195391e+011 8.68418888e+009 3.69567854e+008 1.70730644e+007 2.82311654e+006 3.69875530e+005 5.42245428e+004 1.34606100e+004 6.60981970e+003 3.83131146e+003 2.31042816e+003 1.65605295e+003 7.56433471e+002 3.43590661e+002 7.86653870e+001 1.90998591e+001 3.03858943e-001 0.00000000e+000 0.00000000e+000 0.00000000e+000
