# Ae9Ap9 Model output file: MoonBEAM_trajectory_trade/Rp18408_COM_8per90prop30inc_Sci.AE9.output_mc_fluenceIntv_089.txt
# Ae9Ap9 Software Version:  1.50.001
#
# Model type:               AE9
# Particle species:         e-
# Flux type:                1PtDiff
# Flux direction:           Omnidirectional
# Energy levels (MeV):       0.04 0.07 0.1 0.25 0.5 0.75 1 1.5 2 2.5 3 3.5 4 4.5 5 5.5 6 6.5 7 8.5 10
#
# Accumulation mode:        Interval, length = 16589 seconds (0.192002 days)
#
# Time format:              Modified Julian Date
# Coordinate system:        GEI (Geocentric Equatorial Inertial) Cartesian in km
# Data Delimiter:           space
#
# datetime(mjd),posx(km),posy(km),posz(km),fluence,fluence,fluence,fluence,fluence,fluence,fluence,fluence,fluence,fluence,fluence,fluence,fluence,fluence,fluence,fluence,fluence,fluence,fluence,fluence,fluence(#/cm^2/MeV)
61429.66149804 0.000000 0.000000 0.000000 0.00000000e+000 0.00000000e+000 0.00000000e+000 0.00000000e+000 0.00000000e+000 0.00000000e+000 0.00000000e+000 0.00000000e+000 0.00000000e+000 0.00000000e+000 0.00000000e+000 0.00000000e+000 0.00000000e+000 0.00000000e+000 0.00000000e+000 0.00000000e+000 0.00000000e+000 0.00000000e+000 0.00000000e+000 0.00000000e+000 0.00000000e+000
61429.85350036 0.000000 0.000000 0.000000 0.00000000e+000 0.00000000e+000 0.00000000e+000 0.00000000e+000 0.00000000e+000 0.00000000e+000 0.00000000e+000 0.00000000e+000 0.00000000e+000 0.00000000e+000 0.00000000e+000 0.00000000e+000 0.00000000e+000 0.00000000e+000 0.00000000e+000 0.00000000e+000 0.00000000e+000 0.00000000e+000 0.00000000e+000 0.00000000e+000 0.00000000e+000
61430.04550267 0.000000 0.000000 0.000000 0.00000000e+000 0.00000000e+000 0.00000000e+000 0.00000000e+000 0.00000000e+000 0.00000000e+000 0.00000000e+000 0.00000000e+000 0.00000000e+000 0.00000000e+000 0.00000000e+000 0.00000000e+000 0.00000000e+000 0.00000000e+000 0.00000000e+000 0.00000000e+000 0.00000000e+000 0.00000000e+000 0.00000000e+000 0.00000000e+000 0.00000000e+000
61430.23750499 0.000000 0.000000 0.000000 0.00000000e+000 0.00000000e+000 0.00000000e+000 0.00000000e+000 0.00000000e+000 0.00000000e+000 0.00000000e+000 0.00000000e+000 0.00000000e+000 0.00000000e+000 0.00000000e+000 0.00000000e+000 0.00000000e+000 0.00000000e+000 0.00000000e+000 0.00000000e+000 0.00000000e+000 0.00000000e+000 0.00000000e+000 0.00000000e+000 0.00000000e+000
61430.42950730 0.000000 0.000000 0.000000 0.00000000e+000 0.00000000e+000 0.00000000e+000 0.00000000e+000 0.00000000e+000 0.00000000e+000 0.00000000e+000 0.00000000e+000 0.00000000e+000 0.00000000e+000 0.00000000e+000 0.00000000e+000 0.00000000e+000 0.00000000e+000 0.00000000e+000 0.00000000e+000 0.00000000e+000 0.00000000e+000 0.00000000e+000 0.00000000e+000 0.00000000e+000
61430.62150962 0.000000 0.000000 0.000000 0.00000000e+000 0.00000000e+000 0.00000000e+000 0.00000000e+000 0.00000000e+000 0.00000000e+000 0.00000000e+000 0.00000000e+000 0.00000000e+000 0.00000000e+000 0.00000000e+000 0.00000000e+000 0.00000000e+000 0.00000000e+000 0.00000000e+000 0.00000000e+000 0.00000000e+000 0.00000000e+000 0.00000000e+000 0.00000000e+000 0.00000000e+000
61430.81351193 0.000000 0.000000 0.000000 0.00000000e+000 0.00000000e+000 0.00000000e+000 0.00000000e+000 0.00000000e+000 0.00000000e+000 0.00000000e+000 0.00000000e+000 0.00000000e+000 0.00000000e+000 0.00000000e+000 0.00000000e+000 0.00000000e+000 0.00000000e+000 0.00000000e+000 0.00000000e+000 0.00000000e+000 0.00000000e+000 0.00000000e+000 0.00000000e+000 0.00000000e+000
61431.00551425 0.000000 0.000000 0.000000 0.00000000e+000 0.00000000e+000 0.00000000e+000 0.00000000e+000 0.00000000e+000 0.00000000e+000 0.00000000e+000 0.00000000e+000 0.00000000e+000 0.00000000e+000 0.00000000e+000 0.00000000e+000 0.00000000e+000 0.00000000e+000 0.00000000e+000 0.00000000e+000 0.00000000e+000 0.00000000e+000 0.00000000e+000 0.00000000e+000 0.00000000e+000
61431.19751656 0.000000 0.000000 0.000000 0.00000000e+000 0.00000000e+000 0.00000000e+000 0.00000000e+000 0.00000000e+000 0.00000000e+000 0.00000000e+000 0.00000000e+000 0.00000000e+000 0.00000000e+000 0.00000000e+000 0.00000000e+000 0.00000000e+000 0.00000000e+000 0.00000000e+000 0.00000000e+000 0.00000000e+000 0.00000000e+000 0.00000000e+000 0.00000000e+000 0.00000000e+000
61431.38951888 0.000000 0.000000 0.000000 0.00000000e+000 0.00000000e+000 0.00000000e+000 0.00000000e+000 0.00000000e+000 0.00000000e+000 0.00000000e+000 0.00000000e+000 0.00000000e+000 0.00000000e+000 0.00000000e+000 0.00000000e+000 0.00000000e+000 0.00000000e+000 0.00000000e+000 0.00000000e+000 0.00000000e+000 0.00000000e+000 0.00000000e+000 0.00000000e+000 0.00000000e+000
61431.58152119 0.000000 0.000000 0.000000 9.27852380e+009 1.13294952e+010 4.75808013e+009 9.62509471e+008 9.56953058e+007 1.07847821e+007 1.60923012e+006 2.33616919e+005 3.96122102e+004 9.81225934e+003 3.53992765e+003 1.55664496e+003 8.12172280e+002 3.49091529e+002 1.38805602e+002 6.11683887e+001 7.25114713e+000 4.91202251e+000 3.40076255e+000 -6.30634710e-001 0.00000000e+000
61431.77352351 0.000000 0.000000 0.000000 3.10781728e+012 2.47268473e+012 5.17932060e+011 8.59027930e+010 3.02106117e+010 1.23192009e+010 6.99566071e+009 6.36467585e+009 3.41622968e+009 1.37202162e+009 6.01575126e+008 2.76404382e+008 1.33718860e+008 7.28835886e+007 4.16415802e+007 2.54530141e+007 1.54113301e+007 1.01846158e+007 6.15469735e+006 3.49004755e+006 2.39613454e+006
61431.96552582 0.000000 0.000000 0.000000 3.21708324e+012 2.57619267e+012 5.68210922e+011 1.12876064e+011 4.67464002e+010 1.86670408e+010 9.67392655e+009 7.89221855e+009 3.99692898e+009 1.54315690e+009 6.59958972e+008 2.99304009e+008 1.43574942e+008 7.71858553e+007 4.34867490e+007 2.62746758e+007 1.58468738e+007 1.04702828e+007 6.33537353e+006 3.59619389e+006 2.47273328e+006
61432.15752814 0.000000 0.000000 0.000000 3.21708324e+012 2.57619267e+012 5.68210922e+011 1.12876064e+011 4.67464002e+010 1.86670408e+010 9.67392655e+009 7.89221855e+009 3.99692898e+009 1.54315690e+009 6.59958972e+008 2.99304009e+008 1.43574942e+008 7.71858553e+007 4.34867490e+007 2.62746758e+007 1.58468738e+007 1.04702828e+007 6.33537353e+006 3.59619389e+006 2.47273328e+006
61432.34953045 0.000000 0.000000 0.000000 3.21708324e+012 2.57619267e+012 5.68210922e+011 1.12876064e+011 4.67464002e+010 1.86670408e+010 9.67392655e+009 7.89221855e+009 3.99692898e+009 1.54315690e+009 6.59958972e+008 2.99304009e+008 1.43574942e+008 7.71858553e+007 4.34867490e+007 2.62746758e+007 1.58468738e+007 1.04702828e+007 6.33537353e+006 3.59619389e+006 2.47273328e+006
61432.54153277 0.000000 0.000000 0.000000 3.21708324e+012 2.57619267e+012 5.68210922e+011 1.12876064e+011 4.67464002e+010 1.86670408e+010 9.67392655e+009 7.89221855e+009 3.99692898e+009 1.54315690e+009 6.59958972e+008 2.99304009e+008 1.43574942e+008 7.71858553e+007 4.34867490e+007 2.62746758e+007 1.58468738e+007 1.04702828e+007 6.33537353e+006 3.59619389e+006 2.47273328e+006
61432.73353508 0.000000 0.000000 0.000000 3.21708324e+012 2.57619267e+012 5.68210922e+011 1.12876064e+011 4.67464002e+010 1.86670408e+010 9.67392655e+009 7.89221855e+009 3.99692898e+009 1.54315690e+009 6.59958972e+008 2.99304009e+008 1.43574942e+008 7.71858553e+007 4.34867490e+007 2.62746758e+007 1.58468738e+007 1.04702828e+007 6.33537353e+006 3.59619389e+006 2.47273328e+006
61432.92553740 0.000000 0.000000 0.000000 3.21708324e+012 2.57619267e+012 5.68210922e+011 1.12876064e+011 4.67464002e+010 1.86670408e+010 9.67392655e+009 7.89221855e+009 3.99692898e+009 1.54315690e+009 6.59958972e+008 2.99304009e+008 1.43574942e+008 7.71858553e+007 4.34867490e+007 2.62746758e+007 1.58468738e+007 1.04702828e+007 6.33537353e+006 3.59619389e+006 2.47273328e+006
61433.11753971 0.000000 0.000000 0.000000 3.21708324e+012 2.57619267e+012 5.68210922e+011 1.12876064e+011 4.67464002e+010 1.86670408e+010 9.67392655e+009 7.89221855e+009 3.99692898e+009 1.54315690e+009 6.59958972e+008 2.99304009e+008 1.43574942e+008 7.71858553e+007 4.34867490e+007 2.62746758e+007 1.58468738e+007 1.04702828e+007 6.33537353e+006 3.59619389e+006 2.47273328e+006
61433.30954203 0.000000 0.000000 0.000000 3.21708324e+012 2.57619267e+012 5.68210922e+011 1.12876064e+011 4.67464002e+010 1.86670408e+010 9.67392655e+009 7.89221855e+009 3.99692898e+009 1.54315690e+009 6.59958972e+008 2.99304009e+008 1.43574942e+008 7.71858553e+007 4.34867490e+007 2.62746758e+007 1.58468738e+007 1.04702828e+007 6.33537353e+006 3.59619389e+006 2.47273328e+006
61433.50154434 0.000000 0.000000 0.000000 3.21708324e+012 2.57619267e+012 5.68210922e+011 1.12876064e+011 4.67464002e+010 1.86670408e+010 9.67392655e+009 7.89221855e+009 3.99692898e+009 1.54315690e+009 6.59958972e+008 2.99304009e+008 1.43574942e+008 7.71858553e+007 4.34867490e+007 2.62746758e+007 1.58468738e+007 1.04702828e+007 6.33537353e+006 3.59619389e+006 2.47273328e+006
61433.69354666 0.000000 0.000000 0.000000 3.21708324e+012 2.57619267e+012 5.68210922e+011 1.12876064e+011 4.67464002e+010 1.86670408e+010 9.67392655e+009 7.89221855e+009 3.99692898e+009 1.54315690e+009 6.59958972e+008 2.99304009e+008 1.43574942e+008 7.71858553e+007 4.34867490e+007 2.62746758e+007 1.58468738e+007 1.04702828e+007 6.33537353e+006 3.59619389e+006 2.47273328e+006
61433.88554897 0.000000 0.000000 0.000000 3.21708324e+012 2.57619267e+012 5.68210922e+011 1.12876064e+011 4.67464002e+010 1.86670408e+010 9.67392655e+009 7.89221855e+009 3.99692898e+009 1.54315690e+009 6.59958972e+008 2.99304009e+008 1.43574942e+008 7.71858553e+007 4.34867490e+007 2.62746758e+007 1.58468738e+007 1.04702828e+007 6.33537353e+006 3.59619389e+006 2.47273328e+006
61433.90511367 0.000000 0.000000 0.000000 3.21708324e+012 2.57619267e+012 5.68210922e+011 1.12876064e+011 4.67464002e+010 1.86670408e+010 9.67392655e+009 7.89221855e+009 3.99692898e+009 1.54315690e+009 6.59958972e+008 2.99304009e+008 1.43574942e+008 7.71858553e+007 4.34867490e+007 2.62746758e+007 1.58468738e+007 1.04702828e+007 6.33537353e+006 3.59619389e+006 2.47273328e+006
