# Ae9Ap9 Model output file: MoonBEAM_trajectory_trade/Rp18408_COM_8per90prop30inc_Sci.AP9.output_mc_fluenceIntv_007.txt
# Ae9Ap9 Software Version:  1.50.001
#
# Model type:               AP9
# Particle species:         H+
# Flux type:                1PtDiff
# Flux direction:           Omnidirectional
# Energy levels (MeV):       0.1 0.2 0.4 0.6 0.8 1 2 4 6 8 10 15 20 30 50 60 80 100 150 200 300 400 700 1200 2000
#
# Accumulation mode:        Interval, length = 16589 seconds (0.192002 days)
#
# Time format:              Modified Julian Date
# Coordinate system:        GEI (Geocentric Equatorial Inertial) Cartesian in km
# Data Delimiter:           space
#
# datetime(mjd),posx(km),posy(km),posz(km),fluence,fluence,fluence,fluence,fluence,fluence,fluence,fluence,fluence,fluence,fluence,fluence,fluence,fluence,fluence,fluence,fluence,fluence,fluence,fluence,fluence,fluence,fluence,fluence,fluence(#/cm^2/MeV)
61429.66149804 0.000000 0.000000 0.000000 0.00000000e+000 0.00000000e+000 0.00000000e+000 0.00000000e+000 0.00000000e+000 0.00000000e+000 0.00000000e+000 0.00000000e+000 0.00000000e+000 0.00000000e+000 0.00000000e+000 0.00000000e+000 0.00000000e+000 0.00000000e+000 0.00000000e+000 0.00000000e+000 0.00000000e+000 0.00000000e+000 0.00000000e+000 0.00000000e+000 0.00000000e+000 0.00000000e+000 0.00000000e+000 0.00000000e+000 0.00000000e+000
61429.85350036 0.000000 0.000000 0.000000 0.00000000e+000 0.00000000e+000 0.00000000e+000 0.00000000e+000 0.00000000e+000 0.00000000e+000 0.00000000e+000 0.00000000e+000 0.00000000e+000 0.00000000e+000 0.00000000e+000 0.00000000e+000 0.00000000e+000 0.00000000e+000 0.00000000e+000 0.00000000e+000 0.00000000e+000 0.00000000e+000 0.00000000e+000 0.00000000e+000 0.00000000e+000 0.00000000e+000 0.00000000e+000 0.00000000e+000 0.00000000e+000
61430.04550267 0.000000 0.000000 0.000000 0.00000000e+000 0.00000000e+000 0.00000000e+000 0.00000000e+000 0.00000000e+000 0.00000000e+000 0.00000000e+000 0.00000000e+000 0.00000000e+000 0.00000000e+000 0.00000000e+000 0.00000000e+000 0.00000000e+000 0.00000000e+000 0.00000000e+000 0.00000000e+000 0.00000000e+000 0.00000000e+000 0.00000000e+000 0.00000000e+000 0.00000000e+000 0.00000000e+000 0.00000000e+000 0.00000000e+000 0.00000000e+000
61430.23750499 0.000000 0.000000 0.000000 0.00000000e+000 0.00000000e+000 0.00000000e+000 0.00000000e+000 0.00000000e+000 0.00000000e+000 0.00000000e+000 0.00000000e+000 0.00000000e+000 0.00000000e+000 0.00000000e+000 0.00000000e+000 0.00000000e+000 0.00000000e+000 0.00000000e+000 0.00000000e+000 0.00000000e+000 0.00000000e+000 0.00000000e+000 0.00000000e+000 0.00000000e+000 0.00000000e+000 0.00000000e+000 0.00000000e+000 0.00000000e+000
61430.42950730 0.000000 0.000000 0.000000 0.00000000e+000 0.00000000e+000 0.00000000e+000 0.00000000e+000 0.00000000e+000 0.00000000e+000 0.00000000e+000 0.00000000e+000 0.00000000e+000 0.00000000e+000 0.00000000e+000 0.00000000e+000 0.00000000e+000 0.00000000e+000 0.00000000e+000 0.00000000e+000 0.00000000e+000 0.00000000e+000 0.00000000e+000 0.00000000e+000 0.00000000e+000 0.00000000e+000 0.00000000e+000 0.00000000e+000 0.00000000e+000
61430.62150962 0.000000 0.000000 0.000000 0.00000000e+000 0.00000000e+000 0.00000000e+000 0.00000000e+000 0.00000000e+000 0.00000000e+000 0.00000000e+000 0.00000000e+000 0.00000000e+000 0.00000000e+000 0.00000000e+000 0.00000000e+000 0.00000000e+000 0.00000000e+000 0.00000000e+000 0.00000000e+000 0.00000000e+000 0.00000000e+000 0.00000000e+000 0.00000000e+000 0.00000000e+000 0.00000000e+000 0.00000000e+000 0.00000000e+000 0.00000000e+000
61430.81351193 0.000000 0.000000 0.000000 0.00000000e+000 0.00000000e+000 0.00000000e+000 0.00000000e+000 0.00000000e+000 0.00000000e+000 0.00000000e+000 0.00000000e+000 0.00000000e+000 0.00000000e+000 0.00000000e+000 0.00000000e+000 0.00000000e+000 0.00000000e+000 0.00000000e+000 0.00000000e+000 0.00000000e+000 0.00000000e+000 0.00000000e+000 0.00000000e+000 0.00000000e+000 0.00000000e+000 0.00000000e+000 0.00000000e+000 0.00000000e+000
61431.00551425 0.000000 0.000000 0.000000 0.00000000e+000 0.00000000e+000 0.00000000e+000 0.00000000e+000 0.00000000e+000 0.00000000e+000 0.00000000e+000 0.00000000e+000 0.00000000e+000 0.00000000e+000 0.00000000e+000 0.00000000e+000 0.00000000e+000 0.00000000e+000 0.00000000e+000 0.00000000e+000 0.00000000e+000 0.00000000e+000 0.00000000e+000 0.00000000e+000 0.00000000e+000 0.00000000e+000 0.00000000e+000 0.00000000e+000 0.00000000e+000
61431.19751656 0.000000 0.000000 0.000000 0.00000000e+000 0.00000000e+000 0.00000000e+000 0.00000000e+000 0.00000000e+000 0.00000000e+000 0.00000000e+000 0.00000000e+000 0.00000000e+000 0.00000000e+000 0.00000000e+000 0.00000000e+000 0.00000000e+000 0.00000000e+000 0.00000000e+000 0.00000000e+000 0.00000000e+000 0.00000000e+000 0.00000000e+000 0.00000000e+000 0.00000000e+000 0.00000000e+000 0.00000000e+000 0.00000000e+000 0.00000000e+000
61431.38951888 0.000000 0.000000 0.000000 0.00000000e+000 0.00000000e+000 0.00000000e+000 0.00000000e+000 0.00000000e+000 0.00000000e+000 0.00000000e+000 0.00000000e+000 0.00000000e+000 0.00000000e+000 0.00000000e+000 0.00000000e+000 0.00000000e+000 0.00000000e+000 0.00000000e+000 0.00000000e+000 0.00000000e+000 0.00000000e+000 0.00000000e+000 0.00000000e+000 0.00000000e+000 0.00000000e+000 0.00000000e+000 0.00000000e+000 0.00000000e+000
61431.58152119 0.000000 0.000000 0.000000 8.13091535e+007 2.02847245e+007 2.05189887e+006 4.54159905e+005 1.47370290e+005 1.02612146e+004 8.86138333e+001 -9.08071121e-002 0.00000000e+000 0.00000000e+000 0.00000000e+000 0.00000000e+000 0.00000000e+000 0.00000000e+000 0.00000000e+000 0.00000000e+000 0.00000000e+000 0.00000000e+000 0.00000000e+000 0.00000000e+000 0.00000000e+000 0.00000000e+000 0.00000000e+000 0.00000000e+000 0.00000000e+000
61431.77352351 0.000000 0.000000 0.000000 1.79032407e+012 9.32988499e+011 4.42089130e+011 2.39587332e+011 1.28455596e+011 2.70846071e+010 1.44022036e+009 9.41342676e+007 1.15102521e+007 2.02775726e+006 3.13704161e+005 7.56564172e+004 2.76094535e+004 7.54917248e+003 2.12497789e+003 5.89098494e+002 2.00200418e+002 3.78664762e+001 1.26643079e+001 3.25381615e+000 8.67050733e-001 1.97433683e-002 0.00000000e+000 0.00000000e+000 0.00000000e+000
61431.96552582 0.000000 0.000000 0.000000 2.35635238e+012 1.13130651e+012 4.78841350e+011 2.47539712e+011 1.30771365e+011 2.72719493e+010 1.44828838e+009 9.43151479e+007 1.15162100e+007 2.02817349e+006 3.13747941e+005 7.56565337e+004 2.76094535e+004 7.54917248e+003 2.12497789e+003 5.89098494e+002 2.00200418e+002 3.78664762e+001 1.26643079e+001 3.25381615e+000 8.67050733e-001 1.97433683e-002 0.00000000e+000 0.00000000e+000 0.00000000e+000
61432.15752814 0.000000 0.000000 0.000000 2.35635238e+012 1.13130651e+012 4.78841350e+011 2.47539712e+011 1.30771365e+011 2.72719493e+010 1.44828838e+009 9.43151479e+007 1.15162100e+007 2.02817349e+006 3.13747941e+005 7.56565337e+004 2.76094535e+004 7.54917248e+003 2.12497789e+003 5.89098494e+002 2.00200418e+002 3.78664762e+001 1.26643079e+001 3.25381615e+000 8.67050733e-001 1.97433683e-002 0.00000000e+000 0.00000000e+000 0.00000000e+000
61432.34953045 0.000000 0.000000 0.000000 2.35635238e+012 1.13130651e+012 4.78841350e+011 2.47539712e+011 1.30771365e+011 2.72719493e+010 1.44828838e+009 9.43151479e+007 1.15162100e+007 2.02817349e+006 3.13747941e+005 7.56565337e+004 2.76094535e+004 7.54917248e+003 2.12497789e+003 5.89098494e+002 2.00200418e+002 3.78664762e+001 1.26643079e+001 3.25381615e+000 8.67050733e-001 1.97433683e-002 0.00000000e+000 0.00000000e+000 0.00000000e+000
61432.54153277 0.000000 0.000000 0.000000 2.35635238e+012 1.13130651e+012 4.78841350e+011 2.47539712e+011 1.30771365e+011 2.72719493e+010 1.44828838e+009 9.43151479e+007 1.15162100e+007 2.02817349e+006 3.13747941e+005 7.56565337e+004 2.76094535e+004 7.54917248e+003 2.12497789e+003 5.89098494e+002 2.00200418e+002 3.78664762e+001 1.26643079e+001 3.25381615e+000 8.67050733e-001 1.97433683e-002 0.00000000e+000 0.00000000e+000 0.00000000e+000
61432.73353508 0.000000 0.000000 0.000000 2.35635238e+012 1.13130651e+012 4.78841350e+011 2.47539712e+011 1.30771365e+011 2.72719493e+010 1.44828838e+009 9.43151479e+007 1.15162100e+007 2.02817349e+006 3.13747941e+005 7.56565337e+004 2.76094535e+004 7.54917248e+003 2.12497789e+003 5.89098494e+002 2.00200418e+002 3.78664762e+001 1.26643079e+001 3.25381615e+000 8.67050733e-001 1.97433683e-002 0.00000000e+000 0.00000000e+000 0.00000000e+000
61432.92553740 0.000000 0.000000 0.000000 2.35635238e+012 1.13130651e+012 4.78841350e+011 2.47539712e+011 1.30771365e+011 2.72719493e+010 1.44828838e+009 9.43151479e+007 1.15162100e+007 2.02817349e+006 3.13747941e+005 7.56565337e+004 2.76094535e+004 7.54917248e+003 2.12497789e+003 5.89098494e+002 2.00200418e+002 3.78664762e+001 1.26643079e+001 3.25381615e+000 8.67050733e-001 1.97433683e-002 0.00000000e+000 0.00000000e+000 0.00000000e+000
61433.11753971 0.000000 0.000000 0.000000 2.35635238e+012 1.13130651e+012 4.78841350e+011 2.47539712e+011 1.30771365e+011 2.72719493e+010 1.44828838e+009 9.43151479e+007 1.15162100e+007 2.02817349e+006 3.13747941e+005 7.56565337e+004 2.76094535e+004 7.54917248e+003 2.12497789e+003 5.89098494e+002 2.00200418e+002 3.78664762e+001 1.26643079e+001 3.25381615e+000 8.67050733e-001 1.97433683e-002 0.00000000e+000 0.00000000e+000 0.00000000e+000
61433.30954203 0.000000 0.000000 0.000000 2.35635238e+012 1.13130651e+012 4.78841350e+011 2.47539712e+011 1.30771365e+011 2.72719493e+010 1.44828838e+009 9.43151479e+007 1.15162100e+007 2.02817349e+006 3.13747941e+005 7.56565337e+004 2.76094535e+004 7.54917248e+003 2.12497789e+003 5.89098494e+002 2.00200418e+002 3.78664762e+001 1.26643079e+001 3.25381615e+000 8.67050733e-001 1.97433683e-002 0.00000000e+000 0.00000000e+000 0.00000000e+000
61433.50154434 0.000000 0.000000 0.000000 2.35635238e+012 1.13130651e+012 4.78841350e+011 2.47539712e+011 1.30771365e+011 2.72719493e+010 1.44828838e+009 9.43151479e+007 1.15162100e+007 2.02817349e+006 3.13747941e+005 7.56565337e+004 2.76094535e+004 7.54917248e+003 2.12497789e+003 5.89098494e+002 2.00200418e+002 3.78664762e+001 1.26643079e+001 3.25381615e+000 8.67050733e-001 1.97433683e-002 0.00000000e+000 0.00000000e+000 0.00000000e+000
61433.69354666 0.000000 0.000000 0.000000 2.35635238e+012 1.13130651e+012 4.78841350e+011 2.47539712e+011 1.30771365e+011 2.72719493e+010 1.44828838e+009 9.43151479e+007 1.15162100e+007 2.02817349e+006 3.13747941e+005 7.56565337e+004 2.76094535e+004 7.54917248e+003 2.12497789e+003 5.89098494e+002 2.00200418e+002 3.78664762e+001 1.26643079e+001 3.25381615e+000 8.67050733e-001 1.97433683e-002 0.00000000e+000 0.00000000e+000 0.00000000e+000
61433.88554897 0.000000 0.000000 0.000000 2.35635238e+012 1.13130651e+012 4.78841350e+011 2.47539712e+011 1.30771365e+011 2.72719493e+010 1.44828838e+009 9.43151479e+007 1.15162100e+007 2.02817349e+006 3.13747941e+005 7.56565337e+004 2.76094535e+004 7.54917248e+003 2.12497789e+003 5.89098494e+002 2.00200418e+002 3.78664762e+001 1.26643079e+001 3.25381615e+000 8.67050733e-001 1.97433683e-002 0.00000000e+000 0.00000000e+000 0.00000000e+000
61433.90511367 0.000000 0.000000 0.000000 2.35635238e+012 1.13130651e+012 4.78841350e+011 2.47539712e+011 1.30771365e+011 2.72719493e+010 1.44828838e+009 9.43151479e+007 1.15162100e+007 2.02817349e+006 3.13747941e+005 7.56565337e+004 2.76094535e+004 7.54917248e+003 2.12497789e+003 5.89098494e+002 2.00200418e+002 3.78664762e+001 1.26643079e+001 3.25381615e+000 8.67050733e-001 1.97433683e-002 0.00000000e+000 0.00000000e+000 0.00000000e+000
