# Ae9Ap9 Model output file: MoonBEAM_trajectory_trade/Rp18408_COM_8per90prop30inc_Sci.AP9.output_mc_fluenceIntv_062.txt
# Ae9Ap9 Software Version:  1.50.001
#
# Model type:               AP9
# Particle species:         H+
# Flux type:                1PtDiff
# Flux direction:           Omnidirectional
# Energy levels (MeV):       0.1 0.2 0.4 0.6 0.8 1 2 4 6 8 10 15 20 30 50 60 80 100 150 200 300 400 700 1200 2000
#
# Accumulation mode:        Interval, length = 16589 seconds (0.192002 days)
#
# Time format:              Modified Julian Date
# Coordinate system:        GEI (Geocentric Equatorial Inertial) Cartesian in km
# Data Delimiter:           space
#
# datetime(mjd),posx(km),posy(km),posz(km),fluence,fluence,fluence,fluence,fluence,fluence,fluence,fluence,fluence,fluence,fluence,fluence,fluence,fluence,fluence,fluence,fluence,fluence,fluence,fluence,fluence,fluence,fluence,fluence,fluence(#/cm^2/MeV)
61429.66149804 0.000000 0.000000 0.000000 0.00000000e+000 0.00000000e+000 0.00000000e+000 0.00000000e+000 0.00000000e+000 0.00000000e+000 0.00000000e+000 0.00000000e+000 0.00000000e+000 0.00000000e+000 0.00000000e+000 0.00000000e+000 0.00000000e+000 0.00000000e+000 0.00000000e+000 0.00000000e+000 0.00000000e+000 0.00000000e+000 0.00000000e+000 0.00000000e+000 0.00000000e+000 0.00000000e+000 0.00000000e+000 0.00000000e+000 0.00000000e+000
61429.85350036 0.000000 0.000000 0.000000 0.00000000e+000 0.00000000e+000 0.00000000e+000 0.00000000e+000 0.00000000e+000 0.00000000e+000 0.00000000e+000 0.00000000e+000 0.00000000e+000 0.00000000e+000 0.00000000e+000 0.00000000e+000 0.00000000e+000 0.00000000e+000 0.00000000e+000 0.00000000e+000 0.00000000e+000 0.00000000e+000 0.00000000e+000 0.00000000e+000 0.00000000e+000 0.00000000e+000 0.00000000e+000 0.00000000e+000 0.00000000e+000
61430.04550267 0.000000 0.000000 0.000000 0.00000000e+000 0.00000000e+000 0.00000000e+000 0.00000000e+000 0.00000000e+000 0.00000000e+000 0.00000000e+000 0.00000000e+000 0.00000000e+000 0.00000000e+000 0.00000000e+000 0.00000000e+000 0.00000000e+000 0.00000000e+000 0.00000000e+000 0.00000000e+000 0.00000000e+000 0.00000000e+000 0.00000000e+000 0.00000000e+000 0.00000000e+000 0.00000000e+000 0.00000000e+000 0.00000000e+000 0.00000000e+000
61430.23750499 0.000000 0.000000 0.000000 0.00000000e+000 0.00000000e+000 0.00000000e+000 0.00000000e+000 0.00000000e+000 0.00000000e+000 0.00000000e+000 0.00000000e+000 0.00000000e+000 0.00000000e+000 0.00000000e+000 0.00000000e+000 0.00000000e+000 0.00000000e+000 0.00000000e+000 0.00000000e+000 0.00000000e+000 0.00000000e+000 0.00000000e+000 0.00000000e+000 0.00000000e+000 0.00000000e+000 0.00000000e+000 0.00000000e+000 0.00000000e+000
61430.42950730 0.000000 0.000000 0.000000 0.00000000e+000 0.00000000e+000 0.00000000e+000 0.00000000e+000 0.00000000e+000 0.00000000e+000 0.00000000e+000 0.00000000e+000 0.00000000e+000 0.00000000e+000 0.00000000e+000 0.00000000e+000 0.00000000e+000 0.00000000e+000 0.00000000e+000 0.00000000e+000 0.00000000e+000 0.00000000e+000 0.00000000e+000 0.00000000e+000 0.00000000e+000 0.00000000e+000 0.00000000e+000 0.00000000e+000 0.00000000e+000
61430.62150962 0.000000 0.000000 0.000000 0.00000000e+000 0.00000000e+000 0.00000000e+000 0.00000000e+000 0.00000000e+000 0.00000000e+000 0.00000000e+000 0.00000000e+000 0.00000000e+000 0.00000000e+000 0.00000000e+000 0.00000000e+000 0.00000000e+000 0.00000000e+000 0.00000000e+000 0.00000000e+000 0.00000000e+000 0.00000000e+000 0.00000000e+000 0.00000000e+000 0.00000000e+000 0.00000000e+000 0.00000000e+000 0.00000000e+000 0.00000000e+000
61430.81351193 0.000000 0.000000 0.000000 0.00000000e+000 0.00000000e+000 0.00000000e+000 0.00000000e+000 0.00000000e+000 0.00000000e+000 0.00000000e+000 0.00000000e+000 0.00000000e+000 0.00000000e+000 0.00000000e+000 0.00000000e+000 0.00000000e+000 0.00000000e+000 0.00000000e+000 0.00000000e+000 0.00000000e+000 0.00000000e+000 0.00000000e+000 0.00000000e+000 0.00000000e+000 0.00000000e+000 0.00000000e+000 0.00000000e+000 0.00000000e+000
61431.00551425 0.000000 0.000000 0.000000 0.00000000e+000 0.00000000e+000 0.00000000e+000 0.00000000e+000 0.00000000e+000 0.00000000e+000 0.00000000e+000 0.00000000e+000 0.00000000e+000 0.00000000e+000 0.00000000e+000 0.00000000e+000 0.00000000e+000 0.00000000e+000 0.00000000e+000 0.00000000e+000 0.00000000e+000 0.00000000e+000 0.00000000e+000 0.00000000e+000 0.00000000e+000 0.00000000e+000 0.00000000e+000 0.00000000e+000 0.00000000e+000
61431.19751656 0.000000 0.000000 0.000000 0.00000000e+000 0.00000000e+000 0.00000000e+000 0.00000000e+000 0.00000000e+000 0.00000000e+000 0.00000000e+000 0.00000000e+000 0.00000000e+000 0.00000000e+000 0.00000000e+000 0.00000000e+000 0.00000000e+000 0.00000000e+000 0.00000000e+000 0.00000000e+000 0.00000000e+000 0.00000000e+000 0.00000000e+000 0.00000000e+000 0.00000000e+000 0.00000000e+000 0.00000000e+000 0.00000000e+000 0.00000000e+000
61431.38951888 0.000000 0.000000 0.000000 0.00000000e+000 0.00000000e+000 0.00000000e+000 0.00000000e+000 0.00000000e+000 0.00000000e+000 0.00000000e+000 0.00000000e+000 0.00000000e+000 0.00000000e+000 0.00000000e+000 0.00000000e+000 0.00000000e+000 0.00000000e+000 0.00000000e+000 0.00000000e+000 0.00000000e+000 0.00000000e+000 0.00000000e+000 0.00000000e+000 0.00000000e+000 0.00000000e+000 0.00000000e+000 0.00000000e+000 0.00000000e+000
61431.58152119 0.000000 0.000000 0.000000 1.06768336e+008 2.80255778e+007 2.50602882e+006 3.07277982e+005 5.28500614e+004 2.36185059e+003 2.66137115e+001 -7.44345238e-002 0.00000000e+000 0.00000000e+000 0.00000000e+000 0.00000000e+000 0.00000000e+000 0.00000000e+000 0.00000000e+000 0.00000000e+000 0.00000000e+000 0.00000000e+000 0.00000000e+000 0.00000000e+000 0.00000000e+000 0.00000000e+000 0.00000000e+000 0.00000000e+000 0.00000000e+000
61431.77352351 0.000000 0.000000 0.000000 5.06968066e+012 2.55855037e+012 7.36850887e+011 3.21009026e+011 1.59928382e+011 3.37943440e+010 1.80620881e+009 1.07685640e+008 8.02449752e+006 1.36131959e+006 2.38007113e+005 8.39873798e+004 3.41966317e+004 1.54931607e+004 6.65529408e+003 2.21798232e+003 9.51890427e+002 2.73977234e+002 1.28905438e+002 2.70018757e+001 5.44136977e+000 7.76720559e-002 0.00000000e+000 0.00000000e+000 0.00000000e+000
61431.96552582 0.000000 0.000000 0.000000 6.79669947e+012 3.18613920e+012 8.08407904e+011 3.31882740e+011 1.62359617e+011 3.39603840e+010 1.80908164e+009 1.07734590e+008 8.02598036e+006 1.36145077e+006 2.38028087e+005 8.39874329e+004 3.41966317e+004 1.54931607e+004 6.65529408e+003 2.21798232e+003 9.51890427e+002 2.73977234e+002 1.28905438e+002 2.70018757e+001 5.44136977e+000 7.76720559e-002 0.00000000e+000 0.00000000e+000 0.00000000e+000
61432.15752814 0.000000 0.000000 0.000000 6.79669947e+012 3.18613920e+012 8.08407904e+011 3.31882740e+011 1.62359617e+011 3.39603840e+010 1.80908164e+009 1.07734590e+008 8.02598036e+006 1.36145077e+006 2.38028087e+005 8.39874329e+004 3.41966317e+004 1.54931607e+004 6.65529408e+003 2.21798232e+003 9.51890427e+002 2.73977234e+002 1.28905438e+002 2.70018757e+001 5.44136977e+000 7.76720559e-002 0.00000000e+000 0.00000000e+000 0.00000000e+000
61432.34953045 0.000000 0.000000 0.000000 6.79669947e+012 3.18613920e+012 8.08407904e+011 3.31882740e+011 1.62359617e+011 3.39603840e+010 1.80908164e+009 1.07734590e+008 8.02598036e+006 1.36145077e+006 2.38028087e+005 8.39874329e+004 3.41966317e+004 1.54931607e+004 6.65529408e+003 2.21798232e+003 9.51890427e+002 2.73977234e+002 1.28905438e+002 2.70018757e+001 5.44136977e+000 7.76720559e-002 0.00000000e+000 0.00000000e+000 0.00000000e+000
61432.54153277 0.000000 0.000000 0.000000 6.79669947e+012 3.18613920e+012 8.08407904e+011 3.31882740e+011 1.62359617e+011 3.39603840e+010 1.80908164e+009 1.07734590e+008 8.02598036e+006 1.36145077e+006 2.38028087e+005 8.39874329e+004 3.41966317e+004 1.54931607e+004 6.65529408e+003 2.21798232e+003 9.51890427e+002 2.73977234e+002 1.28905438e+002 2.70018757e+001 5.44136977e+000 7.76720559e-002 0.00000000e+000 0.00000000e+000 0.00000000e+000
61432.73353508 0.000000 0.000000 0.000000 6.79669947e+012 3.18613920e+012 8.08407904e+011 3.31882740e+011 1.62359617e+011 3.39603840e+010 1.80908164e+009 1.07734590e+008 8.02598036e+006 1.36145077e+006 2.38028087e+005 8.39874329e+004 3.41966317e+004 1.54931607e+004 6.65529408e+003 2.21798232e+003 9.51890427e+002 2.73977234e+002 1.28905438e+002 2.70018757e+001 5.44136977e+000 7.76720559e-002 0.00000000e+000 0.00000000e+000 0.00000000e+000
61432.92553740 0.000000 0.000000 0.000000 6.79669947e+012 3.18613920e+012 8.08407904e+011 3.31882740e+011 1.62359617e+011 3.39603840e+010 1.80908164e+009 1.07734590e+008 8.02598036e+006 1.36145077e+006 2.38028087e+005 8.39874329e+004 3.41966317e+004 1.54931607e+004 6.65529408e+003 2.21798232e+003 9.51890427e+002 2.73977234e+002 1.28905438e+002 2.70018757e+001 5.44136977e+000 7.76720559e-002 0.00000000e+000 0.00000000e+000 0.00000000e+000
61433.11753971 0.000000 0.000000 0.000000 6.79669947e+012 3.18613920e+012 8.08407904e+011 3.31882740e+011 1.62359617e+011 3.39603840e+010 1.80908164e+009 1.07734590e+008 8.02598036e+006 1.36145077e+006 2.38028087e+005 8.39874329e+004 3.41966317e+004 1.54931607e+004 6.65529408e+003 2.21798232e+003 9.51890427e+002 2.73977234e+002 1.28905438e+002 2.70018757e+001 5.44136977e+000 7.76720559e-002 0.00000000e+000 0.00000000e+000 0.00000000e+000
61433.30954203 0.000000 0.000000 0.000000 6.79669947e+012 3.18613920e+012 8.08407904e+011 3.31882740e+011 1.62359617e+011 3.39603840e+010 1.80908164e+009 1.07734590e+008 8.02598036e+006 1.36145077e+006 2.38028087e+005 8.39874329e+004 3.41966317e+004 1.54931607e+004 6.65529408e+003 2.21798232e+003 9.51890427e+002 2.73977234e+002 1.28905438e+002 2.70018757e+001 5.44136977e+000 7.76720559e-002 0.00000000e+000 0.00000000e+000 0.00000000e+000
61433.50154434 0.000000 0.000000 0.000000 6.79669947e+012 3.18613920e+012 8.08407904e+011 3.31882740e+011 1.62359617e+011 3.39603840e+010 1.80908164e+009 1.07734590e+008 8.02598036e+006 1.36145077e+006 2.38028087e+005 8.39874329e+004 3.41966317e+004 1.54931607e+004 6.65529408e+003 2.21798232e+003 9.51890427e+002 2.73977234e+002 1.28905438e+002 2.70018757e+001 5.44136977e+000 7.76720559e-002 0.00000000e+000 0.00000000e+000 0.00000000e+000
61433.69354666 0.000000 0.000000 0.000000 6.79669947e+012 3.18613920e+012 8.08407904e+011 3.31882740e+011 1.62359617e+011 3.39603840e+010 1.80908164e+009 1.07734590e+008 8.02598036e+006 1.36145077e+006 2.38028087e+005 8.39874329e+004 3.41966317e+004 1.54931607e+004 6.65529408e+003 2.21798232e+003 9.51890427e+002 2.73977234e+002 1.28905438e+002 2.70018757e+001 5.44136977e+000 7.76720559e-002 0.00000000e+000 0.00000000e+000 0.00000000e+000
61433.88554897 0.000000 0.000000 0.000000 6.79669947e+012 3.18613920e+012 8.08407904e+011 3.31882740e+011 1.62359617e+011 3.39603840e+010 1.80908164e+009 1.07734590e+008 8.02598036e+006 1.36145077e+006 2.38028087e+005 8.39874329e+004 3.41966317e+004 1.54931607e+004 6.65529408e+003 2.21798232e+003 9.51890427e+002 2.73977234e+002 1.28905438e+002 2.70018757e+001 5.44136977e+000 7.76720559e-002 0.00000000e+000 0.00000000e+000 0.00000000e+000
61433.90511367 0.000000 0.000000 0.000000 6.79669947e+012 3.18613920e+012 8.08407904e+011 3.31882740e+011 1.62359617e+011 3.39603840e+010 1.80908164e+009 1.07734590e+008 8.02598036e+006 1.36145077e+006 2.38028087e+005 8.39874329e+004 3.41966317e+004 1.54931607e+004 6.65529408e+003 2.21798232e+003 9.51890427e+002 2.73977234e+002 1.28905438e+002 2.70018757e+001 5.44136977e+000 7.76720559e-002 0.00000000e+000 0.00000000e+000 0.00000000e+000
