# Ae9Ap9 Model output file: MoonBEAM_trajectory_trade/Rp18408_COM_8per90prop30inc_Sci.AP9.output_mc_fluenceIntv_030.txt
# Ae9Ap9 Software Version:  1.50.001
#
# Model type:               AP9
# Particle species:         H+
# Flux type:                1PtDiff
# Flux direction:           Omnidirectional
# Energy levels (MeV):       0.1 0.2 0.4 0.6 0.8 1 2 4 6 8 10 15 20 30 50 60 80 100 150 200 300 400 700 1200 2000
#
# Accumulation mode:        Interval, length = 16589 seconds (0.192002 days)
#
# Time format:              Modified Julian Date
# Coordinate system:        GEI (Geocentric Equatorial Inertial) Cartesian in km
# Data Delimiter:           space
#
# datetime(mjd),posx(km),posy(km),posz(km),fluence,fluence,fluence,fluence,fluence,fluence,fluence,fluence,fluence,fluence,fluence,fluence,fluence,fluence,fluence,fluence,fluence,fluence,fluence,fluence,fluence,fluence,fluence,fluence,fluence(#/cm^2/MeV)
61429.66149804 0.000000 0.000000 0.000000 0.00000000e+000 0.00000000e+000 0.00000000e+000 0.00000000e+000 0.00000000e+000 0.00000000e+000 0.00000000e+000 0.00000000e+000 0.00000000e+000 0.00000000e+000 0.00000000e+000 0.00000000e+000 0.00000000e+000 0.00000000e+000 0.00000000e+000 0.00000000e+000 0.00000000e+000 0.00000000e+000 0.00000000e+000 0.00000000e+000 0.00000000e+000 0.00000000e+000 0.00000000e+000 0.00000000e+000 0.00000000e+000
61429.85350036 0.000000 0.000000 0.000000 0.00000000e+000 0.00000000e+000 0.00000000e+000 0.00000000e+000 0.00000000e+000 0.00000000e+000 0.00000000e+000 0.00000000e+000 0.00000000e+000 0.00000000e+000 0.00000000e+000 0.00000000e+000 0.00000000e+000 0.00000000e+000 0.00000000e+000 0.00000000e+000 0.00000000e+000 0.00000000e+000 0.00000000e+000 0.00000000e+000 0.00000000e+000 0.00000000e+000 0.00000000e+000 0.00000000e+000 0.00000000e+000
61430.04550267 0.000000 0.000000 0.000000 0.00000000e+000 0.00000000e+000 0.00000000e+000 0.00000000e+000 0.00000000e+000 0.00000000e+000 0.00000000e+000 0.00000000e+000 0.00000000e+000 0.00000000e+000 0.00000000e+000 0.00000000e+000 0.00000000e+000 0.00000000e+000 0.00000000e+000 0.00000000e+000 0.00000000e+000 0.00000000e+000 0.00000000e+000 0.00000000e+000 0.00000000e+000 0.00000000e+000 0.00000000e+000 0.00000000e+000 0.00000000e+000
61430.23750499 0.000000 0.000000 0.000000 0.00000000e+000 0.00000000e+000 0.00000000e+000 0.00000000e+000 0.00000000e+000 0.00000000e+000 0.00000000e+000 0.00000000e+000 0.00000000e+000 0.00000000e+000 0.00000000e+000 0.00000000e+000 0.00000000e+000 0.00000000e+000 0.00000000e+000 0.00000000e+000 0.00000000e+000 0.00000000e+000 0.00000000e+000 0.00000000e+000 0.00000000e+000 0.00000000e+000 0.00000000e+000 0.00000000e+000 0.00000000e+000
61430.42950730 0.000000 0.000000 0.000000 0.00000000e+000 0.00000000e+000 0.00000000e+000 0.00000000e+000 0.00000000e+000 0.00000000e+000 0.00000000e+000 0.00000000e+000 0.00000000e+000 0.00000000e+000 0.00000000e+000 0.00000000e+000 0.00000000e+000 0.00000000e+000 0.00000000e+000 0.00000000e+000 0.00000000e+000 0.00000000e+000 0.00000000e+000 0.00000000e+000 0.00000000e+000 0.00000000e+000 0.00000000e+000 0.00000000e+000 0.00000000e+000
61430.62150962 0.000000 0.000000 0.000000 0.00000000e+000 0.00000000e+000 0.00000000e+000 0.00000000e+000 0.00000000e+000 0.00000000e+000 0.00000000e+000 0.00000000e+000 0.00000000e+000 0.00000000e+000 0.00000000e+000 0.00000000e+000 0.00000000e+000 0.00000000e+000 0.00000000e+000 0.00000000e+000 0.00000000e+000 0.00000000e+000 0.00000000e+000 0.00000000e+000 0.00000000e+000 0.00000000e+000 0.00000000e+000 0.00000000e+000 0.00000000e+000
61430.81351193 0.000000 0.000000 0.000000 0.00000000e+000 0.00000000e+000 0.00000000e+000 0.00000000e+000 0.00000000e+000 0.00000000e+000 0.00000000e+000 0.00000000e+000 0.00000000e+000 0.00000000e+000 0.00000000e+000 0.00000000e+000 0.00000000e+000 0.00000000e+000 0.00000000e+000 0.00000000e+000 0.00000000e+000 0.00000000e+000 0.00000000e+000 0.00000000e+000 0.00000000e+000 0.00000000e+000 0.00000000e+000 0.00000000e+000 0.00000000e+000
61431.00551425 0.000000 0.000000 0.000000 0.00000000e+000 0.00000000e+000 0.00000000e+000 0.00000000e+000 0.00000000e+000 0.00000000e+000 0.00000000e+000 0.00000000e+000 0.00000000e+000 0.00000000e+000 0.00000000e+000 0.00000000e+000 0.00000000e+000 0.00000000e+000 0.00000000e+000 0.00000000e+000 0.00000000e+000 0.00000000e+000 0.00000000e+000 0.00000000e+000 0.00000000e+000 0.00000000e+000 0.00000000e+000 0.00000000e+000 0.00000000e+000
61431.19751656 0.000000 0.000000 0.000000 0.00000000e+000 0.00000000e+000 0.00000000e+000 0.00000000e+000 0.00000000e+000 0.00000000e+000 0.00000000e+000 0.00000000e+000 0.00000000e+000 0.00000000e+000 0.00000000e+000 0.00000000e+000 0.00000000e+000 0.00000000e+000 0.00000000e+000 0.00000000e+000 0.00000000e+000 0.00000000e+000 0.00000000e+000 0.00000000e+000 0.00000000e+000 0.00000000e+000 0.00000000e+000 0.00000000e+000 0.00000000e+000
61431.38951888 0.000000 0.000000 0.000000 0.00000000e+000 0.00000000e+000 0.00000000e+000 0.00000000e+000 0.00000000e+000 0.00000000e+000 0.00000000e+000 0.00000000e+000 0.00000000e+000 0.00000000e+000 0.00000000e+000 0.00000000e+000 0.00000000e+000 0.00000000e+000 0.00000000e+000 0.00000000e+000 0.00000000e+000 0.00000000e+000 0.00000000e+000 0.00000000e+000 0.00000000e+000 0.00000000e+000 0.00000000e+000 0.00000000e+000 0.00000000e+000
61431.58152119 0.000000 0.000000 0.000000 2.01151955e+008 4.35021712e+007 2.62675254e+006 1.78874549e+005 2.63024373e+004 1.21752749e+003 1.34771056e+001 -2.95761616e-002 0.00000000e+000 0.00000000e+000 0.00000000e+000 0.00000000e+000 0.00000000e+000 0.00000000e+000 0.00000000e+000 0.00000000e+000 0.00000000e+000 0.00000000e+000 0.00000000e+000 0.00000000e+000 0.00000000e+000 0.00000000e+000 0.00000000e+000 0.00000000e+000 0.00000000e+000
61431.77352351 0.000000 0.000000 0.000000 5.70967632e+012 3.35476802e+012 1.44280133e+012 6.67108647e+011 3.56729810e+011 8.28481577e+010 4.38974543e+009 1.53884617e+008 1.07894833e+007 1.93348592e+006 2.58783137e+005 3.89276712e+004 9.20472459e+003 2.94549906e+003 1.06391961e+003 3.40623454e+002 1.21008120e+002 2.37171619e+001 5.97547614e+000 9.49644280e-001 1.77652788e-001 3.14971781e-003 0.00000000e+000 0.00000000e+000 0.00000000e+000
61431.96552582 0.000000 0.000000 0.000000 6.53738938e+012 3.65532189e+012 1.50329453e+012 6.80753211e+011 3.60783959e+011 8.31804627e+010 4.39524116e+009 1.53962889e+008 1.07917555e+007 1.93363631e+006 2.58795549e+005 3.89276848e+004 9.20472459e+003 2.94549906e+003 1.06391961e+003 3.40623454e+002 1.21008120e+002 2.37171619e+001 5.97547614e+000 9.49644280e-001 1.77652788e-001 3.14971781e-003 0.00000000e+000 0.00000000e+000 0.00000000e+000
61432.15752814 0.000000 0.000000 0.000000 6.53738938e+012 3.65532189e+012 1.50329453e+012 6.80753211e+011 3.60783959e+011 8.31804627e+010 4.39524116e+009 1.53962889e+008 1.07917555e+007 1.93363631e+006 2.58795549e+005 3.89276848e+004 9.20472459e+003 2.94549906e+003 1.06391961e+003 3.40623454e+002 1.21008120e+002 2.37171619e+001 5.97547614e+000 9.49644280e-001 1.77652788e-001 3.14971781e-003 0.00000000e+000 0.00000000e+000 0.00000000e+000
61432.34953045 0.000000 0.000000 0.000000 6.53738938e+012 3.65532189e+012 1.50329453e+012 6.80753211e+011 3.60783959e+011 8.31804627e+010 4.39524116e+009 1.53962889e+008 1.07917555e+007 1.93363631e+006 2.58795549e+005 3.89276848e+004 9.20472459e+003 2.94549906e+003 1.06391961e+003 3.40623454e+002 1.21008120e+002 2.37171619e+001 5.97547614e+000 9.49644280e-001 1.77652788e-001 3.14971781e-003 0.00000000e+000 0.00000000e+000 0.00000000e+000
61432.54153277 0.000000 0.000000 0.000000 6.53738938e+012 3.65532189e+012 1.50329453e+012 6.80753211e+011 3.60783959e+011 8.31804627e+010 4.39524116e+009 1.53962889e+008 1.07917555e+007 1.93363631e+006 2.58795549e+005 3.89276848e+004 9.20472459e+003 2.94549906e+003 1.06391961e+003 3.40623454e+002 1.21008120e+002 2.37171619e+001 5.97547614e+000 9.49644280e-001 1.77652788e-001 3.14971781e-003 0.00000000e+000 0.00000000e+000 0.00000000e+000
61432.73353508 0.000000 0.000000 0.000000 6.53738938e+012 3.65532189e+012 1.50329453e+012 6.80753211e+011 3.60783959e+011 8.31804627e+010 4.39524116e+009 1.53962889e+008 1.07917555e+007 1.93363631e+006 2.58795549e+005 3.89276848e+004 9.20472459e+003 2.94549906e+003 1.06391961e+003 3.40623454e+002 1.21008120e+002 2.37171619e+001 5.97547614e+000 9.49644280e-001 1.77652788e-001 3.14971781e-003 0.00000000e+000 0.00000000e+000 0.00000000e+000
61432.92553740 0.000000 0.000000 0.000000 6.53738938e+012 3.65532189e+012 1.50329453e+012 6.80753211e+011 3.60783959e+011 8.31804627e+010 4.39524116e+009 1.53962889e+008 1.07917555e+007 1.93363631e+006 2.58795549e+005 3.89276848e+004 9.20472459e+003 2.94549906e+003 1.06391961e+003 3.40623454e+002 1.21008120e+002 2.37171619e+001 5.97547614e+000 9.49644280e-001 1.77652788e-001 3.14971781e-003 0.00000000e+000 0.00000000e+000 0.00000000e+000
61433.11753971 0.000000 0.000000 0.000000 6.53738938e+012 3.65532189e+012 1.50329453e+012 6.80753211e+011 3.60783959e+011 8.31804627e+010 4.39524116e+009 1.53962889e+008 1.07917555e+007 1.93363631e+006 2.58795549e+005 3.89276848e+004 9.20472459e+003 2.94549906e+003 1.06391961e+003 3.40623454e+002 1.21008120e+002 2.37171619e+001 5.97547614e+000 9.49644280e-001 1.77652788e-001 3.14971781e-003 0.00000000e+000 0.00000000e+000 0.00000000e+000
61433.30954203 0.000000 0.000000 0.000000 6.53738938e+012 3.65532189e+012 1.50329453e+012 6.80753211e+011 3.60783959e+011 8.31804627e+010 4.39524116e+009 1.53962889e+008 1.07917555e+007 1.93363631e+006 2.58795549e+005 3.89276848e+004 9.20472459e+003 2.94549906e+003 1.06391961e+003 3.40623454e+002 1.21008120e+002 2.37171619e+001 5.97547614e+000 9.49644280e-001 1.77652788e-001 3.14971781e-003 0.00000000e+000 0.00000000e+000 0.00000000e+000
61433.50154434 0.000000 0.000000 0.000000 6.53738938e+012 3.65532189e+012 1.50329453e+012 6.80753211e+011 3.60783959e+011 8.31804627e+010 4.39524116e+009 1.53962889e+008 1.07917555e+007 1.93363631e+006 2.58795549e+005 3.89276848e+004 9.20472459e+003 2.94549906e+003 1.06391961e+003 3.40623454e+002 1.21008120e+002 2.37171619e+001 5.97547614e+000 9.49644280e-001 1.77652788e-001 3.14971781e-003 0.00000000e+000 0.00000000e+000 0.00000000e+000
61433.69354666 0.000000 0.000000 0.000000 6.53738938e+012 3.65532189e+012 1.50329453e+012 6.80753211e+011 3.60783959e+011 8.31804627e+010 4.39524116e+009 1.53962889e+008 1.07917555e+007 1.93363631e+006 2.58795549e+005 3.89276848e+004 9.20472459e+003 2.94549906e+003 1.06391961e+003 3.40623454e+002 1.21008120e+002 2.37171619e+001 5.97547614e+000 9.49644280e-001 1.77652788e-001 3.14971781e-003 0.00000000e+000 0.00000000e+000 0.00000000e+000
61433.88554897 0.000000 0.000000 0.000000 6.53738938e+012 3.65532189e+012 1.50329453e+012 6.80753211e+011 3.60783959e+011 8.31804627e+010 4.39524116e+009 1.53962889e+008 1.07917555e+007 1.93363631e+006 2.58795549e+005 3.89276848e+004 9.20472459e+003 2.94549906e+003 1.06391961e+003 3.40623454e+002 1.21008120e+002 2.37171619e+001 5.97547614e+000 9.49644280e-001 1.77652788e-001 3.14971781e-003 0.00000000e+000 0.00000000e+000 0.00000000e+000
61433.90511367 0.000000 0.000000 0.000000 6.53738938e+012 3.65532189e+012 1.50329453e+012 6.80753211e+011 3.60783959e+011 8.31804627e+010 4.39524116e+009 1.53962889e+008 1.07917555e+007 1.93363631e+006 2.58795549e+005 3.89276848e+004 9.20472459e+003 2.94549906e+003 1.06391961e+003 3.40623454e+002 1.21008120e+002 2.37171619e+001 5.97547614e+000 9.49644280e-001 1.77652788e-001 3.14971781e-003 0.00000000e+000 0.00000000e+000 0.00000000e+000
