# Ae9Ap9 Model output file: MoonBEAM_trajectory_trade/Rp18408_COM_8per90prop30inc_Sci.AP9.output_mc_fluenceIntv_021.txt
# Ae9Ap9 Software Version:  1.50.001
#
# Model type:               AP9
# Particle species:         H+
# Flux type:                1PtDiff
# Flux direction:           Omnidirectional
# Energy levels (MeV):       0.1 0.2 0.4 0.6 0.8 1 2 4 6 8 10 15 20 30 50 60 80 100 150 200 300 400 700 1200 2000
#
# Accumulation mode:        Interval, length = 16589 seconds (0.192002 days)
#
# Time format:              Modified Julian Date
# Coordinate system:        GEI (Geocentric Equatorial Inertial) Cartesian in km
# Data Delimiter:           space
#
# datetime(mjd),posx(km),posy(km),posz(km),fluence,fluence,fluence,fluence,fluence,fluence,fluence,fluence,fluence,fluence,fluence,fluence,fluence,fluence,fluence,fluence,fluence,fluence,fluence,fluence,fluence,fluence,fluence,fluence,fluence(#/cm^2/MeV)
61429.66149804 0.000000 0.000000 0.000000 0.00000000e+000 0.00000000e+000 0.00000000e+000 0.00000000e+000 0.00000000e+000 0.00000000e+000 0.00000000e+000 0.00000000e+000 0.00000000e+000 0.00000000e+000 0.00000000e+000 0.00000000e+000 0.00000000e+000 0.00000000e+000 0.00000000e+000 0.00000000e+000 0.00000000e+000 0.00000000e+000 0.00000000e+000 0.00000000e+000 0.00000000e+000 0.00000000e+000 0.00000000e+000 0.00000000e+000 0.00000000e+000
61429.85350036 0.000000 0.000000 0.000000 0.00000000e+000 0.00000000e+000 0.00000000e+000 0.00000000e+000 0.00000000e+000 0.00000000e+000 0.00000000e+000 0.00000000e+000 0.00000000e+000 0.00000000e+000 0.00000000e+000 0.00000000e+000 0.00000000e+000 0.00000000e+000 0.00000000e+000 0.00000000e+000 0.00000000e+000 0.00000000e+000 0.00000000e+000 0.00000000e+000 0.00000000e+000 0.00000000e+000 0.00000000e+000 0.00000000e+000 0.00000000e+000
61430.04550267 0.000000 0.000000 0.000000 0.00000000e+000 0.00000000e+000 0.00000000e+000 0.00000000e+000 0.00000000e+000 0.00000000e+000 0.00000000e+000 0.00000000e+000 0.00000000e+000 0.00000000e+000 0.00000000e+000 0.00000000e+000 0.00000000e+000 0.00000000e+000 0.00000000e+000 0.00000000e+000 0.00000000e+000 0.00000000e+000 0.00000000e+000 0.00000000e+000 0.00000000e+000 0.00000000e+000 0.00000000e+000 0.00000000e+000 0.00000000e+000
61430.23750499 0.000000 0.000000 0.000000 0.00000000e+000 0.00000000e+000 0.00000000e+000 0.00000000e+000 0.00000000e+000 0.00000000e+000 0.00000000e+000 0.00000000e+000 0.00000000e+000 0.00000000e+000 0.00000000e+000 0.00000000e+000 0.00000000e+000 0.00000000e+000 0.00000000e+000 0.00000000e+000 0.00000000e+000 0.00000000e+000 0.00000000e+000 0.00000000e+000 0.00000000e+000 0.00000000e+000 0.00000000e+000 0.00000000e+000 0.00000000e+000
61430.42950730 0.000000 0.000000 0.000000 0.00000000e+000 0.00000000e+000 0.00000000e+000 0.00000000e+000 0.00000000e+000 0.00000000e+000 0.00000000e+000 0.00000000e+000 0.00000000e+000 0.00000000e+000 0.00000000e+000 0.00000000e+000 0.00000000e+000 0.00000000e+000 0.00000000e+000 0.00000000e+000 0.00000000e+000 0.00000000e+000 0.00000000e+000 0.00000000e+000 0.00000000e+000 0.00000000e+000 0.00000000e+000 0.00000000e+000 0.00000000e+000
61430.62150962 0.000000 0.000000 0.000000 0.00000000e+000 0.00000000e+000 0.00000000e+000 0.00000000e+000 0.00000000e+000 0.00000000e+000 0.00000000e+000 0.00000000e+000 0.00000000e+000 0.00000000e+000 0.00000000e+000 0.00000000e+000 0.00000000e+000 0.00000000e+000 0.00000000e+000 0.00000000e+000 0.00000000e+000 0.00000000e+000 0.00000000e+000 0.00000000e+000 0.00000000e+000 0.00000000e+000 0.00000000e+000 0.00000000e+000 0.00000000e+000
61430.81351193 0.000000 0.000000 0.000000 0.00000000e+000 0.00000000e+000 0.00000000e+000 0.00000000e+000 0.00000000e+000 0.00000000e+000 0.00000000e+000 0.00000000e+000 0.00000000e+000 0.00000000e+000 0.00000000e+000 0.00000000e+000 0.00000000e+000 0.00000000e+000 0.00000000e+000 0.00000000e+000 0.00000000e+000 0.00000000e+000 0.00000000e+000 0.00000000e+000 0.00000000e+000 0.00000000e+000 0.00000000e+000 0.00000000e+000 0.00000000e+000
61431.00551425 0.000000 0.000000 0.000000 0.00000000e+000 0.00000000e+000 0.00000000e+000 0.00000000e+000 0.00000000e+000 0.00000000e+000 0.00000000e+000 0.00000000e+000 0.00000000e+000 0.00000000e+000 0.00000000e+000 0.00000000e+000 0.00000000e+000 0.00000000e+000 0.00000000e+000 0.00000000e+000 0.00000000e+000 0.00000000e+000 0.00000000e+000 0.00000000e+000 0.00000000e+000 0.00000000e+000 0.00000000e+000 0.00000000e+000 0.00000000e+000
61431.19751656 0.000000 0.000000 0.000000 0.00000000e+000 0.00000000e+000 0.00000000e+000 0.00000000e+000 0.00000000e+000 0.00000000e+000 0.00000000e+000 0.00000000e+000 0.00000000e+000 0.00000000e+000 0.00000000e+000 0.00000000e+000 0.00000000e+000 0.00000000e+000 0.00000000e+000 0.00000000e+000 0.00000000e+000 0.00000000e+000 0.00000000e+000 0.00000000e+000 0.00000000e+000 0.00000000e+000 0.00000000e+000 0.00000000e+000 0.00000000e+000
61431.38951888 0.000000 0.000000 0.000000 0.00000000e+000 0.00000000e+000 0.00000000e+000 0.00000000e+000 0.00000000e+000 0.00000000e+000 0.00000000e+000 0.00000000e+000 0.00000000e+000 0.00000000e+000 0.00000000e+000 0.00000000e+000 0.00000000e+000 0.00000000e+000 0.00000000e+000 0.00000000e+000 0.00000000e+000 0.00000000e+000 0.00000000e+000 0.00000000e+000 0.00000000e+000 0.00000000e+000 0.00000000e+000 0.00000000e+000 0.00000000e+000
61431.58152119 0.000000 0.000000 0.000000 1.56199242e+008 4.84079785e+007 6.29297067e+006 9.63904234e+005 1.66431699e+005 2.70886393e+003 7.39118160e+000 -1.43836642e-002 0.00000000e+000 0.00000000e+000 0.00000000e+000 0.00000000e+000 0.00000000e+000 0.00000000e+000 0.00000000e+000 0.00000000e+000 0.00000000e+000 0.00000000e+000 0.00000000e+000 0.00000000e+000 0.00000000e+000 0.00000000e+000 0.00000000e+000 0.00000000e+000 0.00000000e+000
61431.77352351 0.000000 0.000000 0.000000 4.30304301e+011 3.82113867e+011 3.62377333e+011 3.03148211e+011 2.29172143e+011 6.84139940e+010 7.72838960e+009 5.78171192e+008 4.30461114e+007 6.16549324e+006 7.11574155e+005 1.21070435e+005 2.24973239e+004 6.95892042e+003 3.21758030e+003 1.86173149e+003 1.26151785e+003 6.60989626e+002 3.36075942e+002 7.35283848e+001 1.07760760e+001 8.81823463e-002 0.00000000e+000 0.00000000e+000 0.00000000e+000
61431.96552582 0.000000 0.000000 0.000000 5.65841524e+011 4.53677670e+011 3.92865492e+011 3.14620130e+011 2.34012704e+011 6.91168774e+010 7.76362158e+009 5.78587485e+008 4.30539258e+007 6.16588017e+006 7.11605611e+005 1.21070452e+005 2.24973239e+004 6.95892042e+003 3.21758030e+003 1.86173149e+003 1.26151785e+003 6.60989626e+002 3.36075942e+002 7.35283848e+001 1.07760760e+001 8.81823463e-002 0.00000000e+000 0.00000000e+000 0.00000000e+000
61432.15752814 0.000000 0.000000 0.000000 5.65841524e+011 4.53677670e+011 3.92865492e+011 3.14620130e+011 2.34012704e+011 6.91168774e+010 7.76362158e+009 5.78587485e+008 4.30539258e+007 6.16588017e+006 7.11605611e+005 1.21070452e+005 2.24973239e+004 6.95892042e+003 3.21758030e+003 1.86173149e+003 1.26151785e+003 6.60989626e+002 3.36075942e+002 7.35283848e+001 1.07760760e+001 8.81823463e-002 0.00000000e+000 0.00000000e+000 0.00000000e+000
61432.34953045 0.000000 0.000000 0.000000 5.65841524e+011 4.53677670e+011 3.92865492e+011 3.14620130e+011 2.34012704e+011 6.91168774e+010 7.76362158e+009 5.78587485e+008 4.30539258e+007 6.16588017e+006 7.11605611e+005 1.21070452e+005 2.24973239e+004 6.95892042e+003 3.21758030e+003 1.86173149e+003 1.26151785e+003 6.60989626e+002 3.36075942e+002 7.35283848e+001 1.07760760e+001 8.81823463e-002 0.00000000e+000 0.00000000e+000 0.00000000e+000
61432.54153277 0.000000 0.000000 0.000000 5.65841524e+011 4.53677670e+011 3.92865492e+011 3.14620130e+011 2.34012704e+011 6.91168774e+010 7.76362158e+009 5.78587485e+008 4.30539258e+007 6.16588017e+006 7.11605611e+005 1.21070452e+005 2.24973239e+004 6.95892042e+003 3.21758030e+003 1.86173149e+003 1.26151785e+003 6.60989626e+002 3.36075942e+002 7.35283848e+001 1.07760760e+001 8.81823463e-002 0.00000000e+000 0.00000000e+000 0.00000000e+000
61432.73353508 0.000000 0.000000 0.000000 5.65841524e+011 4.53677670e+011 3.92865492e+011 3.14620130e+011 2.34012704e+011 6.91168774e+010 7.76362158e+009 5.78587485e+008 4.30539258e+007 6.16588017e+006 7.11605611e+005 1.21070452e+005 2.24973239e+004 6.95892042e+003 3.21758030e+003 1.86173149e+003 1.26151785e+003 6.60989626e+002 3.36075942e+002 7.35283848e+001 1.07760760e+001 8.81823463e-002 0.00000000e+000 0.00000000e+000 0.00000000e+000
61432.92553740 0.000000 0.000000 0.000000 5.65841524e+011 4.53677670e+011 3.92865492e+011 3.14620130e+011 2.34012704e+011 6.91168774e+010 7.76362158e+009 5.78587485e+008 4.30539258e+007 6.16588017e+006 7.11605611e+005 1.21070452e+005 2.24973239e+004 6.95892042e+003 3.21758030e+003 1.86173149e+003 1.26151785e+003 6.60989626e+002 3.36075942e+002 7.35283848e+001 1.07760760e+001 8.81823463e-002 0.00000000e+000 0.00000000e+000 0.00000000e+000
61433.11753971 0.000000 0.000000 0.000000 5.65841524e+011 4.53677670e+011 3.92865492e+011 3.14620130e+011 2.34012704e+011 6.91168774e+010 7.76362158e+009 5.78587485e+008 4.30539258e+007 6.16588017e+006 7.11605611e+005 1.21070452e+005 2.24973239e+004 6.95892042e+003 3.21758030e+003 1.86173149e+003 1.26151785e+003 6.60989626e+002 3.36075942e+002 7.35283848e+001 1.07760760e+001 8.81823463e-002 0.00000000e+000 0.00000000e+000 0.00000000e+000
61433.30954203 0.000000 0.000000 0.000000 5.65841524e+011 4.53677670e+011 3.92865492e+011 3.14620130e+011 2.34012704e+011 6.91168774e+010 7.76362158e+009 5.78587485e+008 4.30539258e+007 6.16588017e+006 7.11605611e+005 1.21070452e+005 2.24973239e+004 6.95892042e+003 3.21758030e+003 1.86173149e+003 1.26151785e+003 6.60989626e+002 3.36075942e+002 7.35283848e+001 1.07760760e+001 8.81823463e-002 0.00000000e+000 0.00000000e+000 0.00000000e+000
61433.50154434 0.000000 0.000000 0.000000 5.65841524e+011 4.53677670e+011 3.92865492e+011 3.14620130e+011 2.34012704e+011 6.91168774e+010 7.76362158e+009 5.78587485e+008 4.30539258e+007 6.16588017e+006 7.11605611e+005 1.21070452e+005 2.24973239e+004 6.95892042e+003 3.21758030e+003 1.86173149e+003 1.26151785e+003 6.60989626e+002 3.36075942e+002 7.35283848e+001 1.07760760e+001 8.81823463e-002 0.00000000e+000 0.00000000e+000 0.00000000e+000
61433.69354666 0.000000 0.000000 0.000000 5.65841524e+011 4.53677670e+011 3.92865492e+011 3.14620130e+011 2.34012704e+011 6.91168774e+010 7.76362158e+009 5.78587485e+008 4.30539258e+007 6.16588017e+006 7.11605611e+005 1.21070452e+005 2.24973239e+004 6.95892042e+003 3.21758030e+003 1.86173149e+003 1.26151785e+003 6.60989626e+002 3.36075942e+002 7.35283848e+001 1.07760760e+001 8.81823463e-002 0.00000000e+000 0.00000000e+000 0.00000000e+000
61433.88554897 0.000000 0.000000 0.000000 5.65841524e+011 4.53677670e+011 3.92865492e+011 3.14620130e+011 2.34012704e+011 6.91168774e+010 7.76362158e+009 5.78587485e+008 4.30539258e+007 6.16588017e+006 7.11605611e+005 1.21070452e+005 2.24973239e+004 6.95892042e+003 3.21758030e+003 1.86173149e+003 1.26151785e+003 6.60989626e+002 3.36075942e+002 7.35283848e+001 1.07760760e+001 8.81823463e-002 0.00000000e+000 0.00000000e+000 0.00000000e+000
61433.90511367 0.000000 0.000000 0.000000 5.65841524e+011 4.53677670e+011 3.92865492e+011 3.14620130e+011 2.34012704e+011 6.91168774e+010 7.76362158e+009 5.78587485e+008 4.30539258e+007 6.16588017e+006 7.11605611e+005 1.21070452e+005 2.24973239e+004 6.95892042e+003 3.21758030e+003 1.86173149e+003 1.26151785e+003 6.60989626e+002 3.36075942e+002 7.35283848e+001 1.07760760e+001 8.81823463e-002 0.00000000e+000 0.00000000e+000 0.00000000e+000
