# Ae9Ap9 Model output file: MoonBEAM_trajectory_trade/Rp18408_COM_8per90prop30inc_Sci.AE9.output_mc_fluenceIntv_006.txt
# Ae9Ap9 Software Version:  1.50.001
#
# Model type:               AE9
# Particle species:         e-
# Flux type:                1PtDiff
# Flux direction:           Omnidirectional
# Energy levels (MeV):       0.04 0.07 0.1 0.25 0.5 0.75 1 1.5 2 2.5 3 3.5 4 4.5 5 5.5 6 6.5 7 8.5 10
#
# Accumulation mode:        Interval, length = 16589 seconds (0.192002 days)
#
# Time format:              Modified Julian Date
# Coordinate system:        GEI (Geocentric Equatorial Inertial) Cartesian in km
# Data Delimiter:           space
#
# datetime(mjd),posx(km),posy(km),posz(km),fluence,fluence,fluence,fluence,fluence,fluence,fluence,fluence,fluence,fluence,fluence,fluence,fluence,fluence,fluence,fluence,fluence,fluence,fluence,fluence,fluence(#/cm^2/MeV)
61429.66149804 0.000000 0.000000 0.000000 0.00000000e+000 0.00000000e+000 0.00000000e+000 0.00000000e+000 0.00000000e+000 0.00000000e+000 0.00000000e+000 0.00000000e+000 0.00000000e+000 0.00000000e+000 0.00000000e+000 0.00000000e+000 0.00000000e+000 0.00000000e+000 0.00000000e+000 0.00000000e+000 0.00000000e+000 0.00000000e+000 0.00000000e+000 0.00000000e+000 0.00000000e+000
61429.85350036 0.000000 0.000000 0.000000 0.00000000e+000 0.00000000e+000 0.00000000e+000 0.00000000e+000 0.00000000e+000 0.00000000e+000 0.00000000e+000 0.00000000e+000 0.00000000e+000 0.00000000e+000 0.00000000e+000 0.00000000e+000 0.00000000e+000 0.00000000e+000 0.00000000e+000 0.00000000e+000 0.00000000e+000 0.00000000e+000 0.00000000e+000 0.00000000e+000 0.00000000e+000
61430.04550267 0.000000 0.000000 0.000000 0.00000000e+000 0.00000000e+000 0.00000000e+000 0.00000000e+000 0.00000000e+000 0.00000000e+000 0.00000000e+000 0.00000000e+000 0.00000000e+000 0.00000000e+000 0.00000000e+000 0.00000000e+000 0.00000000e+000 0.00000000e+000 0.00000000e+000 0.00000000e+000 0.00000000e+000 0.00000000e+000 0.00000000e+000 0.00000000e+000 0.00000000e+000
61430.23750499 0.000000 0.000000 0.000000 0.00000000e+000 0.00000000e+000 0.00000000e+000 0.00000000e+000 0.00000000e+000 0.00000000e+000 0.00000000e+000 0.00000000e+000 0.00000000e+000 0.00000000e+000 0.00000000e+000 0.00000000e+000 0.00000000e+000 0.00000000e+000 0.00000000e+000 0.00000000e+000 0.00000000e+000 0.00000000e+000 0.00000000e+000 0.00000000e+000 0.00000000e+000
61430.42950730 0.000000 0.000000 0.000000 0.00000000e+000 0.00000000e+000 0.00000000e+000 0.00000000e+000 0.00000000e+000 0.00000000e+000 0.00000000e+000 0.00000000e+000 0.00000000e+000 0.00000000e+000 0.00000000e+000 0.00000000e+000 0.00000000e+000 0.00000000e+000 0.00000000e+000 0.00000000e+000 0.00000000e+000 0.00000000e+000 0.00000000e+000 0.00000000e+000 0.00000000e+000
61430.62150962 0.000000 0.000000 0.000000 0.00000000e+000 0.00000000e+000 0.00000000e+000 0.00000000e+000 0.00000000e+000 0.00000000e+000 0.00000000e+000 0.00000000e+000 0.00000000e+000 0.00000000e+000 0.00000000e+000 0.00000000e+000 0.00000000e+000 0.00000000e+000 0.00000000e+000 0.00000000e+000 0.00000000e+000 0.00000000e+000 0.00000000e+000 0.00000000e+000 0.00000000e+000
61430.81351193 0.000000 0.000000 0.000000 0.00000000e+000 0.00000000e+000 0.00000000e+000 0.00000000e+000 0.00000000e+000 0.00000000e+000 0.00000000e+000 0.00000000e+000 0.00000000e+000 0.00000000e+000 0.00000000e+000 0.00000000e+000 0.00000000e+000 0.00000000e+000 0.00000000e+000 0.00000000e+000 0.00000000e+000 0.00000000e+000 0.00000000e+000 0.00000000e+000 0.00000000e+000
61431.00551425 0.000000 0.000000 0.000000 0.00000000e+000 0.00000000e+000 0.00000000e+000 0.00000000e+000 0.00000000e+000 0.00000000e+000 0.00000000e+000 0.00000000e+000 0.00000000e+000 0.00000000e+000 0.00000000e+000 0.00000000e+000 0.00000000e+000 0.00000000e+000 0.00000000e+000 0.00000000e+000 0.00000000e+000 0.00000000e+000 0.00000000e+000 0.00000000e+000 0.00000000e+000
61431.19751656 0.000000 0.000000 0.000000 0.00000000e+000 0.00000000e+000 0.00000000e+000 0.00000000e+000 0.00000000e+000 0.00000000e+000 0.00000000e+000 0.00000000e+000 0.00000000e+000 0.00000000e+000 0.00000000e+000 0.00000000e+000 0.00000000e+000 0.00000000e+000 0.00000000e+000 0.00000000e+000 0.00000000e+000 0.00000000e+000 0.00000000e+000 0.00000000e+000 0.00000000e+000
61431.38951888 0.000000 0.000000 0.000000 0.00000000e+000 0.00000000e+000 0.00000000e+000 0.00000000e+000 0.00000000e+000 0.00000000e+000 0.00000000e+000 0.00000000e+000 0.00000000e+000 0.00000000e+000 0.00000000e+000 0.00000000e+000 0.00000000e+000 0.00000000e+000 0.00000000e+000 0.00000000e+000 0.00000000e+000 0.00000000e+000 0.00000000e+000 0.00000000e+000 0.00000000e+000
61431.58152119 0.000000 0.000000 0.000000 2.97654462e+011 2.37989860e+011 6.16333612e+010 5.13261174e+009 2.38247869e+008 2.40933862e+007 4.35476139e+006 8.45914754e+005 1.96358741e+005 6.32113794e+004 2.79663240e+004 1.44474957e+004 8.67492695e+003 4.26796742e+003 2.09510278e+003 8.52808305e+002 1.02905603e+002 7.30597922e+001 4.46087589e+001 -6.62592833e+000 0.00000000e+000
61431.77352351 0.000000 0.000000 0.000000 1.24216826e+013 9.85114255e+012 3.92494709e+012 9.70197482e+011 1.69009126e+011 4.40603970e+010 1.58041212e+010 3.94325521e+009 7.88279904e+008 1.79298394e+008 4.57417357e+007 1.25420498e+007 4.02822281e+006 1.47053835e+006 6.15151693e+005 2.81230522e+005 1.55381477e+005 9.79727166e+004 5.20916940e+004 2.56166573e+004 1.60686707e+004
61431.96552582 0.000000 0.000000 0.000000 1.84782301e+013 1.43738651e+013 5.37999858e+012 1.20442897e+012 2.02308356e+011 5.41798862e+010 1.95430938e+010 4.85605388e+009 9.57418840e+008 2.17946246e+008 5.55487166e+007 1.52407737e+007 5.02227071e+006 1.85899177e+006 7.77781630e+005 3.50716543e+005 1.92383801e+005 1.20738299e+005 6.31242832e+004 3.01617137e+004 1.85579192e+004
61432.15752814 0.000000 0.000000 0.000000 1.84782301e+013 1.43738651e+013 5.37999858e+012 1.20442897e+012 2.02308356e+011 5.41798862e+010 1.95430938e+010 4.85605388e+009 9.57418840e+008 2.17946246e+008 5.55487166e+007 1.52407737e+007 5.02227071e+006 1.85899177e+006 7.77781630e+005 3.50716543e+005 1.92383801e+005 1.20738299e+005 6.31242832e+004 3.01617137e+004 1.85579192e+004
61432.34953045 0.000000 0.000000 0.000000 1.84782301e+013 1.43738651e+013 5.37999858e+012 1.20442897e+012 2.02308356e+011 5.41798862e+010 1.95430938e+010 4.85605388e+009 9.57418840e+008 2.17946246e+008 5.55487166e+007 1.52407737e+007 5.02227071e+006 1.85899177e+006 7.77781630e+005 3.50716543e+005 1.92383801e+005 1.20738299e+005 6.31242832e+004 3.01617137e+004 1.85579192e+004
61432.54153277 0.000000 0.000000 0.000000 1.84782301e+013 1.43738651e+013 5.37999858e+012 1.20442897e+012 2.02308356e+011 5.41798862e+010 1.95430938e+010 4.85605388e+009 9.57418840e+008 2.17946246e+008 5.55487166e+007 1.52407737e+007 5.02227071e+006 1.85899177e+006 7.77781630e+005 3.50716543e+005 1.92383801e+005 1.20738299e+005 6.31242832e+004 3.01617137e+004 1.85579192e+004
61432.73353508 0.000000 0.000000 0.000000 1.84782301e+013 1.43738651e+013 5.37999858e+012 1.20442897e+012 2.02308356e+011 5.41798862e+010 1.95430938e+010 4.85605388e+009 9.57418840e+008 2.17946246e+008 5.55487166e+007 1.52407737e+007 5.02227071e+006 1.85899177e+006 7.77781630e+005 3.50716543e+005 1.92383801e+005 1.20738299e+005 6.31242832e+004 3.01617137e+004 1.85579192e+004
61432.92553740 0.000000 0.000000 0.000000 1.84782301e+013 1.43738651e+013 5.37999858e+012 1.20442897e+012 2.02308356e+011 5.41798862e+010 1.95430938e+010 4.85605388e+009 9.57418840e+008 2.17946246e+008 5.55487166e+007 1.52407737e+007 5.02227071e+006 1.85899177e+006 7.77781630e+005 3.50716543e+005 1.92383801e+005 1.20738299e+005 6.31242832e+004 3.01617137e+004 1.85579192e+004
61433.11753971 0.000000 0.000000 0.000000 1.84782301e+013 1.43738651e+013 5.37999858e+012 1.20442897e+012 2.02308356e+011 5.41798862e+010 1.95430938e+010 4.85605388e+009 9.57418840e+008 2.17946246e+008 5.55487166e+007 1.52407737e+007 5.02227071e+006 1.85899177e+006 7.77781630e+005 3.50716543e+005 1.92383801e+005 1.20738299e+005 6.31242832e+004 3.01617137e+004 1.85579192e+004
61433.30954203 0.000000 0.000000 0.000000 1.84782301e+013 1.43738651e+013 5.37999858e+012 1.20442897e+012 2.02308356e+011 5.41798862e+010 1.95430938e+010 4.85605388e+009 9.57418840e+008 2.17946246e+008 5.55487166e+007 1.52407737e+007 5.02227071e+006 1.85899177e+006 7.77781630e+005 3.50716543e+005 1.92383801e+005 1.20738299e+005 6.31242832e+004 3.01617137e+004 1.85579192e+004
61433.50154434 0.000000 0.000000 0.000000 1.84782301e+013 1.43738651e+013 5.37999858e+012 1.20442897e+012 2.02308356e+011 5.41798862e+010 1.95430938e+010 4.85605388e+009 9.57418840e+008 2.17946246e+008 5.55487166e+007 1.52407737e+007 5.02227071e+006 1.85899177e+006 7.77781630e+005 3.50716543e+005 1.92383801e+005 1.20738299e+005 6.31242832e+004 3.01617137e+004 1.85579192e+004
61433.69354666 0.000000 0.000000 0.000000 1.84782301e+013 1.43738651e+013 5.37999858e+012 1.20442897e+012 2.02308356e+011 5.41798862e+010 1.95430938e+010 4.85605388e+009 9.57418840e+008 2.17946246e+008 5.55487166e+007 1.52407737e+007 5.02227071e+006 1.85899177e+006 7.77781630e+005 3.50716543e+005 1.92383801e+005 1.20738299e+005 6.31242832e+004 3.01617137e+004 1.85579192e+004
61433.88554897 0.000000 0.000000 0.000000 1.84782301e+013 1.43738651e+013 5.37999858e+012 1.20442897e+012 2.02308356e+011 5.41798862e+010 1.95430938e+010 4.85605388e+009 9.57418840e+008 2.17946246e+008 5.55487166e+007 1.52407737e+007 5.02227071e+006 1.85899177e+006 7.77781630e+005 3.50716543e+005 1.92383801e+005 1.20738299e+005 6.31242832e+004 3.01617137e+004 1.85579192e+004
61433.90511367 0.000000 0.000000 0.000000 1.84782301e+013 1.43738651e+013 5.37999858e+012 1.20442897e+012 2.02308356e+011 5.41798862e+010 1.95430938e+010 4.85605388e+009 9.57418840e+008 2.17946246e+008 5.55487166e+007 1.52407737e+007 5.02227071e+006 1.85899177e+006 7.77781630e+005 3.50716543e+005 1.92383801e+005 1.20738299e+005 6.31242832e+004 3.01617137e+004 1.85579192e+004
