# Ae9Ap9 Model output file: MoonBEAM_trajectory_trade/Rp18408_COM_8per90prop30inc_Tran.AE9.output_mc_fluenceIntv_059.txt
# Ae9Ap9 Software Version:  1.50.001
#
# Model type:               AE9
# Particle species:         e-
# Flux type:                1PtDiff
# Flux direction:           Omnidirectional
# Energy levels (MeV):       0.04 0.07 0.1 0.25 0.5 0.75 1 1.5 2 2.5 3 3.5 4 4.5 5 5.5 6 6.5 7 8.5 10
#
# Accumulation mode:        Interval, length = 13997 seconds (0.162002 days)
#
# Time format:              Modified Julian Date
# Coordinate system:        GEI (Geocentric Equatorial Inertial) Cartesian in km
# Data Delimiter:           space
#
# datetime(mjd),posx(km),posy(km),posz(km),fluence,fluence,fluence,fluence,fluence,fluence,fluence,fluence,fluence,fluence,fluence,fluence,fluence,fluence,fluence,fluence,fluence,fluence,fluence,fluence,fluence(#/cm^2/MeV)
61411.87033565 0.000000 0.000000 0.000000 2.20388319e+013 1.80528983e+013 8.09164382e+012 1.62194382e+012 4.49585811e+011 1.89795816e+011 8.54734907e+010 2.97734247e+010 9.76283755e+009 3.39206508e+009 1.31828615e+009 5.42801897e+008 2.16569754e+008 8.51412222e+007 3.47222108e+007 1.65399128e+007 9.37637696e+006 6.28987111e+006 3.92950528e+006 2.22333861e+006 1.53032523e+006
61412.03233796 0.000000 0.000000 0.000000 4.03723074e+013 3.12035382e+013 1.20101253e+013 2.46911902e+012 6.58933553e+011 2.52078306e+011 1.05959781e+011 3.54984972e+010 1.13863862e+010 3.89299946e+009 1.49385160e+009 6.06909312e+008 2.42823424e+008 9.56538343e+007 3.92993521e+007 1.88255192e+007 1.07545476e+007 7.18080197e+006 4.40897913e+006 2.40519950e+006 1.62099381e+006
61412.19434028 0.000000 0.000000 0.000000 5.12527341e+013 4.06049733e+013 1.62625572e+013 3.53740411e+012 1.04912191e+012 4.32032149e+011 1.95456365e+011 7.14740422e+010 2.30621671e+010 7.39715406e+009 2.76277975e+009 1.14059626e+009 4.79092123e+008 1.96379440e+008 7.97577756e+007 3.60141872e+007 1.99881006e+007 1.34557042e+007 8.75094298e+006 4.97824544e+006 3.36530588e+006
61412.35634259 0.000000 0.000000 0.000000 6.36624865e+013 4.95560305e+013 1.89691145e+013 4.16092727e+012 1.21321488e+012 4.89802611e+011 2.18082618e+011 7.84297895e+010 2.52248170e+010 8.07457775e+009 2.99747510e+009 1.23054110e+009 5.16798119e+008 2.11094519e+008 8.55398396e+007 3.86237493e+007 2.15287463e+007 1.45248445e+007 9.42723414e+006 5.33496103e+006 3.59353287e+006
61412.51834491 0.000000 0.000000 0.000000 7.43096069e+013 5.67325852e+013 2.08450592e+013 4.44219822e+012 1.24405970e+012 4.95014979e+011 2.19253351e+011 7.86710295e+010 2.52767685e+010 8.08879274e+009 3.00345047e+009 1.23343545e+009 5.18284928e+008 2.11735893e+008 8.58073583e+007 3.87414594e+007 2.15979329e+007 1.45687269e+007 9.44986071e+006 5.34283241e+006 3.59742437e+006
61412.68034722 0.000000 0.000000 0.000000 8.70991610e+013 6.58709179e+013 2.41008013e+013 5.33714589e+012 1.50262228e+012 5.96246482e+011 2.62548127e+011 9.40926343e+010 3.01914175e+010 9.70418979e+009 3.62782307e+009 1.49377939e+009 6.26118998e+008 2.55421455e+008 1.03784433e+008 4.71154112e+007 2.63230637e+007 1.77463211e+007 1.14466260e+007 6.48048070e+006 4.37624623e+006
61412.84234954 0.000000 0.000000 0.000000 1.08411869e+014 8.35519908e+013 3.30207994e+013 6.91689963e+012 1.72457521e+012 6.62997614e+011 2.90984834e+011 1.04854489e+011 3.37631814e+010 1.08977970e+010 4.10782510e+009 1.70091925e+009 7.14588027e+008 2.94010612e+008 1.21435455e+008 5.62928726e+007 3.16323888e+007 2.12531755e+007 1.36036230e+007 7.72488478e+006 5.23395578e+006
61413.00435185 0.000000 0.000000 0.000000 1.13720291e+014 8.70211368e+013 3.40238339e+013 7.11677329e+012 1.74835792e+012 6.67644415e+011 2.92152937e+011 1.05140386e+011 3.38381083e+010 1.09194301e+010 4.11581734e+009 1.70420909e+009 7.16142634e+008 2.94668185e+008 1.21715115e+008 5.64221935e+007 3.17109596e+007 2.13060014e+007 1.36327648e+007 7.73810669e+006 5.24205055e+006
61413.16635417 0.000000 0.000000 0.000000 1.14372136e+014 8.74615975e+013 3.41372305e+013 7.13525621e+012 1.74961134e+012 6.67790528e+011 2.92179044e+011 1.05144751e+011 3.38390687e+010 1.09197408e+010 4.11596009e+009 1.70428076e+009 7.16180814e+008 2.94685691e+008 1.21723002e+008 5.64254025e+007 3.17126179e+007 2.13071996e+007 1.36334750e+007 7.73822141e+006 5.24205069e+006
61413.32835648 0.000000 0.000000 0.000000 1.18706587e+014 9.03535327e+013 3.49905157e+013 7.31015733e+012 1.76783129e+012 6.70940092e+011 2.92911927e+011 1.05304733e+011 3.38759689e+010 1.09296668e+010 4.11993366e+009 1.70613350e+009 7.17121397e+008 2.95091832e+008 1.21895682e+008 5.65060659e+007 3.17645127e+007 2.13437361e+007 1.36546857e+007 7.74860113e+006 5.24853181e+006
61413.49035880 0.000000 0.000000 0.000000 1.29724120e+014 9.95814266e+013 3.95372873e+013 8.37286365e+012 1.96369616e+012 7.29942648e+011 3.17974015e+011 1.15065096e+011 3.68063349e+010 1.17719574e+010 4.41808841e+009 1.82251613e+009 7.64335538e+008 3.15067191e+008 1.30767041e+008 6.09222633e+007 3.42888138e+007 2.30176715e+007 1.46853103e+007 8.36836859e+006 5.70009537e+006
61413.65236111 0.000000 0.000000 0.000000 1.35868975e+014 1.04169336e+014 4.12362512e+013 8.89457818e+012 2.10181817e+012 7.80366904e+011 3.40098038e+011 1.23585791e+011 3.92433655e+010 1.24415432e+010 4.64439822e+009 1.90886410e+009 7.99753133e+008 3.30042540e+008 1.37313210e+008 6.40901778e+007 3.60835169e+007 2.42101911e+007 1.54235102e+007 8.80844479e+006 6.02040030e+006
61413.81436343 0.000000 0.000000 0.000000 1.36143748e+014 1.04376098e+014 4.12956795e+013 8.90508983e+012 2.10282240e+012 7.80509899e+011 3.40127907e+011 1.23591226e+011 3.92444646e+010 1.24418452e+010 4.64453211e+009 1.90893049e+009 7.99788718e+008 3.30059022e+008 1.37320630e+008 6.40935886e+007 3.60855543e+007 2.42115804e+007 1.54242914e+007 8.80873896e+006 6.02050013e+006
61413.97636574 0.000000 0.000000 0.000000 1.36143748e+014 1.04376098e+014 4.12956795e+013 8.90508983e+012 2.10282240e+012 7.80509899e+011 3.40127907e+011 1.23591226e+011 3.92444646e+010 1.24418452e+010 4.64453211e+009 1.90893049e+009 7.99788718e+008 3.30059022e+008 1.37320630e+008 6.40935886e+007 3.60855543e+007 2.42115804e+007 1.54242914e+007 8.80873896e+006 6.02050013e+006
61414.13836806 0.000000 0.000000 0.000000 1.36143748e+014 1.04376098e+014 4.12956795e+013 8.90508983e+012 2.10282240e+012 7.80509899e+011 3.40127907e+011 1.23591226e+011 3.92444646e+010 1.24418452e+010 4.64453211e+009 1.90893049e+009 7.99788718e+008 3.30059022e+008 1.37320630e+008 6.40935886e+007 3.60855543e+007 2.42115804e+007 1.54242914e+007 8.80873896e+006 6.02050013e+006
61414.30037037 0.000000 0.000000 0.000000 1.37052840e+014 1.05142505e+014 4.15334843e+013 8.94825376e+012 2.10708823e+012 7.81137108e+011 3.40268129e+011 1.23619758e+011 3.92503490e+010 1.24433622e+010 4.64513372e+009 1.90919700e+009 7.99923582e+008 3.30119975e+008 1.37347834e+008 6.41062623e+007 3.60929232e+007 2.42165918e+007 1.54271765e+007 8.80969706e+006 6.02068223e+006
61414.46237269 0.000000 0.000000 0.000000 1.44156355e+014 1.10874882e+014 4.38084373e+013 9.74866001e+012 2.32334580e+012 8.60854176e+011 3.76632150e+011 1.38041207e+011 4.33415604e+010 1.35201100e+010 4.99421860e+009 2.03825266e+009 8.51243833e+008 3.51507323e+008 1.46799990e+008 6.88630746e+007 3.89341479e+007 2.61952963e+007 1.66982944e+007 9.63147274e+006 6.66925716e+006
61414.62437500 0.000000 0.000000 0.000000 1.55116593e+014 1.20233244e+014 4.84564466e+013 1.09975440e+013 2.55506082e+012 9.24469770e+011 4.03291217e+011 1.48371158e+011 4.62021480e+010 1.42595268e+010 5.23686556e+009 2.12876676e+009 8.88186855e+008 3.67578420e+008 1.54306674e+008 7.27825117e+007 4.13090291e+007 2.78485676e+007 1.77553905e+007 1.03173737e+007 7.21186279e+006
61414.78637731 0.000000 0.000000 0.000000 1.55972424e+014 1.20980773e+014 4.87052498e+013 1.10506305e+013 2.56043753e+012 9.25349219e+011 4.03520760e+011 1.48419848e+011 4.62120899e+010 1.42620284e+010 5.23784385e+009 2.12920860e+009 8.88424660e+008 3.67695015e+008 1.54363488e+008 7.28119560e+007 4.13284777e+007 2.78627842e+007 1.77643509e+007 1.03219363e+007 7.21433908e+006
61414.94837963 0.000000 0.000000 0.000000 1.55972424e+014 1.20980773e+014 4.87052498e+013 1.10506305e+013 2.56043753e+012 9.25349219e+011 4.03520760e+011 1.48419848e+011 4.62120899e+010 1.42620284e+010 5.23784385e+009 2.12920860e+009 8.88424660e+008 3.67695015e+008 1.54363488e+008 7.28119560e+007 4.13284777e+007 2.78627842e+007 1.77643509e+007 1.03219363e+007 7.21433908e+006
61415.11038194 0.000000 0.000000 0.000000 1.55972424e+014 1.20980773e+014 4.87052498e+013 1.10506305e+013 2.56043753e+012 9.25349219e+011 4.03520760e+011 1.48419848e+011 4.62120899e+010 1.42620284e+010 5.23784385e+009 2.12920860e+009 8.88424660e+008 3.67695015e+008 1.54363488e+008 7.28119560e+007 4.13284777e+007 2.78627842e+007 1.77643509e+007 1.03219363e+007 7.21433908e+006
61415.27238426 0.000000 0.000000 0.000000 1.55972424e+014 1.20980773e+014 4.87052498e+013 1.10506305e+013 2.56043753e+012 9.25349219e+011 4.03520760e+011 1.48419848e+011 4.62120899e+010 1.42620284e+010 5.23784385e+009 2.12920860e+009 8.88424660e+008 3.67695015e+008 1.54363488e+008 7.28119560e+007 4.13284777e+007 2.78627842e+007 1.77643509e+007 1.03219363e+007 7.21433908e+006
61415.43438657 0.000000 0.000000 0.000000 1.55972424e+014 1.20980773e+014 4.87052498e+013 1.10506305e+013 2.56043753e+012 9.25349219e+011 4.03520760e+011 1.48419848e+011 4.62120899e+010 1.42620284e+010 5.23784385e+009 2.12920860e+009 8.88424660e+008 3.67695015e+008 1.54363488e+008 7.28119560e+007 4.13284777e+007 2.78627842e+007 1.77643509e+007 1.03219363e+007 7.21433908e+006
61415.59638889 0.000000 0.000000 0.000000 1.55972424e+014 1.20980773e+014 4.87052498e+013 1.10506305e+013 2.56043753e+012 9.25349219e+011 4.03520760e+011 1.48419848e+011 4.62120899e+010 1.42620284e+010 5.23784385e+009 2.12920860e+009 8.88424660e+008 3.67695015e+008 1.54363488e+008 7.28119560e+007 4.13284777e+007 2.78627842e+007 1.77643509e+007 1.03219363e+007 7.21433908e+006
61415.75839120 0.000000 0.000000 0.000000 1.56070263e+014 1.21062672e+014 4.87273570e+013 1.10540373e+013 2.56065265e+012 9.25376350e+011 4.03526697e+011 1.48421031e+011 4.62123213e+010 1.42620850e+010 5.23786267e+009 2.12921608e+009 8.88428199e+008 3.67696275e+008 1.54364097e+008 7.28120660e+007 4.13284759e+007 2.78627827e+007 1.77643501e+007 1.03219363e+007 7.21433908e+006
61415.92039352 0.000000 0.000000 0.000000 1.61667136e+014 1.25626763e+014 5.02665031e+013 1.13950283e+013 2.60980581e+012 9.36790603e+011 4.07139155e+011 1.49425476e+011 4.64219393e+010 1.43035502e+010 5.24860577e+009 2.13252960e+009 8.89804202e+008 3.68296864e+008 1.54633281e+008 7.29369389e+007 4.13997898e+007 2.79101761e+007 1.77911244e+007 1.03386289e+007 7.22787346e+006
61416.08239583 0.000000 0.000000 0.000000 1.75256447e+014 1.37057691e+014 5.55385400e+013 1.22708405e+013 2.75393650e+012 9.73995305e+011 4.23579498e+011 1.56201616e+011 4.89038136e+010 1.51627122e+010 5.62539662e+009 2.28893538e+009 9.53106609e+008 3.96611840e+008 1.68597353e+008 8.06240945e+007 4.59266243e+007 3.09112626e+007 1.96476802e+007 1.15620452e+007 8.19512509e+006
61416.24439815 0.000000 0.000000 0.000000 1.76322758e+014 1.37889711e+014 5.57742310e+013 1.23118983e+013 2.75697451e+012 9.74385157e+011 4.23665900e+011 1.56216857e+011 4.89065321e+010 1.51633039e+010 5.62560819e+009 2.28902574e+009 9.53154089e+008 3.96633307e+008 1.68607064e+008 8.06288153e+007 4.59297097e+007 3.09136692e+007 1.96492564e+007 1.15630760e+007 8.19573186e+006
61416.40640046 0.000000 0.000000 0.000000 1.76322758e+014 1.37889711e+014 5.57742310e+013 1.23118983e+013 2.75697451e+012 9.74385157e+011 4.23665900e+011 1.56216857e+011 4.89065321e+010 1.51633039e+010 5.62560819e+009 2.28902574e+009 9.53154089e+008 3.96633307e+008 1.68607064e+008 8.06288153e+007 4.59297097e+007 3.09136692e+007 1.96492564e+007 1.15630760e+007 8.19573186e+006
61416.56840278 0.000000 0.000000 0.000000 1.76322758e+014 1.37889711e+014 5.57742310e+013 1.23118983e+013 2.75697451e+012 9.74385157e+011 4.23665900e+011 1.56216857e+011 4.89065321e+010 1.51633039e+010 5.62560819e+009 2.28902574e+009 9.53154089e+008 3.96633307e+008 1.68607064e+008 8.06288153e+007 4.59297097e+007 3.09136692e+007 1.96492564e+007 1.15630760e+007 8.19573186e+006
61416.73040509 0.000000 0.000000 0.000000 1.76322758e+014 1.37889711e+014 5.57742310e+013 1.23118983e+013 2.75697451e+012 9.74385157e+011 4.23665900e+011 1.56216857e+011 4.89065321e+010 1.51633039e+010 5.62560819e+009 2.28902574e+009 9.53154089e+008 3.96633307e+008 1.68607064e+008 8.06288153e+007 4.59297097e+007 3.09136692e+007 1.96492564e+007 1.15630760e+007 8.19573186e+006
61416.89240741 0.000000 0.000000 0.000000 1.76322758e+014 1.37889711e+014 5.57742310e+013 1.23118983e+013 2.75697451e+012 9.74385157e+011 4.23665900e+011 1.56216857e+011 4.89065321e+010 1.51633039e+010 5.62560819e+009 2.28902574e+009 9.53154089e+008 3.96633307e+008 1.68607064e+008 8.06288153e+007 4.59297097e+007 3.09136692e+007 1.96492564e+007 1.15630760e+007 8.19573186e+006
61417.05440972 0.000000 0.000000 0.000000 1.76322758e+014 1.37889711e+014 5.57742310e+013 1.23118983e+013 2.75697451e+012 9.74385157e+011 4.23665900e+011 1.56216857e+011 4.89065321e+010 1.51633039e+010 5.62560819e+009 2.28902574e+009 9.53154089e+008 3.96633307e+008 1.68607064e+008 8.06288153e+007 4.59297097e+007 3.09136692e+007 1.96492564e+007 1.15630760e+007 8.19573186e+006
61417.21641204 0.000000 0.000000 0.000000 1.76322758e+014 1.37889711e+014 5.57742310e+013 1.23118983e+013 2.75697451e+012 9.74385157e+011 4.23665900e+011 1.56216857e+011 4.89065321e+010 1.51633039e+010 5.62560819e+009 2.28902574e+009 9.53154089e+008 3.96633307e+008 1.68607064e+008 8.06288153e+007 4.59297097e+007 3.09136692e+007 1.96492564e+007 1.15630760e+007 8.19573186e+006
61417.37841435 0.000000 0.000000 0.000000 1.76322758e+014 1.37889711e+014 5.57742310e+013 1.23118983e+013 2.75697451e+012 9.74385157e+011 4.23665900e+011 1.56216857e+011 4.89065321e+010 1.51633039e+010 5.62560819e+009 2.28902574e+009 9.53154089e+008 3.96633307e+008 1.68607064e+008 8.06288153e+007 4.59297097e+007 3.09136692e+007 1.96492564e+007 1.15630760e+007 8.19573186e+006
61417.54041667 0.000000 0.000000 0.000000 1.76322758e+014 1.37889711e+014 5.57742310e+013 1.23118983e+013 2.75697451e+012 9.74385157e+011 4.23665900e+011 1.56216857e+011 4.89065321e+010 1.51633039e+010 5.62560819e+009 2.28902574e+009 9.53154089e+008 3.96633307e+008 1.68607064e+008 8.06288153e+007 4.59297097e+007 3.09136692e+007 1.96492564e+007 1.15630760e+007 8.19573186e+006
61417.70241898 0.000000 0.000000 0.000000 1.76322758e+014 1.37889711e+014 5.57742310e+013 1.23118983e+013 2.75697451e+012 9.74385157e+011 4.23665900e+011 1.56216857e+011 4.89065321e+010 1.51633039e+010 5.62560819e+009 2.28902574e+009 9.53154089e+008 3.96633307e+008 1.68607064e+008 8.06288153e+007 4.59297097e+007 3.09136692e+007 1.96492564e+007 1.15630760e+007 8.19573186e+006
61417.86442130 0.000000 0.000000 0.000000 1.76322758e+014 1.37889711e+014 5.57742310e+013 1.23118983e+013 2.75697451e+012 9.74385157e+011 4.23665900e+011 1.56216857e+011 4.89065321e+010 1.51633039e+010 5.62560819e+009 2.28902574e+009 9.53154089e+008 3.96633307e+008 1.68607064e+008 8.06288153e+007 4.59297097e+007 3.09136692e+007 1.96492564e+007 1.15630760e+007 8.19573186e+006
61418.02642361 0.000000 0.000000 0.000000 1.76322758e+014 1.37889711e+014 5.57742310e+013 1.23118983e+013 2.75697451e+012 9.74385157e+011 4.23665900e+011 1.56216857e+011 4.89065321e+010 1.51633039e+010 5.62560819e+009 2.28902574e+009 9.53154089e+008 3.96633307e+008 1.68607064e+008 8.06288153e+007 4.59297097e+007 3.09136692e+007 1.96492564e+007 1.15630760e+007 8.19573186e+006
61418.18842593 0.000000 0.000000 0.000000 1.76322840e+014 1.37889758e+014 5.57742175e+013 1.23118957e+013 2.75697401e+012 9.74385104e+011 4.23665890e+011 1.56216855e+011 4.89065317e+010 1.51633038e+010 5.62560810e+009 2.28902572e+009 9.53154081e+008 3.96633307e+008 1.68607064e+008 8.06288153e+007 4.59297097e+007 3.09136692e+007 1.96492564e+007 1.15630760e+007 8.19573186e+006
61418.35042824 0.000000 0.000000 0.000000 1.81000153e+014 1.41618981e+014 5.69558231e+013 1.25390418e+013 2.78836581e+012 9.81435342e+011 4.25721890e+011 1.56746815e+011 4.90362410e+010 1.51976993e+010 5.63696560e+009 2.29383504e+009 9.55745654e+008 3.97956381e+008 1.69298190e+008 8.10236417e+007 4.62108735e+007 3.11304240e+007 1.97905239e+007 1.16423169e+007 8.24793990e+006
61418.51243056 0.000000 0.000000 0.000000 1.91324026e+014 1.50801631e+014 6.14796105e+013 1.39227338e+013 3.03623140e+012 1.06245881e+012 4.57935320e+011 1.64481027e+011 5.02720461e+010 1.54690194e+010 5.72309965e+009 2.32703537e+009 9.70484123e+008 4.04681962e+008 1.72466866e+008 8.26338560e+007 4.72026524e+007 3.18297690e+007 2.02267306e+007 1.19012901e+007 8.43136326e+006
61418.67443287 0.000000 0.000000 0.000000 1.94993888e+014 1.53200247e+014 6.20874093e+013 1.39986531e+013 3.04404546e+012 1.06383931e+012 4.58262646e+011 1.64554147e+011 5.02904655e+010 1.54749162e+010 5.72592763e+009 2.32860474e+009 9.71446346e+008 4.05201792e+008 1.72742629e+008 8.27899028e+007 4.73140897e+007 3.19161984e+007 2.02836009e+007 1.19345001e+007 8.45374107e+006
61418.83643519 0.000000 0.000000 0.000000 1.94993888e+014 1.53200247e+014 6.20874093e+013 1.39986531e+013 3.04404546e+012 1.06383931e+012 4.58262646e+011 1.64554147e+011 5.02904655e+010 1.54749162e+010 5.72592763e+009 2.32860474e+009 9.71446346e+008 4.05201792e+008 1.72742629e+008 8.27899028e+007 4.73140897e+007 3.19161984e+007 2.02836009e+007 1.19345001e+007 8.45374107e+006
61418.99843750 0.000000 0.000000 0.000000 1.94993888e+014 1.53200247e+014 6.20874093e+013 1.39986531e+013 3.04404546e+012 1.06383931e+012 4.58262646e+011 1.64554147e+011 5.02904655e+010 1.54749162e+010 5.72592763e+009 2.32860474e+009 9.71446346e+008 4.05201792e+008 1.72742629e+008 8.27899028e+007 4.73140897e+007 3.19161984e+007 2.02836009e+007 1.19345001e+007 8.45374107e+006
61419.16043981 0.000000 0.000000 0.000000 1.94993888e+014 1.53200247e+014 6.20874093e+013 1.39986531e+013 3.04404546e+012 1.06383931e+012 4.58262646e+011 1.64554147e+011 5.02904655e+010 1.54749162e+010 5.72592763e+009 2.32860474e+009 9.71446346e+008 4.05201792e+008 1.72742629e+008 8.27899028e+007 4.73140897e+007 3.19161984e+007 2.02836009e+007 1.19345001e+007 8.45374107e+006
61419.32244213 0.000000 0.000000 0.000000 1.94993888e+014 1.53200247e+014 6.20874093e+013 1.39986531e+013 3.04404546e+012 1.06383931e+012 4.58262646e+011 1.64554147e+011 5.02904655e+010 1.54749162e+010 5.72592763e+009 2.32860474e+009 9.71446346e+008 4.05201792e+008 1.72742629e+008 8.27899028e+007 4.73140897e+007 3.19161984e+007 2.02836009e+007 1.19345001e+007 8.45374107e+006
61419.48444444 0.000000 0.000000 0.000000 1.94993888e+014 1.53200247e+014 6.20874093e+013 1.39986531e+013 3.04404546e+012 1.06383931e+012 4.58262646e+011 1.64554147e+011 5.02904655e+010 1.54749162e+010 5.72592763e+009 2.32860474e+009 9.71446346e+008 4.05201792e+008 1.72742629e+008 8.27899028e+007 4.73140897e+007 3.19161984e+007 2.02836009e+007 1.19345001e+007 8.45374107e+006
61419.64644676 0.000000 0.000000 0.000000 1.94993888e+014 1.53200247e+014 6.20874093e+013 1.39986531e+013 3.04404546e+012 1.06383931e+012 4.58262646e+011 1.64554147e+011 5.02904655e+010 1.54749162e+010 5.72592763e+009 2.32860474e+009 9.71446346e+008 4.05201792e+008 1.72742629e+008 8.27899028e+007 4.73140897e+007 3.19161984e+007 2.02836009e+007 1.19345001e+007 8.45374107e+006
61419.80844907 0.000000 0.000000 0.000000 1.94993888e+014 1.53200247e+014 6.20874093e+013 1.39986531e+013 3.04404546e+012 1.06383931e+012 4.58262646e+011 1.64554147e+011 5.02904655e+010 1.54749162e+010 5.72592763e+009 2.32860474e+009 9.71446346e+008 4.05201792e+008 1.72742629e+008 8.27899028e+007 4.73140897e+007 3.19161984e+007 2.02836009e+007 1.19345001e+007 8.45374107e+006
61419.97045139 0.000000 0.000000 0.000000 1.94993888e+014 1.53200247e+014 6.20874093e+013 1.39986531e+013 3.04404546e+012 1.06383931e+012 4.58262646e+011 1.64554147e+011 5.02904655e+010 1.54749162e+010 5.72592763e+009 2.32860474e+009 9.71446346e+008 4.05201792e+008 1.72742629e+008 8.27899028e+007 4.73140897e+007 3.19161984e+007 2.02836009e+007 1.19345001e+007 8.45374107e+006
61420.13245370 0.000000 0.000000 0.000000 1.94993888e+014 1.53200247e+014 6.20874093e+013 1.39986531e+013 3.04404546e+012 1.06383931e+012 4.58262646e+011 1.64554147e+011 5.02904655e+010 1.54749162e+010 5.72592763e+009 2.32860474e+009 9.71446346e+008 4.05201792e+008 1.72742629e+008 8.27899028e+007 4.73140897e+007 3.19161984e+007 2.02836009e+007 1.19345001e+007 8.45374107e+006
61420.29445602 0.000000 0.000000 0.000000 1.94993888e+014 1.53200247e+014 6.20874093e+013 1.39986531e+013 3.04404546e+012 1.06383931e+012 4.58262646e+011 1.64554147e+011 5.02904655e+010 1.54749162e+010 5.72592763e+009 2.32860474e+009 9.71446346e+008 4.05201792e+008 1.72742629e+008 8.27899028e+007 4.73140897e+007 3.19161984e+007 2.02836009e+007 1.19345001e+007 8.45374107e+006
61420.45645833 0.000000 0.000000 0.000000 1.94993888e+014 1.53200247e+014 6.20874093e+013 1.39986531e+013 3.04404546e+012 1.06383931e+012 4.58262646e+011 1.64554147e+011 5.02904655e+010 1.54749162e+010 5.72592763e+009 2.32860474e+009 9.71446346e+008 4.05201792e+008 1.72742629e+008 8.27899028e+007 4.73140897e+007 3.19161984e+007 2.02836009e+007 1.19345001e+007 8.45374107e+006
61420.55915852 0.000000 0.000000 0.000000 1.94993888e+014 1.53200247e+014 6.20874093e+013 1.39986531e+013 3.04404546e+012 1.06383931e+012 4.58262646e+011 1.64554147e+011 5.02904655e+010 1.54749162e+010 5.72592763e+009 2.32860474e+009 9.71446346e+008 4.05201792e+008 1.72742629e+008 8.27899028e+007 4.73140897e+007 3.19161984e+007 2.02836009e+007 1.19345001e+007 8.45374107e+006
