# Ae9Ap9 Model output file: MoonBEAM_trajectory_trade/Rp18408_COM_8per90prop30inc_Sci.AP9.output_mc_fluenceIntv_085.txt
# Ae9Ap9 Software Version:  1.50.001
#
# Model type:               AP9
# Particle species:         H+
# Flux type:                1PtDiff
# Flux direction:           Omnidirectional
# Energy levels (MeV):       0.1 0.2 0.4 0.6 0.8 1 2 4 6 8 10 15 20 30 50 60 80 100 150 200 300 400 700 1200 2000
#
# Accumulation mode:        Interval, length = 16589 seconds (0.192002 days)
#
# Time format:              Modified Julian Date
# Coordinate system:        GEI (Geocentric Equatorial Inertial) Cartesian in km
# Data Delimiter:           space
#
# datetime(mjd),posx(km),posy(km),posz(km),fluence,fluence,fluence,fluence,fluence,fluence,fluence,fluence,fluence,fluence,fluence,fluence,fluence,fluence,fluence,fluence,fluence,fluence,fluence,fluence,fluence,fluence,fluence,fluence,fluence(#/cm^2/MeV)
61429.66149804 0.000000 0.000000 0.000000 0.00000000e+000 0.00000000e+000 0.00000000e+000 0.00000000e+000 0.00000000e+000 0.00000000e+000 0.00000000e+000 0.00000000e+000 0.00000000e+000 0.00000000e+000 0.00000000e+000 0.00000000e+000 0.00000000e+000 0.00000000e+000 0.00000000e+000 0.00000000e+000 0.00000000e+000 0.00000000e+000 0.00000000e+000 0.00000000e+000 0.00000000e+000 0.00000000e+000 0.00000000e+000 0.00000000e+000 0.00000000e+000
61429.85350036 0.000000 0.000000 0.000000 0.00000000e+000 0.00000000e+000 0.00000000e+000 0.00000000e+000 0.00000000e+000 0.00000000e+000 0.00000000e+000 0.00000000e+000 0.00000000e+000 0.00000000e+000 0.00000000e+000 0.00000000e+000 0.00000000e+000 0.00000000e+000 0.00000000e+000 0.00000000e+000 0.00000000e+000 0.00000000e+000 0.00000000e+000 0.00000000e+000 0.00000000e+000 0.00000000e+000 0.00000000e+000 0.00000000e+000 0.00000000e+000
61430.04550267 0.000000 0.000000 0.000000 0.00000000e+000 0.00000000e+000 0.00000000e+000 0.00000000e+000 0.00000000e+000 0.00000000e+000 0.00000000e+000 0.00000000e+000 0.00000000e+000 0.00000000e+000 0.00000000e+000 0.00000000e+000 0.00000000e+000 0.00000000e+000 0.00000000e+000 0.00000000e+000 0.00000000e+000 0.00000000e+000 0.00000000e+000 0.00000000e+000 0.00000000e+000 0.00000000e+000 0.00000000e+000 0.00000000e+000 0.00000000e+000
61430.23750499 0.000000 0.000000 0.000000 0.00000000e+000 0.00000000e+000 0.00000000e+000 0.00000000e+000 0.00000000e+000 0.00000000e+000 0.00000000e+000 0.00000000e+000 0.00000000e+000 0.00000000e+000 0.00000000e+000 0.00000000e+000 0.00000000e+000 0.00000000e+000 0.00000000e+000 0.00000000e+000 0.00000000e+000 0.00000000e+000 0.00000000e+000 0.00000000e+000 0.00000000e+000 0.00000000e+000 0.00000000e+000 0.00000000e+000 0.00000000e+000
61430.42950730 0.000000 0.000000 0.000000 0.00000000e+000 0.00000000e+000 0.00000000e+000 0.00000000e+000 0.00000000e+000 0.00000000e+000 0.00000000e+000 0.00000000e+000 0.00000000e+000 0.00000000e+000 0.00000000e+000 0.00000000e+000 0.00000000e+000 0.00000000e+000 0.00000000e+000 0.00000000e+000 0.00000000e+000 0.00000000e+000 0.00000000e+000 0.00000000e+000 0.00000000e+000 0.00000000e+000 0.00000000e+000 0.00000000e+000 0.00000000e+000
61430.62150962 0.000000 0.000000 0.000000 0.00000000e+000 0.00000000e+000 0.00000000e+000 0.00000000e+000 0.00000000e+000 0.00000000e+000 0.00000000e+000 0.00000000e+000 0.00000000e+000 0.00000000e+000 0.00000000e+000 0.00000000e+000 0.00000000e+000 0.00000000e+000 0.00000000e+000 0.00000000e+000 0.00000000e+000 0.00000000e+000 0.00000000e+000 0.00000000e+000 0.00000000e+000 0.00000000e+000 0.00000000e+000 0.00000000e+000 0.00000000e+000
61430.81351193 0.000000 0.000000 0.000000 0.00000000e+000 0.00000000e+000 0.00000000e+000 0.00000000e+000 0.00000000e+000 0.00000000e+000 0.00000000e+000 0.00000000e+000 0.00000000e+000 0.00000000e+000 0.00000000e+000 0.00000000e+000 0.00000000e+000 0.00000000e+000 0.00000000e+000 0.00000000e+000 0.00000000e+000 0.00000000e+000 0.00000000e+000 0.00000000e+000 0.00000000e+000 0.00000000e+000 0.00000000e+000 0.00000000e+000 0.00000000e+000
61431.00551425 0.000000 0.000000 0.000000 0.00000000e+000 0.00000000e+000 0.00000000e+000 0.00000000e+000 0.00000000e+000 0.00000000e+000 0.00000000e+000 0.00000000e+000 0.00000000e+000 0.00000000e+000 0.00000000e+000 0.00000000e+000 0.00000000e+000 0.00000000e+000 0.00000000e+000 0.00000000e+000 0.00000000e+000 0.00000000e+000 0.00000000e+000 0.00000000e+000 0.00000000e+000 0.00000000e+000 0.00000000e+000 0.00000000e+000 0.00000000e+000
61431.19751656 0.000000 0.000000 0.000000 0.00000000e+000 0.00000000e+000 0.00000000e+000 0.00000000e+000 0.00000000e+000 0.00000000e+000 0.00000000e+000 0.00000000e+000 0.00000000e+000 0.00000000e+000 0.00000000e+000 0.00000000e+000 0.00000000e+000 0.00000000e+000 0.00000000e+000 0.00000000e+000 0.00000000e+000 0.00000000e+000 0.00000000e+000 0.00000000e+000 0.00000000e+000 0.00000000e+000 0.00000000e+000 0.00000000e+000 0.00000000e+000
61431.38951888 0.000000 0.000000 0.000000 0.00000000e+000 0.00000000e+000 0.00000000e+000 0.00000000e+000 0.00000000e+000 0.00000000e+000 0.00000000e+000 0.00000000e+000 0.00000000e+000 0.00000000e+000 0.00000000e+000 0.00000000e+000 0.00000000e+000 0.00000000e+000 0.00000000e+000 0.00000000e+000 0.00000000e+000 0.00000000e+000 0.00000000e+000 0.00000000e+000 0.00000000e+000 0.00000000e+000 0.00000000e+000 0.00000000e+000 0.00000000e+000
61431.58152119 0.000000 0.000000 0.000000 1.06057251e+008 3.44508223e+007 5.53977004e+006 1.04188778e+006 2.42441554e+005 8.90454941e+003 3.62122161e+001 -2.64443602e-002 0.00000000e+000 0.00000000e+000 0.00000000e+000 0.00000000e+000 0.00000000e+000 0.00000000e+000 0.00000000e+000 0.00000000e+000 0.00000000e+000 0.00000000e+000 0.00000000e+000 0.00000000e+000 0.00000000e+000 0.00000000e+000 0.00000000e+000 0.00000000e+000 0.00000000e+000
61431.77352351 0.000000 0.000000 0.000000 1.76405139e+012 1.19188380e+012 5.86043874e+011 2.75188962e+011 1.41612178e+011 3.65173286e+010 3.37207387e+009 2.88959790e+008 2.82766394e+007 3.82768854e+006 4.75847301e+005 8.07534043e+004 1.25566536e+004 2.55584570e+003 9.88073861e+002 3.65119875e+002 1.48724764e+002 4.02946629e+001 1.08736900e+001 2.96212807e+000 9.37101762e-001 2.69364532e-002 0.00000000e+000 0.00000000e+000 0.00000000e+000
61431.96552582 0.000000 0.000000 0.000000 2.14077809e+012 1.31814389e+012 6.10920706e+011 2.81217363e+011 1.43567338e+011 3.67590192e+010 3.38407775e+009 2.89179822e+008 2.82819678e+007 3.82795107e+006 4.75867620e+005 8.07534401e+004 1.25566536e+004 2.55584570e+003 9.88073861e+002 3.65119875e+002 1.48724764e+002 4.02946629e+001 1.08736900e+001 2.96212807e+000 9.37101762e-001 2.69364532e-002 0.00000000e+000 0.00000000e+000 0.00000000e+000
61432.15752814 0.000000 0.000000 0.000000 2.14077809e+012 1.31814389e+012 6.10920706e+011 2.81217363e+011 1.43567338e+011 3.67590192e+010 3.38407775e+009 2.89179822e+008 2.82819678e+007 3.82795107e+006 4.75867620e+005 8.07534401e+004 1.25566536e+004 2.55584570e+003 9.88073861e+002 3.65119875e+002 1.48724764e+002 4.02946629e+001 1.08736900e+001 2.96212807e+000 9.37101762e-001 2.69364532e-002 0.00000000e+000 0.00000000e+000 0.00000000e+000
61432.34953045 0.000000 0.000000 0.000000 2.14077809e+012 1.31814389e+012 6.10920706e+011 2.81217363e+011 1.43567338e+011 3.67590192e+010 3.38407775e+009 2.89179822e+008 2.82819678e+007 3.82795107e+006 4.75867620e+005 8.07534401e+004 1.25566536e+004 2.55584570e+003 9.88073861e+002 3.65119875e+002 1.48724764e+002 4.02946629e+001 1.08736900e+001 2.96212807e+000 9.37101762e-001 2.69364532e-002 0.00000000e+000 0.00000000e+000 0.00000000e+000
61432.54153277 0.000000 0.000000 0.000000 2.14077809e+012 1.31814389e+012 6.10920706e+011 2.81217363e+011 1.43567338e+011 3.67590192e+010 3.38407775e+009 2.89179822e+008 2.82819678e+007 3.82795107e+006 4.75867620e+005 8.07534401e+004 1.25566536e+004 2.55584570e+003 9.88073861e+002 3.65119875e+002 1.48724764e+002 4.02946629e+001 1.08736900e+001 2.96212807e+000 9.37101762e-001 2.69364532e-002 0.00000000e+000 0.00000000e+000 0.00000000e+000
61432.73353508 0.000000 0.000000 0.000000 2.14077809e+012 1.31814389e+012 6.10920706e+011 2.81217363e+011 1.43567338e+011 3.67590192e+010 3.38407775e+009 2.89179822e+008 2.82819678e+007 3.82795107e+006 4.75867620e+005 8.07534401e+004 1.25566536e+004 2.55584570e+003 9.88073861e+002 3.65119875e+002 1.48724764e+002 4.02946629e+001 1.08736900e+001 2.96212807e+000 9.37101762e-001 2.69364532e-002 0.00000000e+000 0.00000000e+000 0.00000000e+000
61432.92553740 0.000000 0.000000 0.000000 2.14077809e+012 1.31814389e+012 6.10920706e+011 2.81217363e+011 1.43567338e+011 3.67590192e+010 3.38407775e+009 2.89179822e+008 2.82819678e+007 3.82795107e+006 4.75867620e+005 8.07534401e+004 1.25566536e+004 2.55584570e+003 9.88073861e+002 3.65119875e+002 1.48724764e+002 4.02946629e+001 1.08736900e+001 2.96212807e+000 9.37101762e-001 2.69364532e-002 0.00000000e+000 0.00000000e+000 0.00000000e+000
61433.11753971 0.000000 0.000000 0.000000 2.14077809e+012 1.31814389e+012 6.10920706e+011 2.81217363e+011 1.43567338e+011 3.67590192e+010 3.38407775e+009 2.89179822e+008 2.82819678e+007 3.82795107e+006 4.75867620e+005 8.07534401e+004 1.25566536e+004 2.55584570e+003 9.88073861e+002 3.65119875e+002 1.48724764e+002 4.02946629e+001 1.08736900e+001 2.96212807e+000 9.37101762e-001 2.69364532e-002 0.00000000e+000 0.00000000e+000 0.00000000e+000
61433.30954203 0.000000 0.000000 0.000000 2.14077809e+012 1.31814389e+012 6.10920706e+011 2.81217363e+011 1.43567338e+011 3.67590192e+010 3.38407775e+009 2.89179822e+008 2.82819678e+007 3.82795107e+006 4.75867620e+005 8.07534401e+004 1.25566536e+004 2.55584570e+003 9.88073861e+002 3.65119875e+002 1.48724764e+002 4.02946629e+001 1.08736900e+001 2.96212807e+000 9.37101762e-001 2.69364532e-002 0.00000000e+000 0.00000000e+000 0.00000000e+000
61433.50154434 0.000000 0.000000 0.000000 2.14077809e+012 1.31814389e+012 6.10920706e+011 2.81217363e+011 1.43567338e+011 3.67590192e+010 3.38407775e+009 2.89179822e+008 2.82819678e+007 3.82795107e+006 4.75867620e+005 8.07534401e+004 1.25566536e+004 2.55584570e+003 9.88073861e+002 3.65119875e+002 1.48724764e+002 4.02946629e+001 1.08736900e+001 2.96212807e+000 9.37101762e-001 2.69364532e-002 0.00000000e+000 0.00000000e+000 0.00000000e+000
61433.69354666 0.000000 0.000000 0.000000 2.14077809e+012 1.31814389e+012 6.10920706e+011 2.81217363e+011 1.43567338e+011 3.67590192e+010 3.38407775e+009 2.89179822e+008 2.82819678e+007 3.82795107e+006 4.75867620e+005 8.07534401e+004 1.25566536e+004 2.55584570e+003 9.88073861e+002 3.65119875e+002 1.48724764e+002 4.02946629e+001 1.08736900e+001 2.96212807e+000 9.37101762e-001 2.69364532e-002 0.00000000e+000 0.00000000e+000 0.00000000e+000
61433.88554897 0.000000 0.000000 0.000000 2.14077809e+012 1.31814389e+012 6.10920706e+011 2.81217363e+011 1.43567338e+011 3.67590192e+010 3.38407775e+009 2.89179822e+008 2.82819678e+007 3.82795107e+006 4.75867620e+005 8.07534401e+004 1.25566536e+004 2.55584570e+003 9.88073861e+002 3.65119875e+002 1.48724764e+002 4.02946629e+001 1.08736900e+001 2.96212807e+000 9.37101762e-001 2.69364532e-002 0.00000000e+000 0.00000000e+000 0.00000000e+000
61433.90511367 0.000000 0.000000 0.000000 2.14077809e+012 1.31814389e+012 6.10920706e+011 2.81217363e+011 1.43567338e+011 3.67590192e+010 3.38407775e+009 2.89179822e+008 2.82819678e+007 3.82795107e+006 4.75867620e+005 8.07534401e+004 1.25566536e+004 2.55584570e+003 9.88073861e+002 3.65119875e+002 1.48724764e+002 4.02946629e+001 1.08736900e+001 2.96212807e+000 9.37101762e-001 2.69364532e-002 0.00000000e+000 0.00000000e+000 0.00000000e+000
