# Ae9Ap9 Model output file: MoonBEAM_trajectory_trade/Rp18408_COM_8per90prop30inc_Sci.AE9.output_mc_fluenceIntv_045.txt
# Ae9Ap9 Software Version:  1.50.001
#
# Model type:               AE9
# Particle species:         e-
# Flux type:                1PtDiff
# Flux direction:           Omnidirectional
# Energy levels (MeV):       0.04 0.07 0.1 0.25 0.5 0.75 1 1.5 2 2.5 3 3.5 4 4.5 5 5.5 6 6.5 7 8.5 10
#
# Accumulation mode:        Interval, length = 16589 seconds (0.192002 days)
#
# Time format:              Modified Julian Date
# Coordinate system:        GEI (Geocentric Equatorial Inertial) Cartesian in km
# Data Delimiter:           space
#
# datetime(mjd),posx(km),posy(km),posz(km),fluence,fluence,fluence,fluence,fluence,fluence,fluence,fluence,fluence,fluence,fluence,fluence,fluence,fluence,fluence,fluence,fluence,fluence,fluence,fluence,fluence(#/cm^2/MeV)
61429.66149804 0.000000 0.000000 0.000000 0.00000000e+000 0.00000000e+000 0.00000000e+000 0.00000000e+000 0.00000000e+000 0.00000000e+000 0.00000000e+000 0.00000000e+000 0.00000000e+000 0.00000000e+000 0.00000000e+000 0.00000000e+000 0.00000000e+000 0.00000000e+000 0.00000000e+000 0.00000000e+000 0.00000000e+000 0.00000000e+000 0.00000000e+000 0.00000000e+000 0.00000000e+000
61429.85350036 0.000000 0.000000 0.000000 0.00000000e+000 0.00000000e+000 0.00000000e+000 0.00000000e+000 0.00000000e+000 0.00000000e+000 0.00000000e+000 0.00000000e+000 0.00000000e+000 0.00000000e+000 0.00000000e+000 0.00000000e+000 0.00000000e+000 0.00000000e+000 0.00000000e+000 0.00000000e+000 0.00000000e+000 0.00000000e+000 0.00000000e+000 0.00000000e+000 0.00000000e+000
61430.04550267 0.000000 0.000000 0.000000 0.00000000e+000 0.00000000e+000 0.00000000e+000 0.00000000e+000 0.00000000e+000 0.00000000e+000 0.00000000e+000 0.00000000e+000 0.00000000e+000 0.00000000e+000 0.00000000e+000 0.00000000e+000 0.00000000e+000 0.00000000e+000 0.00000000e+000 0.00000000e+000 0.00000000e+000 0.00000000e+000 0.00000000e+000 0.00000000e+000 0.00000000e+000
61430.23750499 0.000000 0.000000 0.000000 0.00000000e+000 0.00000000e+000 0.00000000e+000 0.00000000e+000 0.00000000e+000 0.00000000e+000 0.00000000e+000 0.00000000e+000 0.00000000e+000 0.00000000e+000 0.00000000e+000 0.00000000e+000 0.00000000e+000 0.00000000e+000 0.00000000e+000 0.00000000e+000 0.00000000e+000 0.00000000e+000 0.00000000e+000 0.00000000e+000 0.00000000e+000
61430.42950730 0.000000 0.000000 0.000000 0.00000000e+000 0.00000000e+000 0.00000000e+000 0.00000000e+000 0.00000000e+000 0.00000000e+000 0.00000000e+000 0.00000000e+000 0.00000000e+000 0.00000000e+000 0.00000000e+000 0.00000000e+000 0.00000000e+000 0.00000000e+000 0.00000000e+000 0.00000000e+000 0.00000000e+000 0.00000000e+000 0.00000000e+000 0.00000000e+000 0.00000000e+000
61430.62150962 0.000000 0.000000 0.000000 0.00000000e+000 0.00000000e+000 0.00000000e+000 0.00000000e+000 0.00000000e+000 0.00000000e+000 0.00000000e+000 0.00000000e+000 0.00000000e+000 0.00000000e+000 0.00000000e+000 0.00000000e+000 0.00000000e+000 0.00000000e+000 0.00000000e+000 0.00000000e+000 0.00000000e+000 0.00000000e+000 0.00000000e+000 0.00000000e+000 0.00000000e+000
61430.81351193 0.000000 0.000000 0.000000 0.00000000e+000 0.00000000e+000 0.00000000e+000 0.00000000e+000 0.00000000e+000 0.00000000e+000 0.00000000e+000 0.00000000e+000 0.00000000e+000 0.00000000e+000 0.00000000e+000 0.00000000e+000 0.00000000e+000 0.00000000e+000 0.00000000e+000 0.00000000e+000 0.00000000e+000 0.00000000e+000 0.00000000e+000 0.00000000e+000 0.00000000e+000
61431.00551425 0.000000 0.000000 0.000000 0.00000000e+000 0.00000000e+000 0.00000000e+000 0.00000000e+000 0.00000000e+000 0.00000000e+000 0.00000000e+000 0.00000000e+000 0.00000000e+000 0.00000000e+000 0.00000000e+000 0.00000000e+000 0.00000000e+000 0.00000000e+000 0.00000000e+000 0.00000000e+000 0.00000000e+000 0.00000000e+000 0.00000000e+000 0.00000000e+000 0.00000000e+000
61431.19751656 0.000000 0.000000 0.000000 0.00000000e+000 0.00000000e+000 0.00000000e+000 0.00000000e+000 0.00000000e+000 0.00000000e+000 0.00000000e+000 0.00000000e+000 0.00000000e+000 0.00000000e+000 0.00000000e+000 0.00000000e+000 0.00000000e+000 0.00000000e+000 0.00000000e+000 0.00000000e+000 0.00000000e+000 0.00000000e+000 0.00000000e+000 0.00000000e+000 0.00000000e+000
61431.38951888 0.000000 0.000000 0.000000 0.00000000e+000 0.00000000e+000 0.00000000e+000 0.00000000e+000 0.00000000e+000 0.00000000e+000 0.00000000e+000 0.00000000e+000 0.00000000e+000 0.00000000e+000 0.00000000e+000 0.00000000e+000 0.00000000e+000 0.00000000e+000 0.00000000e+000 0.00000000e+000 0.00000000e+000 0.00000000e+000 0.00000000e+000 0.00000000e+000 0.00000000e+000
61431.58152119 0.000000 0.000000 0.000000 1.22028886e+011 9.67932814e+010 2.49253177e+010 1.30438301e+009 4.30294601e+007 4.20126317e+006 8.06044588e+005 2.19346991e+005 7.13528639e+004 2.38161172e+004 1.13911576e+004 6.06741533e+003 3.42051937e+003 1.51856356e+003 5.91717571e+002 1.87242253e+002 2.41350907e+001 1.40094551e+001 6.39396281e+000 -5.92803469e-001 0.00000000e+000
61431.77352351 0.000000 0.000000 0.000000 6.39104312e+012 5.31552269e+012 2.24512958e+012 5.01420550e+011 1.68356041e+011 7.20580338e+010 3.28711216e+010 1.07307230e+010 3.73448860e+009 1.36443742e+009 5.47018912e+008 2.39415141e+008 1.03261110e+008 4.31305665e+007 1.60298519e+007 6.31072331e+006 2.94983939e+006 1.77996644e+006 9.98904506e+005 4.14497397e+005 2.10673832e+005
61431.96552582 0.000000 0.000000 0.000000 8.44113655e+012 7.22553432e+012 3.09657814e+012 7.25560564e+011 2.45911506e+011 1.06962696e+011 4.81336656e+010 1.56812802e+010 5.32230175e+009 1.86350111e+009 7.25934168e+008 3.17582318e+008 1.39682297e+008 5.95159673e+007 2.20863598e+007 8.57552176e+006 3.98362754e+006 2.42113080e+006 1.36709296e+006 5.73648871e+005 2.94389760e+005
61432.15752814 0.000000 0.000000 0.000000 8.44113655e+012 7.22553432e+012 3.09657814e+012 7.25560564e+011 2.45911506e+011 1.06962696e+011 4.81336656e+010 1.56812802e+010 5.32230175e+009 1.86350111e+009 7.25934168e+008 3.17582318e+008 1.39682297e+008 5.95159673e+007 2.20863598e+007 8.57552176e+006 3.98362754e+006 2.42113080e+006 1.36709296e+006 5.73648871e+005 2.94389760e+005
61432.34953045 0.000000 0.000000 0.000000 8.44113655e+012 7.22553432e+012 3.09657814e+012 7.25560564e+011 2.45911506e+011 1.06962696e+011 4.81336656e+010 1.56812802e+010 5.32230175e+009 1.86350111e+009 7.25934168e+008 3.17582318e+008 1.39682297e+008 5.95159673e+007 2.20863598e+007 8.57552176e+006 3.98362754e+006 2.42113080e+006 1.36709296e+006 5.73648871e+005 2.94389760e+005
61432.54153277 0.000000 0.000000 0.000000 8.44113655e+012 7.22553432e+012 3.09657814e+012 7.25560564e+011 2.45911506e+011 1.06962696e+011 4.81336656e+010 1.56812802e+010 5.32230175e+009 1.86350111e+009 7.25934168e+008 3.17582318e+008 1.39682297e+008 5.95159673e+007 2.20863598e+007 8.57552176e+006 3.98362754e+006 2.42113080e+006 1.36709296e+006 5.73648871e+005 2.94389760e+005
61432.73353508 0.000000 0.000000 0.000000 8.44113655e+012 7.22553432e+012 3.09657814e+012 7.25560564e+011 2.45911506e+011 1.06962696e+011 4.81336656e+010 1.56812802e+010 5.32230175e+009 1.86350111e+009 7.25934168e+008 3.17582318e+008 1.39682297e+008 5.95159673e+007 2.20863598e+007 8.57552176e+006 3.98362754e+006 2.42113080e+006 1.36709296e+006 5.73648871e+005 2.94389760e+005
61432.92553740 0.000000 0.000000 0.000000 8.44113655e+012 7.22553432e+012 3.09657814e+012 7.25560564e+011 2.45911506e+011 1.06962696e+011 4.81336656e+010 1.56812802e+010 5.32230175e+009 1.86350111e+009 7.25934168e+008 3.17582318e+008 1.39682297e+008 5.95159673e+007 2.20863598e+007 8.57552176e+006 3.98362754e+006 2.42113080e+006 1.36709296e+006 5.73648871e+005 2.94389760e+005
61433.11753971 0.000000 0.000000 0.000000 8.44113655e+012 7.22553432e+012 3.09657814e+012 7.25560564e+011 2.45911506e+011 1.06962696e+011 4.81336656e+010 1.56812802e+010 5.32230175e+009 1.86350111e+009 7.25934168e+008 3.17582318e+008 1.39682297e+008 5.95159673e+007 2.20863598e+007 8.57552176e+006 3.98362754e+006 2.42113080e+006 1.36709296e+006 5.73648871e+005 2.94389760e+005
61433.30954203 0.000000 0.000000 0.000000 8.44113655e+012 7.22553432e+012 3.09657814e+012 7.25560564e+011 2.45911506e+011 1.06962696e+011 4.81336656e+010 1.56812802e+010 5.32230175e+009 1.86350111e+009 7.25934168e+008 3.17582318e+008 1.39682297e+008 5.95159673e+007 2.20863598e+007 8.57552176e+006 3.98362754e+006 2.42113080e+006 1.36709296e+006 5.73648871e+005 2.94389760e+005
61433.50154434 0.000000 0.000000 0.000000 8.44113655e+012 7.22553432e+012 3.09657814e+012 7.25560564e+011 2.45911506e+011 1.06962696e+011 4.81336656e+010 1.56812802e+010 5.32230175e+009 1.86350111e+009 7.25934168e+008 3.17582318e+008 1.39682297e+008 5.95159673e+007 2.20863598e+007 8.57552176e+006 3.98362754e+006 2.42113080e+006 1.36709296e+006 5.73648871e+005 2.94389760e+005
61433.69354666 0.000000 0.000000 0.000000 8.44113655e+012 7.22553432e+012 3.09657814e+012 7.25560564e+011 2.45911506e+011 1.06962696e+011 4.81336656e+010 1.56812802e+010 5.32230175e+009 1.86350111e+009 7.25934168e+008 3.17582318e+008 1.39682297e+008 5.95159673e+007 2.20863598e+007 8.57552176e+006 3.98362754e+006 2.42113080e+006 1.36709296e+006 5.73648871e+005 2.94389760e+005
61433.88554897 0.000000 0.000000 0.000000 8.44113655e+012 7.22553432e+012 3.09657814e+012 7.25560564e+011 2.45911506e+011 1.06962696e+011 4.81336656e+010 1.56812802e+010 5.32230175e+009 1.86350111e+009 7.25934168e+008 3.17582318e+008 1.39682297e+008 5.95159673e+007 2.20863598e+007 8.57552176e+006 3.98362754e+006 2.42113080e+006 1.36709296e+006 5.73648871e+005 2.94389760e+005
61433.90511367 0.000000 0.000000 0.000000 8.44113655e+012 7.22553432e+012 3.09657814e+012 7.25560564e+011 2.45911506e+011 1.06962696e+011 4.81336656e+010 1.56812802e+010 5.32230175e+009 1.86350111e+009 7.25934168e+008 3.17582318e+008 1.39682297e+008 5.95159673e+007 2.20863598e+007 8.57552176e+006 3.98362754e+006 2.42113080e+006 1.36709296e+006 5.73648871e+005 2.94389760e+005
