# Ae9Ap9 Model output file: MoonBEAM_trajectory_trade/Rp18408_COM_8per90prop30inc_Tran.AE9.output_mc_fluxIntvAvg_076.txt
# Ae9Ap9 Software Version:  1.50.001
#
# Model type:               AE9
# Particle species:         e-
# Flux type:                1PtDiff
# Flux direction:           Omnidirectional
# Energy levels (MeV):       0.04 0.07 0.1 0.25 0.5 0.75 1 1.5 2 2.5 3 3.5 4 4.5 5 5.5 6 6.5 7 8.5 10
#
# Accumulation mode:        Interval, length = 13997 seconds (0.162002 days)
#
# Time format:              Modified Julian Date
# Coordinate system:        GEI (Geocentric Equatorial Inertial) Cartesian in km
# Data Delimiter:           space
#
# datetime(mjd),posx(km),posy(km),posz(km),flux,flux,flux,flux,flux,flux,flux,flux,flux,flux,flux,flux,flux,flux,flux,flux,flux,flux,flux,flux,flux(#/cm^2/s/MeV)
61411.87033565 0.000000 0.000000 0.000000 1.92904087e+007 1.04505529e+007 4.40562398e+006 2.19559046e+006 1.54619361e+006 8.38736096e+005 3.96334561e+005 1.35479653e+005 4.73510485e+004 2.15719514e+004 1.11861355e+004 5.55511604e+003 2.64871532e+003 1.26652694e+003 6.03815263e+002 3.27405184e+002 1.99666086e+002 1.38535936e+002 8.00461452e+001 3.80567402e+001 2.23464110e+001
61412.03233796 0.000000 0.000000 0.000000 3.02975500e+007 1.97752347e+007 8.01958782e+006 1.84774801e+006 9.40224582e+005 2.93748692e+005 8.20163776e+004 1.87953136e+004 4.79419049e+003 2.15994816e+003 1.44107155e+003 9.67174520e+002 6.01979925e+002 3.31838604e+002 1.82249469e+002 1.05318269e+002 6.86396278e+001 4.85570587e+001 2.84722490e+001 1.41009382e+001 8.61741737e+000
61412.19434028 0.000000 0.000000 0.000000 1.83545950e+007 1.06074830e+007 3.86658160e+006 1.38094876e+006 7.65344489e+005 3.08987751e+005 1.11785411e+005 3.72316189e+004 1.53226740e+004 6.12772215e+003 2.72597764e+003 1.27328553e+003 6.39071598e+002 3.31101674e+002 1.64706085e+002 8.41839224e+001 4.74763112e+001 3.15905183e+001 1.84833959e+001 9.27361031e+000 5.74241349e+000
61412.35634259 0.000000 0.000000 0.000000 8.46428219e+007 4.73866705e+007 1.42049054e+007 2.03687602e+006 5.45223034e+005 1.41702309e+005 3.83790369e+004 8.99463674e+003 2.59672977e+003 9.10878829e+002 3.99173048e+002 1.94944377e+002 1.07878895e+002 6.10199592e+001 3.50988455e+001 2.05014170e+001 1.30715183e+001 9.22620323e+000 5.66526886e+000 3.14273336e+000 2.13073156e+000
61412.51834491 0.000000 0.000000 0.000000 1.38044437e+008 7.27761617e+007 1.80305718e+007 1.60700696e+006 1.20607003e+005 1.17740646e+004 1.82607389e+003 3.11713040e+002 6.13059954e+001 2.06704690e+001 1.33374871e+001 1.00745254e+001 7.23993578e+000 3.84613475e+000 1.86303455e+000 9.76993404e-001 7.23684805e-001 6.26763450e-001 4.75605616e-001 3.63390375e-001 3.08149402e-001
61412.68034722 0.000000 0.000000 0.000000 2.39584991e+008 1.12374016e+008 3.01569415e+007 2.75869989e+006 3.72945827e+005 6.93382191e+004 1.54040930e+004 3.82869877e+003 2.01140792e+003 9.98096521e+002 5.23126946e+002 2.60646057e+002 1.34659447e+002 7.43210610e+001 4.33785576e+001 2.56567265e+001 1.59161825e+001 1.09609872e+001 6.88100916e+000 4.08135550e+000 2.94869020e+000
61412.84234954 0.000000 0.000000 0.000000 3.15539877e+008 1.57420465e+008 5.15829132e+007 5.67643605e+006 6.12660138e+005 6.39786769e+004 1.55423120e+004 6.73371204e+003 3.63471571e+003 1.68821645e+003 8.62151225e+002 4.25519643e+002 2.23434532e+002 1.35795996e+002 9.05477518e+001 6.25668661e+001 4.32242725e+001 3.17817105e+001 2.07323814e+001 1.32054784e+001 9.80121073e+000
61413.00435185 0.000000 0.000000 0.000000 2.78235272e+008 1.27957068e+008 2.75134991e+007 2.41352058e+006 1.14739063e+005 8.36795355e+003 1.02676684e+003 1.51576858e+002 2.26549994e+001 4.82564712e+000 1.99767956e+000 1.28321001e+000 9.64007178e-001 5.28408836e-001 2.54645704e-001 1.27319568e-001 9.98611120e-002 9.87107902e-002 8.81761137e-002 9.62200326e-002 9.52807763e-002
61413.16635417 0.000000 0.000000 0.000000 2.38831503e+007 1.13327292e+007 1.98034658e+006 1.57625337e+005 5.53598647e+003 4.54400073e+002 8.13871432e+001 1.76140426e+001 4.13435158e+000 1.44292467e+000 6.89942317e-001 3.38113720e-001 1.77630372e-001 7.76528564e-002 3.68862748e-002 1.65870235e-002 1.19263147e-002 1.23916676e-002 1.02616932e-002 5.37414471e-003 1.35140279e-005
61413.32835648 0.000000 0.000000 0.000000 1.84432636e+008 9.45480987e+007 2.28961296e+007 3.24045468e+006 2.11037606e+005 1.87932807e+004 2.96659675e+003 5.40232660e+002 1.06036076e+002 2.68819609e+001 1.19221405e+001 6.97048017e+000 4.32792831e+000 2.08333528e+000 9.50705051e-001 4.85549217e-001 3.70641385e-001 3.41642911e-001 2.81344867e-001 2.66424823e-001 2.32006847e-001
61413.49035880 0.000000 0.000000 0.000000 1.94818905e+008 1.00843037e+008 3.43227459e+007 4.79345248e+006 5.47091052e+005 7.90270271e+004 1.74153673e+004 4.61838326e+003 1.41555294e+003 4.13210725e+002 1.55963020e+002 6.50465186e+001 3.07812122e+001 1.61597215e+001 9.61262847e+000 5.95116868e+000 3.98182869e+000 2.85897356e+000 1.84048982e+000 1.13764549e+000 8.49420701e-001
61413.65236111 0.000000 0.000000 0.000000 1.69096428e+008 8.80781043e+007 2.65073951e+007 5.34307066e+006 6.55364127e+005 1.06951216e+005 2.39878297e+004 5.79024647e+003 1.46633324e+003 3.62925802e+002 1.34698145e+002 5.90235073e+001 2.98324561e+001 1.51604303e+001 8.40668011e+000 4.92978497e+000 3.35459855e+000 2.50364812e+000 1.68276954e+000 1.13284421e+000 8.92487595e-001
61413.81436343 0.000000 0.000000 0.000000 6.75169002e+006 4.22914729e+006 1.07069970e+006 2.27582767e+005 1.53479038e+004 1.44292429e+003 2.75914867e+002 5.46716864e+001 1.23952298e+001 3.88491999e+000 1.92402090e+000 1.01271630e+000 5.79462249e-001 2.84905045e-001 1.48386366e-001 8.13860780e-002 6.03040172e-002 5.44114723e-002 4.17191982e-002 3.29404129e-002 1.62953449e-002
61413.97636574 0.000000 0.000000 0.000000 0.00000000e+000 0.00000000e+000 0.00000000e+000 0.00000000e+000 0.00000000e+000 0.00000000e+000 0.00000000e+000 0.00000000e+000 0.00000000e+000 0.00000000e+000 0.00000000e+000 0.00000000e+000 0.00000000e+000 0.00000000e+000 0.00000000e+000 0.00000000e+000 0.00000000e+000 0.00000000e+000 0.00000000e+000 0.00000000e+000 0.00000000e+000
61414.13836806 0.000000 0.000000 0.000000 0.00000000e+000 0.00000000e+000 0.00000000e+000 0.00000000e+000 0.00000000e+000 0.00000000e+000 0.00000000e+000 0.00000000e+000 0.00000000e+000 0.00000000e+000 0.00000000e+000 0.00000000e+000 0.00000000e+000 0.00000000e+000 0.00000000e+000 0.00000000e+000 0.00000000e+000 0.00000000e+000 0.00000000e+000 0.00000000e+000 0.00000000e+000
61414.30037037 0.000000 0.000000 0.000000 1.65032312e+006 1.45470077e+006 6.37209274e+005 4.24995992e+005 7.03929485e+004 9.01294531e+003 1.82443259e+003 3.87207224e+002 9.73940357e+001 3.63998358e+001 2.08410799e+001 1.25322054e+001 8.15305680e+000 4.78458613e+000 2.67029077e+000 1.45535739e+000 9.17595175e-001 7.27723840e-001 4.93748586e-001 2.47734237e-001 4.92831995e-002
61414.46237269 0.000000 0.000000 0.000000 1.83663900e+007 1.20235536e+007 5.89483573e+006 5.57351307e+006 2.09328110e+006 6.22619951e+005 2.13446711e+005 5.82998801e+004 1.12630961e+004 2.46213998e+003 9.14321604e+002 4.38084934e+002 2.44059660e+002 1.36314931e+002 7.98208207e+001 4.98811105e+001 3.50470877e+001 2.66540522e+001 1.69114014e+001 9.97804670e+000 6.91683599e+000
61414.62437500 0.000000 0.000000 0.000000 3.41152778e+007 2.14668291e+007 9.17866964e+006 5.08752963e+006 2.40193540e+006 7.65723558e+005 2.69729007e+005 6.69390361e+004 1.11816532e+004 2.49173581e+003 9.97642164e+002 5.09845650e+002 2.99481798e+002 1.75189381e+002 1.04369151e+002 6.56143123e+001 4.59639169e+001 3.50809105e+001 2.21073207e+001 1.28690256e+001 8.80034033e+000
61414.78637731 0.000000 0.000000 0.000000 1.42352364e+005 1.81210394e+005 1.46991160e+005 2.14570223e+005 7.62432462e+004 1.22590377e+004 2.72169411e+003 5.38758590e+002 1.25836726e+002 5.29879681e+001 3.61344433e+001 2.41014431e+001 1.68097604e+001 1.06733049e+001 6.33486456e+000 3.73439738e+000 2.53330888e+000 1.94512374e+000 1.27527096e+000 7.01834238e-001 3.64225779e-001
61414.94837963 0.000000 0.000000 0.000000 0.00000000e+000 0.00000000e+000 0.00000000e+000 0.00000000e+000 0.00000000e+000 0.00000000e+000 0.00000000e+000 0.00000000e+000 0.00000000e+000 0.00000000e+000 0.00000000e+000 0.00000000e+000 0.00000000e+000 0.00000000e+000 0.00000000e+000 0.00000000e+000 0.00000000e+000 0.00000000e+000 0.00000000e+000 0.00000000e+000 0.00000000e+000
61415.11038194 0.000000 0.000000 0.000000 0.00000000e+000 0.00000000e+000 0.00000000e+000 0.00000000e+000 0.00000000e+000 0.00000000e+000 0.00000000e+000 0.00000000e+000 0.00000000e+000 0.00000000e+000 0.00000000e+000 0.00000000e+000 0.00000000e+000 0.00000000e+000 0.00000000e+000 0.00000000e+000 0.00000000e+000 0.00000000e+000 0.00000000e+000 0.00000000e+000 0.00000000e+000
61415.27238426 0.000000 0.000000 0.000000 0.00000000e+000 0.00000000e+000 0.00000000e+000 0.00000000e+000 0.00000000e+000 0.00000000e+000 0.00000000e+000 0.00000000e+000 0.00000000e+000 0.00000000e+000 0.00000000e+000 0.00000000e+000 0.00000000e+000 0.00000000e+000 0.00000000e+000 0.00000000e+000 0.00000000e+000 0.00000000e+000 0.00000000e+000 0.00000000e+000 0.00000000e+000
61415.43438657 0.000000 0.000000 0.000000 0.00000000e+000 0.00000000e+000 0.00000000e+000 0.00000000e+000 0.00000000e+000 0.00000000e+000 0.00000000e+000 0.00000000e+000 0.00000000e+000 0.00000000e+000 0.00000000e+000 0.00000000e+000 0.00000000e+000 0.00000000e+000 0.00000000e+000 0.00000000e+000 0.00000000e+000 0.00000000e+000 0.00000000e+000 0.00000000e+000 0.00000000e+000
61415.59638889 0.000000 0.000000 0.000000 0.00000000e+000 0.00000000e+000 0.00000000e+000 0.00000000e+000 0.00000000e+000 0.00000000e+000 0.00000000e+000 0.00000000e+000 0.00000000e+000 0.00000000e+000 0.00000000e+000 0.00000000e+000 0.00000000e+000 0.00000000e+000 0.00000000e+000 0.00000000e+000 0.00000000e+000 0.00000000e+000 0.00000000e+000 0.00000000e+000 0.00000000e+000
61415.75839120 0.000000 0.000000 0.000000 1.56083470e+006 1.21078563e+006 2.94706206e+005 5.41508569e+004 3.93046037e+003 4.75242478e+002 1.12733909e+002 3.46071592e+001 9.00819412e+000 2.75380552e+000 1.04503822e+000 4.50080655e-001 2.20418573e-001 8.01617546e-002 3.34198903e-002 4.06564909e-003 -6.54329347e-005 -5.38056574e-005 -2.92966267e-005 0.00000000e+000 0.00000000e+000
61415.92039352 0.000000 0.000000 0.000000 1.90951058e+008 1.20741967e+008 3.52475804e+007 5.88923842e+006 5.80758413e+005 1.01613335e+005 2.69609068e+004 9.41942149e+003 3.17073965e+003 9.04599399e+002 3.34153075e+002 1.43742685e+002 6.84678630e+001 3.26056433e+001 1.63848964e+001 8.70253138e+000 5.37408459e+000 3.74538183e+000 2.37515654e+000 1.49019771e+000 1.13428427e+000
61416.08239583 0.000000 0.000000 0.000000 1.59879852e+008 9.66430898e+007 3.35466588e+007 5.89410146e+006 7.41613362e+005 1.52323010e+005 4.60074946e+004 1.94119033e+004 9.70624878e+003 3.70453692e+003 1.58890410e+003 7.24757816e+002 3.43722428e+002 1.64181393e+002 7.81766641e+001 3.88929499e+001 2.19236539e+001 1.44346068e+001 8.61784376e+000 4.58256543e+000 3.12678150e+000
61416.24439815 0.000000 0.000000 0.000000 3.06846806e+007 2.32374036e+007 6.73906380e+006 1.12825159e+006 7.61293814e+004 8.66166806e+003 1.91036171e+003 4.52909716e+002 1.12653444e+002 3.29608152e+001 1.45749061e+001 7.26377625e+000 4.17800984e+000 2.17386982e+000 1.09371557e+000 5.72767710e-001 3.85270478e-001 3.14055209e-001 2.21017430e-001 1.47931111e-001 8.66179547e-002
61416.40640046 0.000000 0.000000 0.000000 0.00000000e+000 0.00000000e+000 0.00000000e+000 0.00000000e+000 0.00000000e+000 0.00000000e+000 0.00000000e+000 0.00000000e+000 0.00000000e+000 0.00000000e+000 0.00000000e+000 0.00000000e+000 0.00000000e+000 0.00000000e+000 0.00000000e+000 0.00000000e+000 0.00000000e+000 0.00000000e+000 0.00000000e+000 0.00000000e+000 0.00000000e+000
61416.56840278 0.000000 0.000000 0.000000 0.00000000e+000 0.00000000e+000 0.00000000e+000 0.00000000e+000 0.00000000e+000 0.00000000e+000 0.00000000e+000 0.00000000e+000 0.00000000e+000 0.00000000e+000 0.00000000e+000 0.00000000e+000 0.00000000e+000 0.00000000e+000 0.00000000e+000 0.00000000e+000 0.00000000e+000 0.00000000e+000 0.00000000e+000 0.00000000e+000 0.00000000e+000
61416.73040509 0.000000 0.000000 0.000000 0.00000000e+000 0.00000000e+000 0.00000000e+000 0.00000000e+000 0.00000000e+000 0.00000000e+000 0.00000000e+000 0.00000000e+000 0.00000000e+000 0.00000000e+000 0.00000000e+000 0.00000000e+000 0.00000000e+000 0.00000000e+000 0.00000000e+000 0.00000000e+000 0.00000000e+000 0.00000000e+000 0.00000000e+000 0.00000000e+000 0.00000000e+000
61416.89240741 0.000000 0.000000 0.000000 0.00000000e+000 0.00000000e+000 0.00000000e+000 0.00000000e+000 0.00000000e+000 0.00000000e+000 0.00000000e+000 0.00000000e+000 0.00000000e+000 0.00000000e+000 0.00000000e+000 0.00000000e+000 0.00000000e+000 0.00000000e+000 0.00000000e+000 0.00000000e+000 0.00000000e+000 0.00000000e+000 0.00000000e+000 0.00000000e+000 0.00000000e+000
61417.05440972 0.000000 0.000000 0.000000 0.00000000e+000 0.00000000e+000 0.00000000e+000 0.00000000e+000 0.00000000e+000 0.00000000e+000 0.00000000e+000 0.00000000e+000 0.00000000e+000 0.00000000e+000 0.00000000e+000 0.00000000e+000 0.00000000e+000 0.00000000e+000 0.00000000e+000 0.00000000e+000 0.00000000e+000 0.00000000e+000 0.00000000e+000 0.00000000e+000 0.00000000e+000
61417.21641204 0.000000 0.000000 0.000000 0.00000000e+000 0.00000000e+000 0.00000000e+000 0.00000000e+000 0.00000000e+000 0.00000000e+000 0.00000000e+000 0.00000000e+000 0.00000000e+000 0.00000000e+000 0.00000000e+000 0.00000000e+000 0.00000000e+000 0.00000000e+000 0.00000000e+000 0.00000000e+000 0.00000000e+000 0.00000000e+000 0.00000000e+000 0.00000000e+000 0.00000000e+000
61417.37841435 0.000000 0.000000 0.000000 0.00000000e+000 0.00000000e+000 0.00000000e+000 0.00000000e+000 0.00000000e+000 0.00000000e+000 0.00000000e+000 0.00000000e+000 0.00000000e+000 0.00000000e+000 0.00000000e+000 0.00000000e+000 0.00000000e+000 0.00000000e+000 0.00000000e+000 0.00000000e+000 0.00000000e+000 0.00000000e+000 0.00000000e+000 0.00000000e+000 0.00000000e+000
61417.54041667 0.000000 0.000000 0.000000 0.00000000e+000 0.00000000e+000 0.00000000e+000 0.00000000e+000 0.00000000e+000 0.00000000e+000 0.00000000e+000 0.00000000e+000 0.00000000e+000 0.00000000e+000 0.00000000e+000 0.00000000e+000 0.00000000e+000 0.00000000e+000 0.00000000e+000 0.00000000e+000 0.00000000e+000 0.00000000e+000 0.00000000e+000 0.00000000e+000 0.00000000e+000
61417.70241898 0.000000 0.000000 0.000000 0.00000000e+000 0.00000000e+000 0.00000000e+000 0.00000000e+000 0.00000000e+000 0.00000000e+000 0.00000000e+000 0.00000000e+000 0.00000000e+000 0.00000000e+000 0.00000000e+000 0.00000000e+000 0.00000000e+000 0.00000000e+000 0.00000000e+000 0.00000000e+000 0.00000000e+000 0.00000000e+000 0.00000000e+000 0.00000000e+000 0.00000000e+000
61417.86442130 0.000000 0.000000 0.000000 0.00000000e+000 0.00000000e+000 0.00000000e+000 0.00000000e+000 0.00000000e+000 0.00000000e+000 0.00000000e+000 0.00000000e+000 0.00000000e+000 0.00000000e+000 0.00000000e+000 0.00000000e+000 0.00000000e+000 0.00000000e+000 0.00000000e+000 0.00000000e+000 0.00000000e+000 0.00000000e+000 0.00000000e+000 0.00000000e+000 0.00000000e+000
61418.02642361 0.000000 0.000000 0.000000 0.00000000e+000 0.00000000e+000 0.00000000e+000 0.00000000e+000 0.00000000e+000 0.00000000e+000 0.00000000e+000 0.00000000e+000 0.00000000e+000 0.00000000e+000 0.00000000e+000 0.00000000e+000 0.00000000e+000 0.00000000e+000 0.00000000e+000 0.00000000e+000 0.00000000e+000 0.00000000e+000 0.00000000e+000 0.00000000e+000 0.00000000e+000
61418.18842593 0.000000 0.000000 0.000000 1.93738669e+001 6.62683960e+000 6.71671286e-001 3.23261907e+001 1.81834717e+001 1.86274776e+000 4.02363083e-001 1.15720912e-001 2.83854394e-002 9.53079388e-003 -8.40226522e-003 -1.50561439e-003 -9.66993777e-004 0.00000000e+000 0.00000000e+000 0.00000000e+000 0.00000000e+000 0.00000000e+000 0.00000000e+000 0.00000000e+000 0.00000000e+000
61418.35042824 0.000000 0.000000 0.000000 1.88976697e+006 1.30041380e+006 6.08911613e+005 2.47696654e+005 1.70002839e+005 4.26612025e+004 1.07450805e+004 2.37995350e+003 5.27416309e+002 2.18570994e+002 1.55401562e+002 1.12836629e+002 7.59564920e+001 4.42911734e+001 2.52148085e+001 1.49770855e+001 1.04007402e+001 8.02100687e+000 5.20262992e+000 3.16631543e+000 2.24764739e+000
61418.51243056 0.000000 0.000000 0.000000 2.78185240e+007 2.11987822e+007 9.19708247e+006 2.40933309e+006 1.06072638e+006 4.04024961e+005 1.73877635e+005 8.61782788e+004 3.89948833e+004 1.56919547e+004 7.09032128e+003 3.24073681e+003 1.55463275e+003 7.99037276e+002 3.95784021e+002 2.07955849e+002 1.20462405e+002 8.32159212e+001 5.05540457e+001 2.80514020e+001 1.95094550e+001
61418.67443287 0.000000 0.000000 0.000000 2.35516022e+006 1.60816608e+006 6.22110665e+005 1.08207263e+005 4.42990730e+004 9.29345776e+003 2.16135985e+003 4.81933569e+002 1.16377460e+002 5.52167365e+001 4.31885909e+001 3.23401079e+001 2.25245600e+001 1.32580986e+001 7.40816763e+000 4.23678241e+000 2.89306382e+000 2.20919333e+000 1.45067535e+000 8.75881516e-001 6.17877530e-001
61418.83643519 0.000000 0.000000 0.000000 0.00000000e+000 0.00000000e+000 0.00000000e+000 0.00000000e+000 0.00000000e+000 0.00000000e+000 0.00000000e+000 0.00000000e+000 0.00000000e+000 0.00000000e+000 0.00000000e+000 0.00000000e+000 0.00000000e+000 0.00000000e+000 0.00000000e+000 0.00000000e+000 0.00000000e+000 0.00000000e+000 0.00000000e+000 0.00000000e+000 0.00000000e+000
61418.99843750 0.000000 0.000000 0.000000 0.00000000e+000 0.00000000e+000 0.00000000e+000 0.00000000e+000 0.00000000e+000 0.00000000e+000 0.00000000e+000 0.00000000e+000 0.00000000e+000 0.00000000e+000 0.00000000e+000 0.00000000e+000 0.00000000e+000 0.00000000e+000 0.00000000e+000 0.00000000e+000 0.00000000e+000 0.00000000e+000 0.00000000e+000 0.00000000e+000 0.00000000e+000
61419.16043981 0.000000 0.000000 0.000000 0.00000000e+000 0.00000000e+000 0.00000000e+000 0.00000000e+000 0.00000000e+000 0.00000000e+000 0.00000000e+000 0.00000000e+000 0.00000000e+000 0.00000000e+000 0.00000000e+000 0.00000000e+000 0.00000000e+000 0.00000000e+000 0.00000000e+000 0.00000000e+000 0.00000000e+000 0.00000000e+000 0.00000000e+000 0.00000000e+000 0.00000000e+000
61419.32244213 0.000000 0.000000 0.000000 0.00000000e+000 0.00000000e+000 0.00000000e+000 0.00000000e+000 0.00000000e+000 0.00000000e+000 0.00000000e+000 0.00000000e+000 0.00000000e+000 0.00000000e+000 0.00000000e+000 0.00000000e+000 0.00000000e+000 0.00000000e+000 0.00000000e+000 0.00000000e+000 0.00000000e+000 0.00000000e+000 0.00000000e+000 0.00000000e+000 0.00000000e+000
61419.48444444 0.000000 0.000000 0.000000 0.00000000e+000 0.00000000e+000 0.00000000e+000 0.00000000e+000 0.00000000e+000 0.00000000e+000 0.00000000e+000 0.00000000e+000 0.00000000e+000 0.00000000e+000 0.00000000e+000 0.00000000e+000 0.00000000e+000 0.00000000e+000 0.00000000e+000 0.00000000e+000 0.00000000e+000 0.00000000e+000 0.00000000e+000 0.00000000e+000 0.00000000e+000
61419.64644676 0.000000 0.000000 0.000000 0.00000000e+000 0.00000000e+000 0.00000000e+000 0.00000000e+000 0.00000000e+000 0.00000000e+000 0.00000000e+000 0.00000000e+000 0.00000000e+000 0.00000000e+000 0.00000000e+000 0.00000000e+000 0.00000000e+000 0.00000000e+000 0.00000000e+000 0.00000000e+000 0.00000000e+000 0.00000000e+000 0.00000000e+000 0.00000000e+000 0.00000000e+000
61419.80844907 0.000000 0.000000 0.000000 0.00000000e+000 0.00000000e+000 0.00000000e+000 0.00000000e+000 0.00000000e+000 0.00000000e+000 0.00000000e+000 0.00000000e+000 0.00000000e+000 0.00000000e+000 0.00000000e+000 0.00000000e+000 0.00000000e+000 0.00000000e+000 0.00000000e+000 0.00000000e+000 0.00000000e+000 0.00000000e+000 0.00000000e+000 0.00000000e+000 0.00000000e+000
61419.97045139 0.000000 0.000000 0.000000 0.00000000e+000 0.00000000e+000 0.00000000e+000 0.00000000e+000 0.00000000e+000 0.00000000e+000 0.00000000e+000 0.00000000e+000 0.00000000e+000 0.00000000e+000 0.00000000e+000 0.00000000e+000 0.00000000e+000 0.00000000e+000 0.00000000e+000 0.00000000e+000 0.00000000e+000 0.00000000e+000 0.00000000e+000 0.00000000e+000 0.00000000e+000
61420.13245370 0.000000 0.000000 0.000000 0.00000000e+000 0.00000000e+000 0.00000000e+000 0.00000000e+000 0.00000000e+000 0.00000000e+000 0.00000000e+000 0.00000000e+000 0.00000000e+000 0.00000000e+000 0.00000000e+000 0.00000000e+000 0.00000000e+000 0.00000000e+000 0.00000000e+000 0.00000000e+000 0.00000000e+000 0.00000000e+000 0.00000000e+000 0.00000000e+000 0.00000000e+000
61420.29445602 0.000000 0.000000 0.000000 0.00000000e+000 0.00000000e+000 0.00000000e+000 0.00000000e+000 0.00000000e+000 0.00000000e+000 0.00000000e+000 0.00000000e+000 0.00000000e+000 0.00000000e+000 0.00000000e+000 0.00000000e+000 0.00000000e+000 0.00000000e+000 0.00000000e+000 0.00000000e+000 0.00000000e+000 0.00000000e+000 0.00000000e+000 0.00000000e+000 0.00000000e+000
61420.45645833 0.000000 0.000000 0.000000 0.00000000e+000 0.00000000e+000 0.00000000e+000 0.00000000e+000 0.00000000e+000 0.00000000e+000 0.00000000e+000 0.00000000e+000 0.00000000e+000 0.00000000e+000 0.00000000e+000 0.00000000e+000 0.00000000e+000 0.00000000e+000 0.00000000e+000 0.00000000e+000 0.00000000e+000 0.00000000e+000 0.00000000e+000 0.00000000e+000 0.00000000e+000
61420.55915852 0.000000 0.000000 0.000000 0.00000000e+000 0.00000000e+000 0.00000000e+000 0.00000000e+000 0.00000000e+000 0.00000000e+000 0.00000000e+000 0.00000000e+000 0.00000000e+000 0.00000000e+000 0.00000000e+000 0.00000000e+000 0.00000000e+000 0.00000000e+000 0.00000000e+000 0.00000000e+000 0.00000000e+000 0.00000000e+000 0.00000000e+000 0.00000000e+000 0.00000000e+000
