# Ae9Ap9 Model output file: MoonBEAM_trajectory_trade/Rp18408_COM_8per90prop30inc_Tran.AP9.output_mc_fluenceIntv_conf_level_50.txt
# Ae9Ap9 Software Version:  1.50.001
#
# Model type:               AP9
# Particle species:         H+
# Flux type:                1PtDiff
# Flux direction:           Omnidirectional
# Energy levels (MeV):       0.1 0.2 0.4 0.6 0.8 1 2 4 6 8 10 15 20 30 50 60 80 100 150 200 300 400 700 1200 2000
#
# Accumulation mode:        Interval, length = 13997 seconds (0.162002 days)
#
# Aggregation Confidence Level:   median (50)
# Scenarios in Aggregation (100): 001-100
#
# Time format:              Modified Julian Date
# Coordinate system:        GEI (Geocentric Equatorial Inertial) Cartesian in km
# Data Delimiter:           space
#
# datetime(mjd),posx(km),posy(km),posz(km),fluence,fluence,fluence,fluence,fluence,fluence,fluence,fluence,fluence,fluence,fluence,fluence,fluence,fluence,fluence,fluence,fluence,fluence,fluence,fluence,fluence,fluence,fluence,fluence,fluence(#/cm^2/MeV)
61411.87033565 0.000000 0.000000 0.000000 1.82467231e+012 9.71473713e+011 4.28787818e+011 1.89038732e+011 9.80751271e+010 2.16650160e+010 2.41239504e+009 2.74336428e+008 5.51459396e+007 1.68974682e+007 5.60179079e+006 2.03799240e+006 6.53571926e+005 2.45581243e+005 1.26909258e+005 7.76456848e+004 5.34284756e+004 2.90875280e+004 1.39453990e+004 4.79956798e+003 1.52302400e+003 9.45898471e+001 2.10610092e+000 4.98346963e-003 0.00000000e+000
61412.03233796 0.000000 0.000000 0.000000 2.13341300e+012 1.02418452e+012 4.34578184e+011 1.90612525e+011 9.86398721e+010 2.17687145e+010 2.41820728e+009 2.74356071e+008 5.51460215e+007 1.68974682e+007 5.60179079e+006 2.03799240e+006 6.53571926e+005 2.45581243e+005 1.26909258e+005 7.76456848e+004 5.34284756e+004 2.90875280e+004 1.39453990e+004 4.79956798e+003 1.52302400e+003 9.45898471e+001 2.10610092e+000 4.98346963e-003 0.00000000e+000
61412.19434028 0.000000 0.000000 0.000000 3.07284772e+012 1.43780508e+012 5.38275075e+011 2.18037176e+011 1.09766562e+011 2.35588429e+010 2.60708946e+009 2.94772547e+008 5.90533699e+007 1.86095753e+007 6.01403411e+006 2.22392340e+006 7.18909973e+005 2.72882451e+005 1.44840756e+005 8.68513282e+004 5.91509284e+004 3.12939724e+004 1.49236543e+004 5.11918347e+003 1.58587114e+003 9.69922423e+001 2.12254064e+000 4.98346963e-003 0.00000000e+000
61412.35634259 0.000000 0.000000 0.000000 3.34814358e+012 1.49730972e+012 5.45257498e+011 2.20769076e+011 1.10029933e+011 2.36021493e+010 2.60984724e+009 2.94797850e+008 5.90535242e+007 1.86095755e+007 6.01403411e+006 2.22392340e+006 7.18909973e+005 2.72882451e+005 1.44840756e+005 8.68513282e+004 5.91509284e+004 3.12939724e+004 1.49236543e+004 5.11918347e+003 1.58587114e+003 9.69922423e+001 2.12254064e+000 4.98346963e-003 0.00000000e+000
61412.51834491 0.000000 0.000000 0.000000 3.37045933e+012 1.50498474e+012 5.46559477e+011 2.21221028e+011 1.10090701e+011 2.36123848e+010 2.61020863e+009 2.94799023e+008 5.90535242e+007 1.86095755e+007 6.01403411e+006 2.22392340e+006 7.18909973e+005 2.72882451e+005 1.44840756e+005 8.68513282e+004 5.91509284e+004 3.12939724e+004 1.49236543e+004 5.11918347e+003 1.58587114e+003 9.69922423e+001 2.12254064e+000 4.98346963e-003 0.00000000e+000
61412.68034722 0.000000 0.000000 0.000000 4.72627629e+012 2.14262073e+012 7.87597402e+011 3.13337487e+011 1.46408913e+011 2.90921196e+010 2.84248804e+009 3.04278168e+008 5.93996416e+007 1.86816826e+007 6.01789337e+006 2.22523819e+006 7.19056520e+005 2.73127034e+005 1.44887934e+005 8.68579080e+004 5.91620535e+004 3.12955173e+004 1.49236945e+004 5.11917548e+003 1.58587114e+003 9.69922423e+001 2.12254064e+000 4.98346963e-003 0.00000000e+000
61412.84234954 0.000000 0.000000 0.000000 6.13806062e+012 3.04078945e+012 1.19885715e+012 5.12538627e+011 2.58533777e+011 5.71296248e+010 6.81454865e+009 8.21354772e+008 1.88719737e+008 6.59943825e+007 2.39387025e+007 8.96596819e+006 3.20798306e+006 1.21609463e+006 5.94378912e+005 3.66083078e+005 2.66667806e+005 1.53837073e+005 7.71490599e+004 2.99746522e+004 1.05703359e+004 9.06396735e+002 3.20718478e+001 3.56722076e-001 0.00000000e+000
61413.00435185 0.000000 0.000000 0.000000 6.17253425e+012 3.04869008e+012 1.19967069e+012 5.12991683e+011 2.58702385e+011 5.71548300e+010 6.81579784e+009 8.21356809e+008 1.88719739e+008 6.59943825e+007 2.39387025e+007 8.96596819e+006 3.20798306e+006 1.21609463e+006 5.94378912e+005 3.66083078e+005 2.66667806e+005 1.53837073e+005 7.71490599e+004 2.99746522e+004 1.05703359e+004 9.06396735e+002 3.20718478e+001 3.56722076e-001 0.00000000e+000
61413.16635417 0.000000 0.000000 0.000000 6.17314333e+012 3.04894611e+012 1.19969516e+012 5.13001312e+011 2.58704235e+011 5.71549578e+010 6.81579872e+009 8.21356809e+008 1.88719739e+008 6.59943825e+007 2.39387025e+007 8.96596819e+006 3.20798306e+006 1.21609463e+006 5.94378912e+005 3.66083078e+005 2.66667806e+005 1.53837073e+005 7.71490599e+004 2.99746522e+004 1.05703359e+004 9.06396735e+002 3.20718478e+001 3.56722076e-001 0.00000000e+000
61413.32835648 0.000000 0.000000 0.000000 6.19011690e+012 3.05374230e+012 1.20026295e+012 5.13309593e+011 2.58821466e+011 5.71720524e+010 6.81638756e+009 8.21357660e+008 1.88719739e+008 6.59943825e+007 2.39387025e+007 8.96596819e+006 3.20798306e+006 1.21609463e+006 5.94378912e+005 3.66083078e+005 2.66667806e+005 1.53837073e+005 7.71490599e+004 2.99746522e+004 1.05703359e+004 9.06396735e+002 3.20718478e+001 3.56722076e-001 0.00000000e+000
61413.49035880 0.000000 0.000000 0.000000 7.38293373e+012 3.69448527e+012 1.43607114e+012 6.15513380e+011 3.04037550e+011 6.83276177e+010 8.18064526e+009 1.01154887e+009 2.35477091e+008 8.38645194e+007 3.09478725e+007 1.15686726e+007 4.16846270e+006 1.56952703e+006 7.75953857e+005 4.81809031e+005 3.44029357e+005 2.00026007e+005 9.96339177e+004 3.85790639e+004 1.35738897e+004 1.14505396e+003 4.00995882e+001 4.27476888e-001 0.00000000e+000
61413.65236111 0.000000 0.000000 0.000000 8.15475905e+012 4.06177637e+012 1.57160180e+012 6.67261583e+011 3.26006051e+011 7.25375331e+010 8.48966584e+009 1.02707988e+009 2.36410089e+008 8.40182191e+007 3.09916893e+007 1.15728579e+007 4.17069533e+006 1.56977806e+006 7.76190789e+005 4.82032749e+005 3.44152593e+005 2.00037986e+005 9.96346465e+004 3.85793444e+004 1.35738897e+004 1.14505396e+003 4.00995882e+001 4.27476888e-001 0.00000000e+000
61413.81436343 0.000000 0.000000 0.000000 8.15563776e+012 4.06195462e+012 1.57164152e+012 6.67271203e+011 3.26007696e+011 7.25378805e+010 8.48966872e+009 1.02707989e+009 2.36410089e+008 8.40182191e+007 3.09916893e+007 1.15728579e+007 4.17069533e+006 1.56977806e+006 7.76190789e+005 4.82032749e+005 3.44152593e+005 2.00037986e+005 9.96346465e+004 3.85793444e+004 1.35738897e+004 1.14505396e+003 4.00995882e+001 4.27476888e-001 0.00000000e+000
61413.97636574 0.000000 0.000000 0.000000 8.15563776e+012 4.06195462e+012 1.57164152e+012 6.67271203e+011 3.26007696e+011 7.25378805e+010 8.48966872e+009 1.02707989e+009 2.36410089e+008 8.40182191e+007 3.09916893e+007 1.15728579e+007 4.17069533e+006 1.56977806e+006 7.76190789e+005 4.82032749e+005 3.44152593e+005 2.00037986e+005 9.96346465e+004 3.85793444e+004 1.35738897e+004 1.14505396e+003 4.00995882e+001 4.27476888e-001 0.00000000e+000
61414.13836806 0.000000 0.000000 0.000000 8.15563776e+012 4.06195462e+012 1.57164152e+012 6.67271203e+011 3.26007696e+011 7.25378805e+010 8.48966872e+009 1.02707989e+009 2.36410089e+008 8.40182191e+007 3.09916893e+007 1.15728579e+007 4.17069533e+006 1.56977806e+006 7.76190789e+005 4.82032749e+005 3.44152593e+005 2.00037986e+005 9.96346465e+004 3.85793444e+004 1.35738897e+004 1.14505396e+003 4.00995882e+001 4.27476888e-001 0.00000000e+000
61414.30037037 0.000000 0.000000 0.000000 8.15772434e+012 4.06242458e+012 1.57174546e+012 6.67296931e+011 3.26011995e+011 7.25388299e+010 8.48967546e+009 1.02707990e+009 2.36410089e+008 8.40182191e+007 3.09916893e+007 1.15728579e+007 4.17069533e+006 1.56977806e+006 7.76190789e+005 4.82032749e+005 3.44152593e+005 2.00037986e+005 9.96346465e+004 3.85793444e+004 1.35738897e+004 1.14505396e+003 4.00995882e+001 4.27476888e-001 0.00000000e+000
61414.46237269 0.000000 0.000000 0.000000 9.16738408e+012 4.57524834e+012 1.76590462e+012 7.48962829e+011 3.61746109e+011 7.93738843e+010 9.05776116e+009 1.06999686e+009 2.39210461e+008 8.45260862e+007 3.11521631e+007 1.15973092e+007 4.18053997e+006 1.57086781e+006 7.77005375e+005 4.82752204e+005 3.44604176e+005 2.00080377e+005 9.96367569e+004 3.85800260e+004 1.35738897e+004 1.14505396e+003 4.00995882e+001 4.27476888e-001 0.00000000e+000
61414.62437500 0.000000 0.000000 0.000000 9.96545179e+012 4.96996265e+012 1.93285817e+012 8.24624889e+011 4.01196501e+011 8.93037882e+010 1.03061762e+010 1.26583020e+009 2.84231829e+008 1.02287458e+008 3.76731835e+007 1.44747044e+007 5.16558047e+006 1.92496111e+006 9.70101025e+005 5.93138181e+005 4.28212986e+005 2.51406778e+005 1.23414751e+005 4.75083398e+004 1.65694715e+004 1.38368383e+003 4.88512458e+001 4.84851287e-001 0.00000000e+000
61414.78637731 0.000000 0.000000 0.000000 9.96687338e+012 4.97045735e+012 1.93300612e+012 8.24639701e+011 4.01203305e+011 8.93048389e+010 1.03061930e+010 1.26583023e+009 2.84231829e+008 1.02287458e+008 3.76731835e+007 1.44747044e+007 5.16558047e+006 1.92496111e+006 9.70101025e+005 5.93138181e+005 4.28212986e+005 2.51406778e+005 1.23414751e+005 4.75083398e+004 1.65694715e+004 1.38368383e+003 4.88512458e+001 4.84851287e-001 0.00000000e+000
61414.94837963 0.000000 0.000000 0.000000 9.96687338e+012 4.97045735e+012 1.93300612e+012 8.24639701e+011 4.01203305e+011 8.93048389e+010 1.03061930e+010 1.26583023e+009 2.84231829e+008 1.02287458e+008 3.76731835e+007 1.44747044e+007 5.16558047e+006 1.92496111e+006 9.70101025e+005 5.93138181e+005 4.28212986e+005 2.51406778e+005 1.23414751e+005 4.75083398e+004 1.65694715e+004 1.38368383e+003 4.88512458e+001 4.84851287e-001 0.00000000e+000
61415.11038194 0.000000 0.000000 0.000000 9.96687338e+012 4.97045735e+012 1.93300612e+012 8.24639701e+011 4.01203305e+011 8.93048389e+010 1.03061930e+010 1.26583023e+009 2.84231829e+008 1.02287458e+008 3.76731835e+007 1.44747044e+007 5.16558047e+006 1.92496111e+006 9.70101025e+005 5.93138181e+005 4.28212986e+005 2.51406778e+005 1.23414751e+005 4.75083398e+004 1.65694715e+004 1.38368383e+003 4.88512458e+001 4.84851287e-001 0.00000000e+000
61415.27238426 0.000000 0.000000 0.000000 9.96687338e+012 4.97045735e+012 1.93300612e+012 8.24639701e+011 4.01203305e+011 8.93048389e+010 1.03061930e+010 1.26583023e+009 2.84231829e+008 1.02287458e+008 3.76731835e+007 1.44747044e+007 5.16558047e+006 1.92496111e+006 9.70101025e+005 5.93138181e+005 4.28212986e+005 2.51406778e+005 1.23414751e+005 4.75083398e+004 1.65694715e+004 1.38368383e+003 4.88512458e+001 4.84851287e-001 0.00000000e+000
61415.43438657 0.000000 0.000000 0.000000 9.96687338e+012 4.97045735e+012 1.93300612e+012 8.24639701e+011 4.01203305e+011 8.93048389e+010 1.03061930e+010 1.26583023e+009 2.84231829e+008 1.02287458e+008 3.76731835e+007 1.44747044e+007 5.16558047e+006 1.92496111e+006 9.70101025e+005 5.93138181e+005 4.28212986e+005 2.51406778e+005 1.23414751e+005 4.75083398e+004 1.65694715e+004 1.38368383e+003 4.88512458e+001 4.84851287e-001 0.00000000e+000
61415.59638889 0.000000 0.000000 0.000000 9.96687338e+012 4.97045735e+012 1.93300612e+012 8.24639701e+011 4.01203305e+011 8.93048389e+010 1.03061930e+010 1.26583023e+009 2.84231829e+008 1.02287458e+008 3.76731835e+007 1.44747044e+007 5.16558047e+006 1.92496111e+006 9.70101025e+005 5.93138181e+005 4.28212986e+005 2.51406778e+005 1.23414751e+005 4.75083398e+004 1.65694715e+004 1.38368383e+003 4.88512458e+001 4.84851287e-001 0.00000000e+000
61415.75839120 0.000000 0.000000 0.000000 9.96690193e+012 4.97046932e+012 1.93300735e+012 8.24639809e+011 4.01203332e+011 8.93048402e+010 1.03061930e+010 1.26583023e+009 2.84231829e+008 1.02287458e+008 3.76731835e+007 1.44747044e+007 5.16558047e+006 1.92496111e+006 9.70101025e+005 5.93138181e+005 4.28212986e+005 2.51406778e+005 1.23414751e+005 4.75083398e+004 1.65694715e+004 1.38368383e+003 4.88512458e+001 4.84851287e-001 0.00000000e+000
61415.92039352 0.000000 0.000000 0.000000 1.00681484e+013 5.00441099e+012 1.94101596e+012 8.25246092e+011 4.01470342e+011 8.93668091e+010 1.03089499e+010 1.26584034e+009 2.84231916e+008 1.02287458e+008 3.76731835e+007 1.44747044e+007 5.16558047e+006 1.92496111e+006 9.70101025e+005 5.93138181e+005 4.28212986e+005 2.51406778e+005 1.23414751e+005 4.75083398e+004 1.65694715e+004 1.38368383e+003 4.88512458e+001 4.84851287e-001 0.00000000e+000
61416.08239583 0.000000 0.000000 0.000000 1.08385924e+013 5.40560562e+012 2.10423200e+012 8.79058624e+011 4.28206563e+011 9.47538597e+010 1.10528805e+010 1.36356499e+009 3.07537350e+008 1.10331859e+008 4.08928793e+007 1.58921611e+007 5.74819802e+006 2.18721239e+006 1.07895340e+006 6.66506168e+005 4.87093018e+005 2.85403624e+005 1.38268112e+005 5.39474415e+004 1.83075502e+004 1.55280545e+003 5.63428537e+001 5.27255759e-001 0.00000000e+000
61416.24439815 0.000000 0.000000 0.000000 1.08406198e+013 5.40610722e+012 2.10436687e+012 8.79067547e+011 4.28210926e+011 9.47542957e+010 1.10529022e+010 1.36356499e+009 3.07537350e+008 1.10331859e+008 4.08928793e+007 1.58921611e+007 5.74819802e+006 2.18721239e+006 1.07895340e+006 6.66506168e+005 4.87093018e+005 2.85403624e+005 1.38268112e+005 5.39474415e+004 1.83075502e+004 1.55280545e+003 5.63428537e+001 5.27255759e-001 0.00000000e+000
61416.40640046 0.000000 0.000000 0.000000 1.08406198e+013 5.40610722e+012 2.10436687e+012 8.79067547e+011 4.28210926e+011 9.47542957e+010 1.10529022e+010 1.36356499e+009 3.07537350e+008 1.10331859e+008 4.08928793e+007 1.58921611e+007 5.74819802e+006 2.18721239e+006 1.07895340e+006 6.66506168e+005 4.87093018e+005 2.85403624e+005 1.38268112e+005 5.39474415e+004 1.83075502e+004 1.55280545e+003 5.63428537e+001 5.27255759e-001 0.00000000e+000
61416.56840278 0.000000 0.000000 0.000000 1.08406198e+013 5.40610722e+012 2.10436687e+012 8.79067547e+011 4.28210926e+011 9.47542957e+010 1.10529022e+010 1.36356499e+009 3.07537350e+008 1.10331859e+008 4.08928793e+007 1.58921611e+007 5.74819802e+006 2.18721239e+006 1.07895340e+006 6.66506168e+005 4.87093018e+005 2.85403624e+005 1.38268112e+005 5.39474415e+004 1.83075502e+004 1.55280545e+003 5.63428537e+001 5.27255759e-001 0.00000000e+000
61416.73040509 0.000000 0.000000 0.000000 1.08406198e+013 5.40610722e+012 2.10436687e+012 8.79067547e+011 4.28210926e+011 9.47542957e+010 1.10529022e+010 1.36356499e+009 3.07537350e+008 1.10331859e+008 4.08928793e+007 1.58921611e+007 5.74819802e+006 2.18721239e+006 1.07895340e+006 6.66506168e+005 4.87093018e+005 2.85403624e+005 1.38268112e+005 5.39474415e+004 1.83075502e+004 1.55280545e+003 5.63428537e+001 5.27255759e-001 0.00000000e+000
61416.89240741 0.000000 0.000000 0.000000 1.08406198e+013 5.40610722e+012 2.10436687e+012 8.79067547e+011 4.28210926e+011 9.47542957e+010 1.10529022e+010 1.36356499e+009 3.07537350e+008 1.10331859e+008 4.08928793e+007 1.58921611e+007 5.74819802e+006 2.18721239e+006 1.07895340e+006 6.66506168e+005 4.87093018e+005 2.85403624e+005 1.38268112e+005 5.39474415e+004 1.83075502e+004 1.55280545e+003 5.63428537e+001 5.27255759e-001 0.00000000e+000
61417.05440972 0.000000 0.000000 0.000000 1.08406198e+013 5.40610722e+012 2.10436687e+012 8.79067547e+011 4.28210926e+011 9.47542957e+010 1.10529022e+010 1.36356499e+009 3.07537350e+008 1.10331859e+008 4.08928793e+007 1.58921611e+007 5.74819802e+006 2.18721239e+006 1.07895340e+006 6.66506168e+005 4.87093018e+005 2.85403624e+005 1.38268112e+005 5.39474415e+004 1.83075502e+004 1.55280545e+003 5.63428537e+001 5.27255759e-001 0.00000000e+000
61417.21641204 0.000000 0.000000 0.000000 1.08406198e+013 5.40610722e+012 2.10436687e+012 8.79067547e+011 4.28210926e+011 9.47542957e+010 1.10529022e+010 1.36356499e+009 3.07537350e+008 1.10331859e+008 4.08928793e+007 1.58921611e+007 5.74819802e+006 2.18721239e+006 1.07895340e+006 6.66506168e+005 4.87093018e+005 2.85403624e+005 1.38268112e+005 5.39474415e+004 1.83075502e+004 1.55280545e+003 5.63428537e+001 5.27255759e-001 0.00000000e+000
61417.37841435 0.000000 0.000000 0.000000 1.08406198e+013 5.40610722e+012 2.10436687e+012 8.79067547e+011 4.28210926e+011 9.47542957e+010 1.10529022e+010 1.36356499e+009 3.07537350e+008 1.10331859e+008 4.08928793e+007 1.58921611e+007 5.74819802e+006 2.18721239e+006 1.07895340e+006 6.66506168e+005 4.87093018e+005 2.85403624e+005 1.38268112e+005 5.39474415e+004 1.83075502e+004 1.55280545e+003 5.63428537e+001 5.27255759e-001 0.00000000e+000
61417.54041667 0.000000 0.000000 0.000000 1.08406198e+013 5.40610722e+012 2.10436687e+012 8.79067547e+011 4.28210926e+011 9.47542957e+010 1.10529022e+010 1.36356499e+009 3.07537350e+008 1.10331859e+008 4.08928793e+007 1.58921611e+007 5.74819802e+006 2.18721239e+006 1.07895340e+006 6.66506168e+005 4.87093018e+005 2.85403624e+005 1.38268112e+005 5.39474415e+004 1.83075502e+004 1.55280545e+003 5.63428537e+001 5.27255759e-001 0.00000000e+000
61417.70241898 0.000000 0.000000 0.000000 1.08406198e+013 5.40610722e+012 2.10436687e+012 8.79067547e+011 4.28210926e+011 9.47542957e+010 1.10529022e+010 1.36356499e+009 3.07537350e+008 1.10331859e+008 4.08928793e+007 1.58921611e+007 5.74819802e+006 2.18721239e+006 1.07895340e+006 6.66506168e+005 4.87093018e+005 2.85403624e+005 1.38268112e+005 5.39474415e+004 1.83075502e+004 1.55280545e+003 5.63428537e+001 5.27255759e-001 0.00000000e+000
61417.86442130 0.000000 0.000000 0.000000 1.08406198e+013 5.40610722e+012 2.10436687e+012 8.79067547e+011 4.28210926e+011 9.47542957e+010 1.10529022e+010 1.36356499e+009 3.07537350e+008 1.10331859e+008 4.08928793e+007 1.58921611e+007 5.74819802e+006 2.18721239e+006 1.07895340e+006 6.66506168e+005 4.87093018e+005 2.85403624e+005 1.38268112e+005 5.39474415e+004 1.83075502e+004 1.55280545e+003 5.63428537e+001 5.27255759e-001 0.00000000e+000
61418.02642361 0.000000 0.000000 0.000000 1.08406198e+013 5.40610722e+012 2.10436687e+012 8.79067547e+011 4.28210926e+011 9.47542957e+010 1.10529022e+010 1.36356499e+009 3.07537350e+008 1.10331859e+008 4.08928793e+007 1.58921611e+007 5.74819802e+006 2.18721239e+006 1.07895340e+006 6.66506168e+005 4.87093018e+005 2.85403624e+005 1.38268112e+005 5.39474415e+004 1.83075502e+004 1.55280545e+003 5.63428537e+001 5.27255759e-001 0.00000000e+000
61418.18842593 0.000000 0.000000 0.000000 1.08406197e+013 5.40610722e+012 2.10436687e+012 8.79067547e+011 4.28210926e+011 9.47542957e+010 1.10529022e+010 1.36356499e+009 3.07537350e+008 1.10331859e+008 4.08928793e+007 1.58921611e+007 5.74819802e+006 2.18721239e+006 1.07895340e+006 6.66506168e+005 4.87093018e+005 2.85403624e+005 1.38268112e+005 5.39474415e+004 1.83075502e+004 1.55280545e+003 5.63428537e+001 5.27255759e-001 0.00000000e+000
61418.35042824 0.000000 0.000000 0.000000 1.08722192e+013 5.41505054e+012 2.10642624e+012 8.79192094e+011 4.28324264e+011 9.47665048e+010 1.10542103e+010 1.36356561e+009 3.07537354e+008 1.10331859e+008 4.08928793e+007 1.58921611e+007 5.74819802e+006 2.18721239e+006 1.07895340e+006 6.66506168e+005 4.87093018e+005 2.85403624e+005 1.38268112e+005 5.39474415e+004 1.83075502e+004 1.55280545e+003 5.63428537e+001 5.27255759e-001 0.00000000e+000
61418.51243056 0.000000 0.000000 0.000000 1.20467008e+013 6.14288343e+012 2.33813876e+012 9.69438604e+011 4.83265705e+011 1.05300724e+011 1.24470962e+010 1.53141351e+009 3.56307529e+008 1.24679969e+008 4.65251197e+007 1.82990884e+007 6.62981088e+006 2.49239249e+006 1.23633410e+006 7.66522836e+005 5.62269354e+005 3.27512489e+005 1.57061093e+005 6.15711407e+004 2.15958720e+004 1.79110491e+003 6.45575312e+001 6.32522037e-001 0.00000000e+000
61418.67443287 0.000000 0.000000 0.000000 1.20628427e+013 6.14793395e+012 2.33885814e+012 9.69509800e+011 4.83317740e+011 1.05304033e+011 1.24472352e+010 1.53141368e+009 3.56307530e+008 1.24679969e+008 4.65251197e+007 1.82990884e+007 6.62981088e+006 2.49239249e+006 1.23633410e+006 7.66522836e+005 5.62269354e+005 3.27512489e+005 1.57061093e+005 6.15711407e+004 2.15958720e+004 1.79110491e+003 6.45575312e+001 6.32522037e-001 0.00000000e+000
61418.83643519 0.000000 0.000000 0.000000 1.20628427e+013 6.14793395e+012 2.33885814e+012 9.69509800e+011 4.83317740e+011 1.05304033e+011 1.24472352e+010 1.53141368e+009 3.56307530e+008 1.24679969e+008 4.65251197e+007 1.82990884e+007 6.62981088e+006 2.49239249e+006 1.23633410e+006 7.66522836e+005 5.62269354e+005 3.27512489e+005 1.57061093e+005 6.15711407e+004 2.15958720e+004 1.79110491e+003 6.45575312e+001 6.32522037e-001 0.00000000e+000
61418.99843750 0.000000 0.000000 0.000000 1.20628427e+013 6.14793395e+012 2.33885814e+012 9.69509800e+011 4.83317740e+011 1.05304033e+011 1.24472352e+010 1.53141368e+009 3.56307530e+008 1.24679969e+008 4.65251197e+007 1.82990884e+007 6.62981088e+006 2.49239249e+006 1.23633410e+006 7.66522836e+005 5.62269354e+005 3.27512489e+005 1.57061093e+005 6.15711407e+004 2.15958720e+004 1.79110491e+003 6.45575312e+001 6.32522037e-001 0.00000000e+000
61419.16043981 0.000000 0.000000 0.000000 1.20628427e+013 6.14793395e+012 2.33885814e+012 9.69509800e+011 4.83317740e+011 1.05304033e+011 1.24472352e+010 1.53141368e+009 3.56307530e+008 1.24679969e+008 4.65251197e+007 1.82990884e+007 6.62981088e+006 2.49239249e+006 1.23633410e+006 7.66522836e+005 5.62269354e+005 3.27512489e+005 1.57061093e+005 6.15711407e+004 2.15958720e+004 1.79110491e+003 6.45575312e+001 6.32522037e-001 0.00000000e+000
61419.32244213 0.000000 0.000000 0.000000 1.20628427e+013 6.14793395e+012 2.33885814e+012 9.69509800e+011 4.83317740e+011 1.05304033e+011 1.24472352e+010 1.53141368e+009 3.56307530e+008 1.24679969e+008 4.65251197e+007 1.82990884e+007 6.62981088e+006 2.49239249e+006 1.23633410e+006 7.66522836e+005 5.62269354e+005 3.27512489e+005 1.57061093e+005 6.15711407e+004 2.15958720e+004 1.79110491e+003 6.45575312e+001 6.32522037e-001 0.00000000e+000
61419.48444444 0.000000 0.000000 0.000000 1.20628427e+013 6.14793395e+012 2.33885814e+012 9.69509800e+011 4.83317740e+011 1.05304033e+011 1.24472352e+010 1.53141368e+009 3.56307530e+008 1.24679969e+008 4.65251197e+007 1.82990884e+007 6.62981088e+006 2.49239249e+006 1.23633410e+006 7.66522836e+005 5.62269354e+005 3.27512489e+005 1.57061093e+005 6.15711407e+004 2.15958720e+004 1.79110491e+003 6.45575312e+001 6.32522037e-001 0.00000000e+000
61419.64644676 0.000000 0.000000 0.000000 1.20628427e+013 6.14793395e+012 2.33885814e+012 9.69509800e+011 4.83317740e+011 1.05304033e+011 1.24472352e+010 1.53141368e+009 3.56307530e+008 1.24679969e+008 4.65251197e+007 1.82990884e+007 6.62981088e+006 2.49239249e+006 1.23633410e+006 7.66522836e+005 5.62269354e+005 3.27512489e+005 1.57061093e+005 6.15711407e+004 2.15958720e+004 1.79110491e+003 6.45575312e+001 6.32522037e-001 0.00000000e+000
61419.80844907 0.000000 0.000000 0.000000 1.20628427e+013 6.14793395e+012 2.33885814e+012 9.69509800e+011 4.83317740e+011 1.05304033e+011 1.24472352e+010 1.53141368e+009 3.56307530e+008 1.24679969e+008 4.65251197e+007 1.82990884e+007 6.62981088e+006 2.49239249e+006 1.23633410e+006 7.66522836e+005 5.62269354e+005 3.27512489e+005 1.57061093e+005 6.15711407e+004 2.15958720e+004 1.79110491e+003 6.45575312e+001 6.32522037e-001 0.00000000e+000
61419.97045139 0.000000 0.000000 0.000000 1.20628427e+013 6.14793395e+012 2.33885814e+012 9.69509800e+011 4.83317740e+011 1.05304033e+011 1.24472352e+010 1.53141368e+009 3.56307530e+008 1.24679969e+008 4.65251197e+007 1.82990884e+007 6.62981088e+006 2.49239249e+006 1.23633410e+006 7.66522836e+005 5.62269354e+005 3.27512489e+005 1.57061093e+005 6.15711407e+004 2.15958720e+004 1.79110491e+003 6.45575312e+001 6.32522037e-001 0.00000000e+000
61420.13245370 0.000000 0.000000 0.000000 1.20628427e+013 6.14793395e+012 2.33885814e+012 9.69509800e+011 4.83317740e+011 1.05304033e+011 1.24472352e+010 1.53141368e+009 3.56307530e+008 1.24679969e+008 4.65251197e+007 1.82990884e+007 6.62981088e+006 2.49239249e+006 1.23633410e+006 7.66522836e+005 5.62269354e+005 3.27512489e+005 1.57061093e+005 6.15711407e+004 2.15958720e+004 1.79110491e+003 6.45575312e+001 6.32522037e-001 0.00000000e+000
61420.29445602 0.000000 0.000000 0.000000 1.20628427e+013 6.14793395e+012 2.33885814e+012 9.69509800e+011 4.83317740e+011 1.05304033e+011 1.24472352e+010 1.53141368e+009 3.56307530e+008 1.24679969e+008 4.65251197e+007 1.82990884e+007 6.62981088e+006 2.49239249e+006 1.23633410e+006 7.66522836e+005 5.62269354e+005 3.27512489e+005 1.57061093e+005 6.15711407e+004 2.15958720e+004 1.79110491e+003 6.45575312e+001 6.32522037e-001 0.00000000e+000
61420.45645833 0.000000 0.000000 0.000000 1.20628427e+013 6.14793395e+012 2.33885814e+012 9.69509800e+011 4.83317740e+011 1.05304033e+011 1.24472352e+010 1.53141368e+009 3.56307530e+008 1.24679969e+008 4.65251197e+007 1.82990884e+007 6.62981088e+006 2.49239249e+006 1.23633410e+006 7.66522836e+005 5.62269354e+005 3.27512489e+005 1.57061093e+005 6.15711407e+004 2.15958720e+004 1.79110491e+003 6.45575312e+001 6.32522037e-001 0.00000000e+000
61420.55915852 0.000000 0.000000 0.000000 1.20628427e+013 6.14793395e+012 2.33885814e+012 9.69509800e+011 4.83317740e+011 1.05304033e+011 1.24472352e+010 1.53141368e+009 3.56307530e+008 1.24679969e+008 4.65251197e+007 1.82990884e+007 6.62981088e+006 2.49239249e+006 1.23633410e+006 7.66522836e+005 5.62269354e+005 3.27512489e+005 1.57061093e+005 6.15711407e+004 2.15958720e+004 1.79110491e+003 6.45575312e+001 6.32522037e-001 0.00000000e+000
