# Ae9Ap9 Model output file: MoonBEAM_trajectory_trade/Rp18408_COM_8per90prop30inc_Tran.AE9.output_mc_fluenceIntv_089.txt
# Ae9Ap9 Software Version:  1.50.001
#
# Model type:               AE9
# Particle species:         e-
# Flux type:                1PtDiff
# Flux direction:           Omnidirectional
# Energy levels (MeV):       0.04 0.07 0.1 0.25 0.5 0.75 1 1.5 2 2.5 3 3.5 4 4.5 5 5.5 6 6.5 7 8.5 10
#
# Accumulation mode:        Interval, length = 13997 seconds (0.162002 days)
#
# Time format:              Modified Julian Date
# Coordinate system:        GEI (Geocentric Equatorial Inertial) Cartesian in km
# Data Delimiter:           space
#
# datetime(mjd),posx(km),posy(km),posz(km),fluence,fluence,fluence,fluence,fluence,fluence,fluence,fluence,fluence,fluence,fluence,fluence,fluence,fluence,fluence,fluence,fluence,fluence,fluence,fluence,fluence(#/cm^2/MeV)
61411.87033565 0.000000 0.000000 0.000000 1.45609809e+013 7.29809894e+012 1.80607545e+012 9.54869343e+010 7.71464525e+009 1.27208257e+009 2.53313759e+008 6.54449940e+007 3.80907642e+007 2.05740183e+007 1.16132782e+007 5.95206795e+006 3.02108964e+006 1.56446489e+006 8.67875707e+005 5.07200401e+005 3.19746449e+005 2.20031986e+005 1.43820072e+005 8.94297616e+004 6.45689170e+004
61412.03233796 0.000000 0.000000 0.000000 5.16228253e+013 2.66774109e+013 5.43631710e+012 2.20503505e+011 1.14941369e+010 1.57892165e+009 2.83590751e+008 7.07507560e+007 3.92501269e+007 2.09493505e+007 1.17655521e+007 6.03623421e+006 3.08587227e+006 1.61148398e+006 8.98829480e+005 5.26715688e+005 3.33778690e+005 2.31892686e+005 1.52810182e+005 9.68546134e+004 7.15852458e+004
61412.19434028 0.000000 0.000000 0.000000 6.34924493e+013 3.30094326e+013 7.06526983e+012 2.87669597e+011 1.47656999e+010 2.05359314e+009 4.01906993e+008 1.08241438e+008 5.34610575e+007 2.63940123e+007 1.41631868e+007 7.12215501e+006 3.63015372e+006 1.88430676e+006 1.03967850e+006 5.98522985e+005 3.76675580e+005 2.60660377e+005 1.71967625e+005 1.09532537e+005 8.16498175e+004
61412.35634259 0.000000 0.000000 0.000000 9.32994392e+013 5.01096777e+013 1.04774116e+013 3.98456488e+011 1.77748239e+010 2.32744611e+009 4.33103614e+008 1.12755700e+008 5.42840860e+007 2.66931390e+007 1.43000881e+007 7.18977085e+006 3.67591694e+006 1.91546076e+006 1.06189646e+006 6.13831987e+005 3.88445856e+005 2.70116382e+005 1.78989313e+005 1.15387333e+005 8.71020764e+004
61412.51834491 0.000000 0.000000 0.000000 1.12571378e+014 6.27564172e+013 1.31026605e+013 5.21117830e+011 2.29386591e+010 2.81222417e+009 4.90071308e+008 1.20213960e+008 5.54676158e+007 2.69738046e+007 1.43973562e+007 7.23841327e+006 3.70827400e+006 1.93386517e+006 1.07127670e+006 6.18870709e+005 3.92192864e+005 2.73412294e+005 1.81648123e+005 1.17717153e+005 8.92333798e+004
61412.68034722 0.000000 0.000000 0.000000 1.24909489e+014 7.19146524e+013 1.57186569e+013 7.84423669e+011 5.77752863e+010 1.17994507e+010 3.39763467e+009 1.12816979e+009 3.40364208e+008 1.01983748e+008 3.82923461e+007 1.54042531e+007 6.82981378e+006 3.25355536e+006 1.69587889e+006 9.47407838e+005 5.89365735e+005 4.08924934e+005 2.72762900e+005 1.81901909e+005 1.42852828e+005
61412.84234954 0.000000 0.000000 0.000000 1.30248542e+014 7.77103562e+013 1.86186903e+013 1.41480914e+012 1.52639861e+011 3.11542802e+010 1.05208172e+010 4.26949049e+009 1.41004826e+009 3.97594251e+008 1.33866085e+008 4.78688635e+007 1.89644893e+007 8.61405753e+006 4.41416619e+006 2.50760980e+006 1.53759498e+006 1.03944144e+006 6.62182451e+005 4.17598000e+005 3.19093516e+005
61413.00435185 0.000000 0.000000 0.000000 1.33745599e+014 8.15442724e+013 1.99844333e+013 1.59331466e+012 1.70828314e+011 3.44046784e+010 1.12342069e+010 4.42215890e+009 1.44044627e+009 4.03597798e+008 1.35072619e+008 4.81703617e+007 1.90991788e+007 8.68140093e+006 4.44714689e+006 2.52477801e+006 1.54895291e+006 1.04801534e+006 6.67948370e+005 4.20868752e+005 3.21328487e+005
61413.16635417 0.000000 0.000000 0.000000 1.33989383e+014 8.19235833e+013 2.01439645e+013 1.61348320e+012 1.72321734e+011 3.45670796e+010 1.12612854e+010 4.42605653e+009 1.44105365e+009 4.03720165e+008 1.35109879e+008 4.81860867e+007 1.91077834e+007 8.68564477e+006 4.44916089e+006 2.52575900e+006 1.54949210e+006 1.04837178e+006 6.68143195e+005 4.20895189e+005 3.21328534e+005
61413.32835648 0.000000 0.000000 0.000000 1.35020374e+014 8.35104913e+013 2.09303728e+013 1.77656355e+012 1.92914869e+011 3.83975941e+010 1.21435879e+010 4.60026345e+009 1.47522743e+009 4.10869346e+008 1.36858970e+008 4.86679492e+007 1.93174538e+007 8.77866353e+006 4.48931650e+006 2.54482926e+006 1.56119288e+006 1.05654818e+006 6.73186159e+005 4.23189968e+005 3.22619422e+005
61413.49035880 0.000000 0.000000 0.000000 1.37745637e+014 8.70087286e+013 2.28780861e+013 2.27953848e+012 2.97117675e+011 6.88050571e+010 2.61490154e+010 1.20515260e+010 3.96297987e+009 1.07344743e+009 3.51393547e+008 1.25201791e+008 4.89347269e+007 2.18860477e+007 1.08906940e+007 6.08532440e+006 3.65827236e+006 2.44955285e+006 1.52361896e+006 9.30561920e+005 6.99347035e+005
61413.65236111 0.000000 0.000000 0.000000 1.38452683e+014 8.78494593e+013 2.32606090e+013 2.40629918e+012 3.38737019e+011 8.46689093e+010 3.37249401e+010 1.62994077e+010 5.39972545e+009 1.47722712e+009 4.85998263e+008 1.74292765e+008 6.85992988e+007 3.06871103e+007 1.51234113e+007 8.35849029e+006 4.97664402e+006 3.32114129e+006 2.06255350e+006 1.25740245e+006 9.42808876e+005
61413.81436343 0.000000 0.000000 0.000000 1.38471240e+014 8.78695305e+013 2.32694727e+013 2.40842600e+012 3.39012260e+011 8.47057478e+010 3.37309620e+010 1.63002501e+010 5.39986575e+009 1.47726470e+009 4.86015552e+008 1.74301806e+008 6.86043512e+007 3.06894660e+007 1.51244704e+007 8.35899747e+006 4.97696197e+006 3.32137262e+006 2.06270245e+006 1.25747053e+006 9.42836044e+005
61413.97636574 0.000000 0.000000 0.000000 1.38471240e+014 8.78695305e+013 2.32694727e+013 2.40842600e+012 3.39012260e+011 8.47057478e+010 3.37309620e+010 1.63002501e+010 5.39986575e+009 1.47726470e+009 4.86015552e+008 1.74301806e+008 6.86043512e+007 3.06894660e+007 1.51244704e+007 8.35899747e+006 4.97696197e+006 3.32137262e+006 2.06270245e+006 1.25747053e+006 9.42836044e+005
61414.13836806 0.000000 0.000000 0.000000 1.38471240e+014 8.78695305e+013 2.32694727e+013 2.40842600e+012 3.39012260e+011 8.47057478e+010 3.37309620e+010 1.63002501e+010 5.39986575e+009 1.47726470e+009 4.86015552e+008 1.74301806e+008 6.86043512e+007 3.06894660e+007 1.51244704e+007 8.35899747e+006 4.97696197e+006 3.32137262e+006 2.06270245e+006 1.25747053e+006 9.42836044e+005
61414.30037037 0.000000 0.000000 0.000000 1.38483993e+014 8.78751270e+013 2.32711294e+013 2.40901723e+012 3.39123173e+011 8.47196155e+010 3.37326365e+010 1.63004652e+010 5.39990972e+009 1.47728373e+009 4.86029288e+008 1.74311455e+008 6.86099401e+007 3.06918499e+007 1.51254577e+007 8.35943119e+006 4.97722936e+006 3.32158111e+006 2.06285176e+006 1.25755771e+006 9.42861543e+005
61414.46237269 0.000000 0.000000 0.000000 1.39467579e+014 8.83597901e+013 2.33668175e+013 2.43058292e+012 3.52219522e+011 8.96574816e+010 3.57434963e+010 1.78424380e+010 6.42122880e+009 1.95787883e+009 7.19937317e+008 2.89179207e+008 1.24180973e+008 5.80271093e+007 2.84326358e+007 1.52909150e+007 8.94291894e+006 5.96121326e+006 3.68964996e+006 2.15450724e+006 1.52948892e+006
61414.62437500 0.000000 0.000000 0.000000 1.42562423e+014 9.03414431e+013 2.40775055e+013 2.52699567e+012 3.66969326e+011 9.36098343e+010 3.72418232e+010 1.89522480e+010 7.09578272e+009 2.25819109e+009 8.63198200e+008 3.59922249e+008 1.59224001e+008 7.56973051e+007 3.72685888e+007 1.99873870e+007 1.16634140e+007 7.77323917e+006 4.80330721e+006 2.76663313e+006 1.92802299e+006
61414.78637731 0.000000 0.000000 0.000000 1.42616474e+014 9.03634222e+013 2.40825334e+013 2.52759857e+012 3.67034665e+011 9.36171436e+010 3.72425887e+010 1.89523298e+010 7.09579787e+009 2.25819783e+009 8.63204041e+008 3.59927161e+008 1.59227225e+008 7.56988253e+007 3.72692481e+007 1.99876994e+007 1.16636323e+007 7.77341864e+006 4.80344139e+006 2.76673475e+006 1.92810429e+006
61414.94837963 0.000000 0.000000 0.000000 1.42616474e+014 9.03634222e+013 2.40825334e+013 2.52759857e+012 3.67034665e+011 9.36171436e+010 3.72425887e+010 1.89523298e+010 7.09579787e+009 2.25819783e+009 8.63204041e+008 3.59927161e+008 1.59227225e+008 7.56988253e+007 3.72692481e+007 1.99876994e+007 1.16636323e+007 7.77341864e+006 4.80344139e+006 2.76673475e+006 1.92810429e+006
61415.11038194 0.000000 0.000000 0.000000 1.42616474e+014 9.03634222e+013 2.40825334e+013 2.52759857e+012 3.67034665e+011 9.36171436e+010 3.72425887e+010 1.89523298e+010 7.09579787e+009 2.25819783e+009 8.63204041e+008 3.59927161e+008 1.59227225e+008 7.56988253e+007 3.72692481e+007 1.99876994e+007 1.16636323e+007 7.77341864e+006 4.80344139e+006 2.76673475e+006 1.92810429e+006
61415.27238426 0.000000 0.000000 0.000000 1.42616474e+014 9.03634222e+013 2.40825334e+013 2.52759857e+012 3.67034665e+011 9.36171436e+010 3.72425887e+010 1.89523298e+010 7.09579787e+009 2.25819783e+009 8.63204041e+008 3.59927161e+008 1.59227225e+008 7.56988253e+007 3.72692481e+007 1.99876994e+007 1.16636323e+007 7.77341864e+006 4.80344139e+006 2.76673475e+006 1.92810429e+006
61415.43438657 0.000000 0.000000 0.000000 1.42616474e+014 9.03634222e+013 2.40825334e+013 2.52759857e+012 3.67034665e+011 9.36171436e+010 3.72425887e+010 1.89523298e+010 7.09579787e+009 2.25819783e+009 8.63204041e+008 3.59927161e+008 1.59227225e+008 7.56988253e+007 3.72692481e+007 1.99876994e+007 1.16636323e+007 7.77341864e+006 4.80344139e+006 2.76673475e+006 1.92810429e+006
61415.59638889 0.000000 0.000000 0.000000 1.42616474e+014 9.03634222e+013 2.40825334e+013 2.52759857e+012 3.67034665e+011 9.36171436e+010 3.72425887e+010 1.89523298e+010 7.09579787e+009 2.25819783e+009 8.63204041e+008 3.59927161e+008 1.59227225e+008 7.56988253e+007 3.72692481e+007 1.99876994e+007 1.16636323e+007 7.77341864e+006 4.80344139e+006 2.76673475e+006 1.92810429e+006
61415.75839120 0.000000 0.000000 0.000000 1.42620481e+014 9.03654090e+013 2.40829971e+013 2.52776111e+012 3.67060877e+011 9.36196615e+010 3.72430148e+010 1.89524297e+010 7.09583232e+009 2.25821424e+009 8.63212668e+008 3.59931644e+008 1.59229805e+008 7.56999324e+007 3.72698299e+007 1.99878131e+007 1.16636298e+007 7.77341651e+006 4.80344015e+006 2.76673475e+006 1.92810429e+006
61415.92039352 0.000000 0.000000 0.000000 1.43028464e+014 9.06132997e+013 2.41874011e+013 2.61019678e+012 4.00739988e+011 1.01600399e+011 3.92722513e+010 1.93920124e+010 7.20671722e+009 2.29521172e+009 8.77994819e+008 3.66071793e+008 1.62331412e+008 7.73239954e+007 3.81544097e+007 2.04995720e+007 1.20120072e+007 8.03995608e+006 4.98483345e+006 2.88679901e+006 2.01624192e+006
61416.08239583 0.000000 0.000000 0.000000 1.45742745e+014 9.19438995e+013 2.45891333e+013 2.74043879e+012 4.48088811e+011 1.13983752e+011 4.27759941e+010 2.02510255e+010 7.42321662e+009 2.36516294e+009 9.07523351e+008 3.79252937e+008 1.68925357e+008 8.06260977e+007 3.98946420e+007 2.15003922e+007 1.26975320e+007 8.56529898e+006 5.33821961e+006 3.11417524e+006 2.18196149e+006
61416.24439815 0.000000 0.000000 0.000000 1.45781324e+014 9.19726369e+013 2.46020895e+013 2.75138925e+012 4.50224092e+011 1.14256561e+011 4.28326968e+010 2.02622065e+010 7.42568446e+009 2.36616757e+009 9.08199440e+008 3.79709090e+008 1.69239172e+008 8.08169190e+007 4.00060981e+007 2.15669869e+007 1.27442200e+007 8.60342855e+006 5.36527942e+006 3.13101152e+006 2.19113806e+006
61416.40640046 0.000000 0.000000 0.000000 1.45781324e+014 9.19726369e+013 2.46020895e+013 2.75138925e+012 4.50224092e+011 1.14256561e+011 4.28326968e+010 2.02622065e+010 7.42568446e+009 2.36616757e+009 9.08199440e+008 3.79709090e+008 1.69239172e+008 8.08169190e+007 4.00060981e+007 2.15669869e+007 1.27442200e+007 8.60342855e+006 5.36527942e+006 3.13101152e+006 2.19113806e+006
61416.56840278 0.000000 0.000000 0.000000 1.45781324e+014 9.19726369e+013 2.46020895e+013 2.75138925e+012 4.50224092e+011 1.14256561e+011 4.28326968e+010 2.02622065e+010 7.42568446e+009 2.36616757e+009 9.08199440e+008 3.79709090e+008 1.69239172e+008 8.08169190e+007 4.00060981e+007 2.15669869e+007 1.27442200e+007 8.60342855e+006 5.36527942e+006 3.13101152e+006 2.19113806e+006
61416.73040509 0.000000 0.000000 0.000000 1.45781324e+014 9.19726369e+013 2.46020895e+013 2.75138925e+012 4.50224092e+011 1.14256561e+011 4.28326968e+010 2.02622065e+010 7.42568446e+009 2.36616757e+009 9.08199440e+008 3.79709090e+008 1.69239172e+008 8.08169190e+007 4.00060981e+007 2.15669869e+007 1.27442200e+007 8.60342855e+006 5.36527942e+006 3.13101152e+006 2.19113806e+006
61416.89240741 0.000000 0.000000 0.000000 1.45781324e+014 9.19726369e+013 2.46020895e+013 2.75138925e+012 4.50224092e+011 1.14256561e+011 4.28326968e+010 2.02622065e+010 7.42568446e+009 2.36616757e+009 9.08199440e+008 3.79709090e+008 1.69239172e+008 8.08169190e+007 4.00060981e+007 2.15669869e+007 1.27442200e+007 8.60342855e+006 5.36527942e+006 3.13101152e+006 2.19113806e+006
61417.05440972 0.000000 0.000000 0.000000 1.45781324e+014 9.19726369e+013 2.46020895e+013 2.75138925e+012 4.50224092e+011 1.14256561e+011 4.28326968e+010 2.02622065e+010 7.42568446e+009 2.36616757e+009 9.08199440e+008 3.79709090e+008 1.69239172e+008 8.08169190e+007 4.00060981e+007 2.15669869e+007 1.27442200e+007 8.60342855e+006 5.36527942e+006 3.13101152e+006 2.19113806e+006
61417.21641204 0.000000 0.000000 0.000000 1.45781324e+014 9.19726369e+013 2.46020895e+013 2.75138925e+012 4.50224092e+011 1.14256561e+011 4.28326968e+010 2.02622065e+010 7.42568446e+009 2.36616757e+009 9.08199440e+008 3.79709090e+008 1.69239172e+008 8.08169190e+007 4.00060981e+007 2.15669869e+007 1.27442200e+007 8.60342855e+006 5.36527942e+006 3.13101152e+006 2.19113806e+006
61417.37841435 0.000000 0.000000 0.000000 1.45781324e+014 9.19726369e+013 2.46020895e+013 2.75138925e+012 4.50224092e+011 1.14256561e+011 4.28326968e+010 2.02622065e+010 7.42568446e+009 2.36616757e+009 9.08199440e+008 3.79709090e+008 1.69239172e+008 8.08169190e+007 4.00060981e+007 2.15669869e+007 1.27442200e+007 8.60342855e+006 5.36527942e+006 3.13101152e+006 2.19113806e+006
61417.54041667 0.000000 0.000000 0.000000 1.45781324e+014 9.19726369e+013 2.46020895e+013 2.75138925e+012 4.50224092e+011 1.14256561e+011 4.28326968e+010 2.02622065e+010 7.42568446e+009 2.36616757e+009 9.08199440e+008 3.79709090e+008 1.69239172e+008 8.08169190e+007 4.00060981e+007 2.15669869e+007 1.27442200e+007 8.60342855e+006 5.36527942e+006 3.13101152e+006 2.19113806e+006
61417.70241898 0.000000 0.000000 0.000000 1.45781324e+014 9.19726369e+013 2.46020895e+013 2.75138925e+012 4.50224092e+011 1.14256561e+011 4.28326968e+010 2.02622065e+010 7.42568446e+009 2.36616757e+009 9.08199440e+008 3.79709090e+008 1.69239172e+008 8.08169190e+007 4.00060981e+007 2.15669869e+007 1.27442200e+007 8.60342855e+006 5.36527942e+006 3.13101152e+006 2.19113806e+006
61417.86442130 0.000000 0.000000 0.000000 1.45781324e+014 9.19726369e+013 2.46020895e+013 2.75138925e+012 4.50224092e+011 1.14256561e+011 4.28326968e+010 2.02622065e+010 7.42568446e+009 2.36616757e+009 9.08199440e+008 3.79709090e+008 1.69239172e+008 8.08169190e+007 4.00060981e+007 2.15669869e+007 1.27442200e+007 8.60342855e+006 5.36527942e+006 3.13101152e+006 2.19113806e+006
61418.02642361 0.000000 0.000000 0.000000 1.45781324e+014 9.19726369e+013 2.46020895e+013 2.75138925e+012 4.50224092e+011 1.14256561e+011 4.28326968e+010 2.02622065e+010 7.42568446e+009 2.36616757e+009 9.08199440e+008 3.79709090e+008 1.69239172e+008 8.08169190e+007 4.00060981e+007 2.15669869e+007 1.27442200e+007 8.60342855e+006 5.36527942e+006 3.13101152e+006 2.19113806e+006
61418.18842593 0.000000 0.000000 0.000000 1.45781317e+014 9.19726365e+013 2.46020896e+013 2.75138924e+012 4.50224099e+011 1.14256562e+011 4.28326971e+010 2.02622066e+010 7.42568448e+009 2.36616757e+009 9.08199437e+008 3.79709090e+008 1.69239172e+008 8.08169190e+007 4.00060981e+007 2.15669869e+007 1.27442200e+007 8.60342855e+006 5.36527942e+006 3.13101152e+006 2.19113806e+006
61418.35042824 0.000000 0.000000 0.000000 1.48031040e+014 9.28357205e+013 2.47373538e+013 2.75623476e+012 4.50547347e+011 1.14287501e+011 4.28354495e+010 2.02627225e+010 7.42584091e+009 2.36623072e+009 9.08225281e+008 3.79717816e+008 1.69242648e+008 8.08182953e+007 4.00066372e+007 2.15672063e+007 1.27443282e+007 8.60349804e+006 5.36532361e+006 3.13104181e+006 2.19116489e+006
61418.51243056 0.000000 0.000000 0.000000 1.54270774e+014 9.61242612e+013 2.58760526e+013 2.89302193e+012 4.63366012e+011 1.15582380e+011 4.30403453e+010 2.03233552e+010 7.48265564e+009 2.39362708e+009 9.19108173e+008 3.83878207e+008 1.70857321e+008 8.14102709e+007 4.02286171e+007 2.16530691e+007 1.27846563e+007 8.62626302e+006 5.37841643e+006 3.13667687e+006 2.19413754e+006
61418.67443287 0.000000 0.000000 0.000000 1.57888719e+014 9.75549891e+013 2.60682099e+013 2.89821371e+012 4.63557793e+011 1.15595044e+011 4.30413047e+010 2.03235124e+010 7.48269290e+009 2.39363818e+009 9.19112185e+008 3.83879733e+008 1.70858074e+008 8.14105914e+007 4.02287382e+007 2.16531159e+007 1.27846816e+007 8.62628129e+006 5.37842928e+006 3.13668741e+006 2.19414834e+006
61418.83643519 0.000000 0.000000 0.000000 1.57888719e+014 9.75549891e+013 2.60682099e+013 2.89821371e+012 4.63557793e+011 1.15595044e+011 4.30413047e+010 2.03235124e+010 7.48269290e+009 2.39363818e+009 9.19112185e+008 3.83879733e+008 1.70858074e+008 8.14105914e+007 4.02287382e+007 2.16531159e+007 1.27846816e+007 8.62628129e+006 5.37842928e+006 3.13668741e+006 2.19414834e+006
61418.99843750 0.000000 0.000000 0.000000 1.57888719e+014 9.75549891e+013 2.60682099e+013 2.89821371e+012 4.63557793e+011 1.15595044e+011 4.30413047e+010 2.03235124e+010 7.48269290e+009 2.39363818e+009 9.19112185e+008 3.83879733e+008 1.70858074e+008 8.14105914e+007 4.02287382e+007 2.16531159e+007 1.27846816e+007 8.62628129e+006 5.37842928e+006 3.13668741e+006 2.19414834e+006
61419.16043981 0.000000 0.000000 0.000000 1.57888719e+014 9.75549891e+013 2.60682099e+013 2.89821371e+012 4.63557793e+011 1.15595044e+011 4.30413047e+010 2.03235124e+010 7.48269290e+009 2.39363818e+009 9.19112185e+008 3.83879733e+008 1.70858074e+008 8.14105914e+007 4.02287382e+007 2.16531159e+007 1.27846816e+007 8.62628129e+006 5.37842928e+006 3.13668741e+006 2.19414834e+006
61419.32244213 0.000000 0.000000 0.000000 1.57888719e+014 9.75549891e+013 2.60682099e+013 2.89821371e+012 4.63557793e+011 1.15595044e+011 4.30413047e+010 2.03235124e+010 7.48269290e+009 2.39363818e+009 9.19112185e+008 3.83879733e+008 1.70858074e+008 8.14105914e+007 4.02287382e+007 2.16531159e+007 1.27846816e+007 8.62628129e+006 5.37842928e+006 3.13668741e+006 2.19414834e+006
61419.48444444 0.000000 0.000000 0.000000 1.57888719e+014 9.75549891e+013 2.60682099e+013 2.89821371e+012 4.63557793e+011 1.15595044e+011 4.30413047e+010 2.03235124e+010 7.48269290e+009 2.39363818e+009 9.19112185e+008 3.83879733e+008 1.70858074e+008 8.14105914e+007 4.02287382e+007 2.16531159e+007 1.27846816e+007 8.62628129e+006 5.37842928e+006 3.13668741e+006 2.19414834e+006
61419.64644676 0.000000 0.000000 0.000000 1.57888719e+014 9.75549891e+013 2.60682099e+013 2.89821371e+012 4.63557793e+011 1.15595044e+011 4.30413047e+010 2.03235124e+010 7.48269290e+009 2.39363818e+009 9.19112185e+008 3.83879733e+008 1.70858074e+008 8.14105914e+007 4.02287382e+007 2.16531159e+007 1.27846816e+007 8.62628129e+006 5.37842928e+006 3.13668741e+006 2.19414834e+006
61419.80844907 0.000000 0.000000 0.000000 1.57888719e+014 9.75549891e+013 2.60682099e+013 2.89821371e+012 4.63557793e+011 1.15595044e+011 4.30413047e+010 2.03235124e+010 7.48269290e+009 2.39363818e+009 9.19112185e+008 3.83879733e+008 1.70858074e+008 8.14105914e+007 4.02287382e+007 2.16531159e+007 1.27846816e+007 8.62628129e+006 5.37842928e+006 3.13668741e+006 2.19414834e+006
61419.97045139 0.000000 0.000000 0.000000 1.57888719e+014 9.75549891e+013 2.60682099e+013 2.89821371e+012 4.63557793e+011 1.15595044e+011 4.30413047e+010 2.03235124e+010 7.48269290e+009 2.39363818e+009 9.19112185e+008 3.83879733e+008 1.70858074e+008 8.14105914e+007 4.02287382e+007 2.16531159e+007 1.27846816e+007 8.62628129e+006 5.37842928e+006 3.13668741e+006 2.19414834e+006
61420.13245370 0.000000 0.000000 0.000000 1.57888719e+014 9.75549891e+013 2.60682099e+013 2.89821371e+012 4.63557793e+011 1.15595044e+011 4.30413047e+010 2.03235124e+010 7.48269290e+009 2.39363818e+009 9.19112185e+008 3.83879733e+008 1.70858074e+008 8.14105914e+007 4.02287382e+007 2.16531159e+007 1.27846816e+007 8.62628129e+006 5.37842928e+006 3.13668741e+006 2.19414834e+006
61420.29445602 0.000000 0.000000 0.000000 1.57888719e+014 9.75549891e+013 2.60682099e+013 2.89821371e+012 4.63557793e+011 1.15595044e+011 4.30413047e+010 2.03235124e+010 7.48269290e+009 2.39363818e+009 9.19112185e+008 3.83879733e+008 1.70858074e+008 8.14105914e+007 4.02287382e+007 2.16531159e+007 1.27846816e+007 8.62628129e+006 5.37842928e+006 3.13668741e+006 2.19414834e+006
61420.45645833 0.000000 0.000000 0.000000 1.57888719e+014 9.75549891e+013 2.60682099e+013 2.89821371e+012 4.63557793e+011 1.15595044e+011 4.30413047e+010 2.03235124e+010 7.48269290e+009 2.39363818e+009 9.19112185e+008 3.83879733e+008 1.70858074e+008 8.14105914e+007 4.02287382e+007 2.16531159e+007 1.27846816e+007 8.62628129e+006 5.37842928e+006 3.13668741e+006 2.19414834e+006
61420.55915852 0.000000 0.000000 0.000000 1.57888719e+014 9.75549891e+013 2.60682099e+013 2.89821371e+012 4.63557793e+011 1.15595044e+011 4.30413047e+010 2.03235124e+010 7.48269290e+009 2.39363818e+009 9.19112185e+008 3.83879733e+008 1.70858074e+008 8.14105914e+007 4.02287382e+007 2.16531159e+007 1.27846816e+007 8.62628129e+006 5.37842928e+006 3.13668741e+006 2.19414834e+006
