# Ae9Ap9 Model output file: MoonBEAM_trajectory_trade/Rp18408_COM_8per90prop30inc_Sci.AE9.output_mc_fluenceIntv_077.txt
# Ae9Ap9 Software Version:  1.50.001
#
# Model type:               AE9
# Particle species:         e-
# Flux type:                1PtDiff
# Flux direction:           Omnidirectional
# Energy levels (MeV):       0.04 0.07 0.1 0.25 0.5 0.75 1 1.5 2 2.5 3 3.5 4 4.5 5 5.5 6 6.5 7 8.5 10
#
# Accumulation mode:        Interval, length = 16589 seconds (0.192002 days)
#
# Time format:              Modified Julian Date
# Coordinate system:        GEI (Geocentric Equatorial Inertial) Cartesian in km
# Data Delimiter:           space
#
# datetime(mjd),posx(km),posy(km),posz(km),fluence,fluence,fluence,fluence,fluence,fluence,fluence,fluence,fluence,fluence,fluence,fluence,fluence,fluence,fluence,fluence,fluence,fluence,fluence,fluence,fluence(#/cm^2/MeV)
61429.66149804 0.000000 0.000000 0.000000 0.00000000e+000 0.00000000e+000 0.00000000e+000 0.00000000e+000 0.00000000e+000 0.00000000e+000 0.00000000e+000 0.00000000e+000 0.00000000e+000 0.00000000e+000 0.00000000e+000 0.00000000e+000 0.00000000e+000 0.00000000e+000 0.00000000e+000 0.00000000e+000 0.00000000e+000 0.00000000e+000 0.00000000e+000 0.00000000e+000 0.00000000e+000
61429.85350036 0.000000 0.000000 0.000000 0.00000000e+000 0.00000000e+000 0.00000000e+000 0.00000000e+000 0.00000000e+000 0.00000000e+000 0.00000000e+000 0.00000000e+000 0.00000000e+000 0.00000000e+000 0.00000000e+000 0.00000000e+000 0.00000000e+000 0.00000000e+000 0.00000000e+000 0.00000000e+000 0.00000000e+000 0.00000000e+000 0.00000000e+000 0.00000000e+000 0.00000000e+000
61430.04550267 0.000000 0.000000 0.000000 0.00000000e+000 0.00000000e+000 0.00000000e+000 0.00000000e+000 0.00000000e+000 0.00000000e+000 0.00000000e+000 0.00000000e+000 0.00000000e+000 0.00000000e+000 0.00000000e+000 0.00000000e+000 0.00000000e+000 0.00000000e+000 0.00000000e+000 0.00000000e+000 0.00000000e+000 0.00000000e+000 0.00000000e+000 0.00000000e+000 0.00000000e+000
61430.23750499 0.000000 0.000000 0.000000 0.00000000e+000 0.00000000e+000 0.00000000e+000 0.00000000e+000 0.00000000e+000 0.00000000e+000 0.00000000e+000 0.00000000e+000 0.00000000e+000 0.00000000e+000 0.00000000e+000 0.00000000e+000 0.00000000e+000 0.00000000e+000 0.00000000e+000 0.00000000e+000 0.00000000e+000 0.00000000e+000 0.00000000e+000 0.00000000e+000 0.00000000e+000
61430.42950730 0.000000 0.000000 0.000000 0.00000000e+000 0.00000000e+000 0.00000000e+000 0.00000000e+000 0.00000000e+000 0.00000000e+000 0.00000000e+000 0.00000000e+000 0.00000000e+000 0.00000000e+000 0.00000000e+000 0.00000000e+000 0.00000000e+000 0.00000000e+000 0.00000000e+000 0.00000000e+000 0.00000000e+000 0.00000000e+000 0.00000000e+000 0.00000000e+000 0.00000000e+000
61430.62150962 0.000000 0.000000 0.000000 0.00000000e+000 0.00000000e+000 0.00000000e+000 0.00000000e+000 0.00000000e+000 0.00000000e+000 0.00000000e+000 0.00000000e+000 0.00000000e+000 0.00000000e+000 0.00000000e+000 0.00000000e+000 0.00000000e+000 0.00000000e+000 0.00000000e+000 0.00000000e+000 0.00000000e+000 0.00000000e+000 0.00000000e+000 0.00000000e+000 0.00000000e+000
61430.81351193 0.000000 0.000000 0.000000 0.00000000e+000 0.00000000e+000 0.00000000e+000 0.00000000e+000 0.00000000e+000 0.00000000e+000 0.00000000e+000 0.00000000e+000 0.00000000e+000 0.00000000e+000 0.00000000e+000 0.00000000e+000 0.00000000e+000 0.00000000e+000 0.00000000e+000 0.00000000e+000 0.00000000e+000 0.00000000e+000 0.00000000e+000 0.00000000e+000 0.00000000e+000
61431.00551425 0.000000 0.000000 0.000000 0.00000000e+000 0.00000000e+000 0.00000000e+000 0.00000000e+000 0.00000000e+000 0.00000000e+000 0.00000000e+000 0.00000000e+000 0.00000000e+000 0.00000000e+000 0.00000000e+000 0.00000000e+000 0.00000000e+000 0.00000000e+000 0.00000000e+000 0.00000000e+000 0.00000000e+000 0.00000000e+000 0.00000000e+000 0.00000000e+000 0.00000000e+000
61431.19751656 0.000000 0.000000 0.000000 0.00000000e+000 0.00000000e+000 0.00000000e+000 0.00000000e+000 0.00000000e+000 0.00000000e+000 0.00000000e+000 0.00000000e+000 0.00000000e+000 0.00000000e+000 0.00000000e+000 0.00000000e+000 0.00000000e+000 0.00000000e+000 0.00000000e+000 0.00000000e+000 0.00000000e+000 0.00000000e+000 0.00000000e+000 0.00000000e+000 0.00000000e+000
61431.38951888 0.000000 0.000000 0.000000 0.00000000e+000 0.00000000e+000 0.00000000e+000 0.00000000e+000 0.00000000e+000 0.00000000e+000 0.00000000e+000 0.00000000e+000 0.00000000e+000 0.00000000e+000 0.00000000e+000 0.00000000e+000 0.00000000e+000 0.00000000e+000 0.00000000e+000 0.00000000e+000 0.00000000e+000 0.00000000e+000 0.00000000e+000 0.00000000e+000 0.00000000e+000
61431.58152119 0.000000 0.000000 0.000000 3.29842863e+010 2.81015625e+010 9.24746652e+009 1.83068389e+009 2.01340440e+008 2.47501415e+007 4.14555346e+006 9.19756180e+005 2.80179011e+005 1.07874940e+005 5.36912692e+004 2.91368716e+004 1.73595930e+004 8.79576912e+003 4.24983578e+003 1.64163777e+003 2.02312716e+002 1.33845070e+002 7.79126798e+001 -1.07881509e+001 0.00000000e+000
61431.77352351 0.000000 0.000000 0.000000 3.09796546e+012 3.32549334e+012 1.50699047e+012 4.81953712e+011 1.71304385e+011 9.08488661e+010 5.12620973e+010 2.01352878e+010 6.33030564e+009 2.04008561e+009 6.82903835e+008 2.41114524e+008 8.77223848e+007 2.99263275e+007 1.01440167e+007 4.14638351e+006 2.30552700e+006 1.57033979e+006 9.68342301e+005 4.74570581e+005 2.79839920e+005
61431.96552582 0.000000 0.000000 0.000000 3.89929723e+012 4.19273155e+012 1.90045451e+012 7.20544865e+011 2.70281890e+011 1.43240590e+011 8.05769720e+010 3.12830814e+010 9.75987697e+009 3.06901679e+009 1.01843016e+009 3.61411546e+008 1.35048668e+008 4.70626791e+007 1.59891035e+007 6.41379256e+006 3.52299080e+006 2.39480880e+006 1.48774832e+006 7.30285984e+005 4.31470245e+005
61432.15752814 0.000000 0.000000 0.000000 3.89929723e+012 4.19273155e+012 1.90045451e+012 7.20544865e+011 2.70281890e+011 1.43240590e+011 8.05769720e+010 3.12830814e+010 9.75987697e+009 3.06901679e+009 1.01843016e+009 3.61411546e+008 1.35048668e+008 4.70626791e+007 1.59891035e+007 6.41379256e+006 3.52299080e+006 2.39480880e+006 1.48774832e+006 7.30285984e+005 4.31470245e+005
61432.34953045 0.000000 0.000000 0.000000 3.89929723e+012 4.19273155e+012 1.90045451e+012 7.20544865e+011 2.70281890e+011 1.43240590e+011 8.05769720e+010 3.12830814e+010 9.75987697e+009 3.06901679e+009 1.01843016e+009 3.61411546e+008 1.35048668e+008 4.70626791e+007 1.59891035e+007 6.41379256e+006 3.52299080e+006 2.39480880e+006 1.48774832e+006 7.30285984e+005 4.31470245e+005
61432.54153277 0.000000 0.000000 0.000000 3.89929723e+012 4.19273155e+012 1.90045451e+012 7.20544865e+011 2.70281890e+011 1.43240590e+011 8.05769720e+010 3.12830814e+010 9.75987697e+009 3.06901679e+009 1.01843016e+009 3.61411546e+008 1.35048668e+008 4.70626791e+007 1.59891035e+007 6.41379256e+006 3.52299080e+006 2.39480880e+006 1.48774832e+006 7.30285984e+005 4.31470245e+005
61432.73353508 0.000000 0.000000 0.000000 3.89929723e+012 4.19273155e+012 1.90045451e+012 7.20544865e+011 2.70281890e+011 1.43240590e+011 8.05769720e+010 3.12830814e+010 9.75987697e+009 3.06901679e+009 1.01843016e+009 3.61411546e+008 1.35048668e+008 4.70626791e+007 1.59891035e+007 6.41379256e+006 3.52299080e+006 2.39480880e+006 1.48774832e+006 7.30285984e+005 4.31470245e+005
61432.92553740 0.000000 0.000000 0.000000 3.89929723e+012 4.19273155e+012 1.90045451e+012 7.20544865e+011 2.70281890e+011 1.43240590e+011 8.05769720e+010 3.12830814e+010 9.75987697e+009 3.06901679e+009 1.01843016e+009 3.61411546e+008 1.35048668e+008 4.70626791e+007 1.59891035e+007 6.41379256e+006 3.52299080e+006 2.39480880e+006 1.48774832e+006 7.30285984e+005 4.31470245e+005
61433.11753971 0.000000 0.000000 0.000000 3.89929723e+012 4.19273155e+012 1.90045451e+012 7.20544865e+011 2.70281890e+011 1.43240590e+011 8.05769720e+010 3.12830814e+010 9.75987697e+009 3.06901679e+009 1.01843016e+009 3.61411546e+008 1.35048668e+008 4.70626791e+007 1.59891035e+007 6.41379256e+006 3.52299080e+006 2.39480880e+006 1.48774832e+006 7.30285984e+005 4.31470245e+005
61433.30954203 0.000000 0.000000 0.000000 3.89929723e+012 4.19273155e+012 1.90045451e+012 7.20544865e+011 2.70281890e+011 1.43240590e+011 8.05769720e+010 3.12830814e+010 9.75987697e+009 3.06901679e+009 1.01843016e+009 3.61411546e+008 1.35048668e+008 4.70626791e+007 1.59891035e+007 6.41379256e+006 3.52299080e+006 2.39480880e+006 1.48774832e+006 7.30285984e+005 4.31470245e+005
61433.50154434 0.000000 0.000000 0.000000 3.89929723e+012 4.19273155e+012 1.90045451e+012 7.20544865e+011 2.70281890e+011 1.43240590e+011 8.05769720e+010 3.12830814e+010 9.75987697e+009 3.06901679e+009 1.01843016e+009 3.61411546e+008 1.35048668e+008 4.70626791e+007 1.59891035e+007 6.41379256e+006 3.52299080e+006 2.39480880e+006 1.48774832e+006 7.30285984e+005 4.31470245e+005
61433.69354666 0.000000 0.000000 0.000000 3.89929723e+012 4.19273155e+012 1.90045451e+012 7.20544865e+011 2.70281890e+011 1.43240590e+011 8.05769720e+010 3.12830814e+010 9.75987697e+009 3.06901679e+009 1.01843016e+009 3.61411546e+008 1.35048668e+008 4.70626791e+007 1.59891035e+007 6.41379256e+006 3.52299080e+006 2.39480880e+006 1.48774832e+006 7.30285984e+005 4.31470245e+005
61433.88554897 0.000000 0.000000 0.000000 3.89929723e+012 4.19273155e+012 1.90045451e+012 7.20544865e+011 2.70281890e+011 1.43240590e+011 8.05769720e+010 3.12830814e+010 9.75987697e+009 3.06901679e+009 1.01843016e+009 3.61411546e+008 1.35048668e+008 4.70626791e+007 1.59891035e+007 6.41379256e+006 3.52299080e+006 2.39480880e+006 1.48774832e+006 7.30285984e+005 4.31470245e+005
61433.90511367 0.000000 0.000000 0.000000 3.89929723e+012 4.19273155e+012 1.90045451e+012 7.20544865e+011 2.70281890e+011 1.43240590e+011 8.05769720e+010 3.12830814e+010 9.75987697e+009 3.06901679e+009 1.01843016e+009 3.61411546e+008 1.35048668e+008 4.70626791e+007 1.59891035e+007 6.41379256e+006 3.52299080e+006 2.39480880e+006 1.48774832e+006 7.30285984e+005 4.31470245e+005
