# Ae9Ap9 Model output file: MoonBEAM_trajectory_trade/Rp18408_COM_8per90prop30inc_Sci.AP9.output_mc_fluenceIntv_017.txt
# Ae9Ap9 Software Version:  1.50.001
#
# Model type:               AP9
# Particle species:         H+
# Flux type:                1PtDiff
# Flux direction:           Omnidirectional
# Energy levels (MeV):       0.1 0.2 0.4 0.6 0.8 1 2 4 6 8 10 15 20 30 50 60 80 100 150 200 300 400 700 1200 2000
#
# Accumulation mode:        Interval, length = 16589 seconds (0.192002 days)
#
# Time format:              Modified Julian Date
# Coordinate system:        GEI (Geocentric Equatorial Inertial) Cartesian in km
# Data Delimiter:           space
#
# datetime(mjd),posx(km),posy(km),posz(km),fluence,fluence,fluence,fluence,fluence,fluence,fluence,fluence,fluence,fluence,fluence,fluence,fluence,fluence,fluence,fluence,fluence,fluence,fluence,fluence,fluence,fluence,fluence,fluence,fluence(#/cm^2/MeV)
61429.66149804 0.000000 0.000000 0.000000 0.00000000e+000 0.00000000e+000 0.00000000e+000 0.00000000e+000 0.00000000e+000 0.00000000e+000 0.00000000e+000 0.00000000e+000 0.00000000e+000 0.00000000e+000 0.00000000e+000 0.00000000e+000 0.00000000e+000 0.00000000e+000 0.00000000e+000 0.00000000e+000 0.00000000e+000 0.00000000e+000 0.00000000e+000 0.00000000e+000 0.00000000e+000 0.00000000e+000 0.00000000e+000 0.00000000e+000 0.00000000e+000
61429.85350036 0.000000 0.000000 0.000000 0.00000000e+000 0.00000000e+000 0.00000000e+000 0.00000000e+000 0.00000000e+000 0.00000000e+000 0.00000000e+000 0.00000000e+000 0.00000000e+000 0.00000000e+000 0.00000000e+000 0.00000000e+000 0.00000000e+000 0.00000000e+000 0.00000000e+000 0.00000000e+000 0.00000000e+000 0.00000000e+000 0.00000000e+000 0.00000000e+000 0.00000000e+000 0.00000000e+000 0.00000000e+000 0.00000000e+000 0.00000000e+000
61430.04550267 0.000000 0.000000 0.000000 0.00000000e+000 0.00000000e+000 0.00000000e+000 0.00000000e+000 0.00000000e+000 0.00000000e+000 0.00000000e+000 0.00000000e+000 0.00000000e+000 0.00000000e+000 0.00000000e+000 0.00000000e+000 0.00000000e+000 0.00000000e+000 0.00000000e+000 0.00000000e+000 0.00000000e+000 0.00000000e+000 0.00000000e+000 0.00000000e+000 0.00000000e+000 0.00000000e+000 0.00000000e+000 0.00000000e+000 0.00000000e+000
61430.23750499 0.000000 0.000000 0.000000 0.00000000e+000 0.00000000e+000 0.00000000e+000 0.00000000e+000 0.00000000e+000 0.00000000e+000 0.00000000e+000 0.00000000e+000 0.00000000e+000 0.00000000e+000 0.00000000e+000 0.00000000e+000 0.00000000e+000 0.00000000e+000 0.00000000e+000 0.00000000e+000 0.00000000e+000 0.00000000e+000 0.00000000e+000 0.00000000e+000 0.00000000e+000 0.00000000e+000 0.00000000e+000 0.00000000e+000 0.00000000e+000
61430.42950730 0.000000 0.000000 0.000000 0.00000000e+000 0.00000000e+000 0.00000000e+000 0.00000000e+000 0.00000000e+000 0.00000000e+000 0.00000000e+000 0.00000000e+000 0.00000000e+000 0.00000000e+000 0.00000000e+000 0.00000000e+000 0.00000000e+000 0.00000000e+000 0.00000000e+000 0.00000000e+000 0.00000000e+000 0.00000000e+000 0.00000000e+000 0.00000000e+000 0.00000000e+000 0.00000000e+000 0.00000000e+000 0.00000000e+000 0.00000000e+000
61430.62150962 0.000000 0.000000 0.000000 0.00000000e+000 0.00000000e+000 0.00000000e+000 0.00000000e+000 0.00000000e+000 0.00000000e+000 0.00000000e+000 0.00000000e+000 0.00000000e+000 0.00000000e+000 0.00000000e+000 0.00000000e+000 0.00000000e+000 0.00000000e+000 0.00000000e+000 0.00000000e+000 0.00000000e+000 0.00000000e+000 0.00000000e+000 0.00000000e+000 0.00000000e+000 0.00000000e+000 0.00000000e+000 0.00000000e+000 0.00000000e+000
61430.81351193 0.000000 0.000000 0.000000 0.00000000e+000 0.00000000e+000 0.00000000e+000 0.00000000e+000 0.00000000e+000 0.00000000e+000 0.00000000e+000 0.00000000e+000 0.00000000e+000 0.00000000e+000 0.00000000e+000 0.00000000e+000 0.00000000e+000 0.00000000e+000 0.00000000e+000 0.00000000e+000 0.00000000e+000 0.00000000e+000 0.00000000e+000 0.00000000e+000 0.00000000e+000 0.00000000e+000 0.00000000e+000 0.00000000e+000 0.00000000e+000
61431.00551425 0.000000 0.000000 0.000000 0.00000000e+000 0.00000000e+000 0.00000000e+000 0.00000000e+000 0.00000000e+000 0.00000000e+000 0.00000000e+000 0.00000000e+000 0.00000000e+000 0.00000000e+000 0.00000000e+000 0.00000000e+000 0.00000000e+000 0.00000000e+000 0.00000000e+000 0.00000000e+000 0.00000000e+000 0.00000000e+000 0.00000000e+000 0.00000000e+000 0.00000000e+000 0.00000000e+000 0.00000000e+000 0.00000000e+000 0.00000000e+000
61431.19751656 0.000000 0.000000 0.000000 0.00000000e+000 0.00000000e+000 0.00000000e+000 0.00000000e+000 0.00000000e+000 0.00000000e+000 0.00000000e+000 0.00000000e+000 0.00000000e+000 0.00000000e+000 0.00000000e+000 0.00000000e+000 0.00000000e+000 0.00000000e+000 0.00000000e+000 0.00000000e+000 0.00000000e+000 0.00000000e+000 0.00000000e+000 0.00000000e+000 0.00000000e+000 0.00000000e+000 0.00000000e+000 0.00000000e+000 0.00000000e+000
61431.38951888 0.000000 0.000000 0.000000 0.00000000e+000 0.00000000e+000 0.00000000e+000 0.00000000e+000 0.00000000e+000 0.00000000e+000 0.00000000e+000 0.00000000e+000 0.00000000e+000 0.00000000e+000 0.00000000e+000 0.00000000e+000 0.00000000e+000 0.00000000e+000 0.00000000e+000 0.00000000e+000 0.00000000e+000 0.00000000e+000 0.00000000e+000 0.00000000e+000 0.00000000e+000 0.00000000e+000 0.00000000e+000 0.00000000e+000 0.00000000e+000
61431.58152119 0.000000 0.000000 0.000000 9.25100625e+007 3.70734685e+007 7.38300241e+006 1.36595632e+006 3.02845475e+005 1.16971166e+004 4.47361792e+001 -4.70391200e-002 0.00000000e+000 0.00000000e+000 0.00000000e+000 0.00000000e+000 0.00000000e+000 0.00000000e+000 0.00000000e+000 0.00000000e+000 0.00000000e+000 0.00000000e+000 0.00000000e+000 0.00000000e+000 0.00000000e+000 0.00000000e+000 0.00000000e+000 0.00000000e+000 0.00000000e+000
61431.77352351 0.000000 0.000000 0.000000 1.46528300e+012 1.27282487e+012 1.07062736e+012 6.33642754e+011 3.39219176e+011 8.11844453e+010 6.10016870e+009 3.32778539e+008 2.51281406e+007 4.18877407e+006 6.32039749e+005 1.31274154e+005 2.72284216e+004 7.93620947e+003 3.04375208e+003 1.64923116e+003 1.04796463e+003 5.08433207e+002 3.40032122e+002 9.45765453e+001 2.07510408e+001 3.06391573e-001 0.00000000e+000 0.00000000e+000 0.00000000e+000
61431.96552582 0.000000 0.000000 0.000000 1.97935861e+012 1.55395532e+012 1.16639570e+012 6.59809443e+011 3.47865012e+011 8.22884053e+010 6.13303251e+009 3.32977343e+008 2.51319224e+007 4.18893679e+006 6.32053084e+005 1.31274177e+005 2.72284216e+004 7.93620947e+003 3.04375208e+003 1.64923116e+003 1.04796463e+003 5.08433207e+002 3.40032122e+002 9.45765453e+001 2.07510408e+001 3.06391573e-001 0.00000000e+000 0.00000000e+000 0.00000000e+000
61432.15752814 0.000000 0.000000 0.000000 1.97935861e+012 1.55395532e+012 1.16639570e+012 6.59809443e+011 3.47865012e+011 8.22884053e+010 6.13303251e+009 3.32977343e+008 2.51319224e+007 4.18893679e+006 6.32053084e+005 1.31274177e+005 2.72284216e+004 7.93620947e+003 3.04375208e+003 1.64923116e+003 1.04796463e+003 5.08433207e+002 3.40032122e+002 9.45765453e+001 2.07510408e+001 3.06391573e-001 0.00000000e+000 0.00000000e+000 0.00000000e+000
61432.34953045 0.000000 0.000000 0.000000 1.97935861e+012 1.55395532e+012 1.16639570e+012 6.59809443e+011 3.47865012e+011 8.22884053e+010 6.13303251e+009 3.32977343e+008 2.51319224e+007 4.18893679e+006 6.32053084e+005 1.31274177e+005 2.72284216e+004 7.93620947e+003 3.04375208e+003 1.64923116e+003 1.04796463e+003 5.08433207e+002 3.40032122e+002 9.45765453e+001 2.07510408e+001 3.06391573e-001 0.00000000e+000 0.00000000e+000 0.00000000e+000
61432.54153277 0.000000 0.000000 0.000000 1.97935861e+012 1.55395532e+012 1.16639570e+012 6.59809443e+011 3.47865012e+011 8.22884053e+010 6.13303251e+009 3.32977343e+008 2.51319224e+007 4.18893679e+006 6.32053084e+005 1.31274177e+005 2.72284216e+004 7.93620947e+003 3.04375208e+003 1.64923116e+003 1.04796463e+003 5.08433207e+002 3.40032122e+002 9.45765453e+001 2.07510408e+001 3.06391573e-001 0.00000000e+000 0.00000000e+000 0.00000000e+000
61432.73353508 0.000000 0.000000 0.000000 1.97935861e+012 1.55395532e+012 1.16639570e+012 6.59809443e+011 3.47865012e+011 8.22884053e+010 6.13303251e+009 3.32977343e+008 2.51319224e+007 4.18893679e+006 6.32053084e+005 1.31274177e+005 2.72284216e+004 7.93620947e+003 3.04375208e+003 1.64923116e+003 1.04796463e+003 5.08433207e+002 3.40032122e+002 9.45765453e+001 2.07510408e+001 3.06391573e-001 0.00000000e+000 0.00000000e+000 0.00000000e+000
61432.92553740 0.000000 0.000000 0.000000 1.97935861e+012 1.55395532e+012 1.16639570e+012 6.59809443e+011 3.47865012e+011 8.22884053e+010 6.13303251e+009 3.32977343e+008 2.51319224e+007 4.18893679e+006 6.32053084e+005 1.31274177e+005 2.72284216e+004 7.93620947e+003 3.04375208e+003 1.64923116e+003 1.04796463e+003 5.08433207e+002 3.40032122e+002 9.45765453e+001 2.07510408e+001 3.06391573e-001 0.00000000e+000 0.00000000e+000 0.00000000e+000
61433.11753971 0.000000 0.000000 0.000000 1.97935861e+012 1.55395532e+012 1.16639570e+012 6.59809443e+011 3.47865012e+011 8.22884053e+010 6.13303251e+009 3.32977343e+008 2.51319224e+007 4.18893679e+006 6.32053084e+005 1.31274177e+005 2.72284216e+004 7.93620947e+003 3.04375208e+003 1.64923116e+003 1.04796463e+003 5.08433207e+002 3.40032122e+002 9.45765453e+001 2.07510408e+001 3.06391573e-001 0.00000000e+000 0.00000000e+000 0.00000000e+000
61433.30954203 0.000000 0.000000 0.000000 1.97935861e+012 1.55395532e+012 1.16639570e+012 6.59809443e+011 3.47865012e+011 8.22884053e+010 6.13303251e+009 3.32977343e+008 2.51319224e+007 4.18893679e+006 6.32053084e+005 1.31274177e+005 2.72284216e+004 7.93620947e+003 3.04375208e+003 1.64923116e+003 1.04796463e+003 5.08433207e+002 3.40032122e+002 9.45765453e+001 2.07510408e+001 3.06391573e-001 0.00000000e+000 0.00000000e+000 0.00000000e+000
61433.50154434 0.000000 0.000000 0.000000 1.97935861e+012 1.55395532e+012 1.16639570e+012 6.59809443e+011 3.47865012e+011 8.22884053e+010 6.13303251e+009 3.32977343e+008 2.51319224e+007 4.18893679e+006 6.32053084e+005 1.31274177e+005 2.72284216e+004 7.93620947e+003 3.04375208e+003 1.64923116e+003 1.04796463e+003 5.08433207e+002 3.40032122e+002 9.45765453e+001 2.07510408e+001 3.06391573e-001 0.00000000e+000 0.00000000e+000 0.00000000e+000
61433.69354666 0.000000 0.000000 0.000000 1.97935861e+012 1.55395532e+012 1.16639570e+012 6.59809443e+011 3.47865012e+011 8.22884053e+010 6.13303251e+009 3.32977343e+008 2.51319224e+007 4.18893679e+006 6.32053084e+005 1.31274177e+005 2.72284216e+004 7.93620947e+003 3.04375208e+003 1.64923116e+003 1.04796463e+003 5.08433207e+002 3.40032122e+002 9.45765453e+001 2.07510408e+001 3.06391573e-001 0.00000000e+000 0.00000000e+000 0.00000000e+000
61433.88554897 0.000000 0.000000 0.000000 1.97935861e+012 1.55395532e+012 1.16639570e+012 6.59809443e+011 3.47865012e+011 8.22884053e+010 6.13303251e+009 3.32977343e+008 2.51319224e+007 4.18893679e+006 6.32053084e+005 1.31274177e+005 2.72284216e+004 7.93620947e+003 3.04375208e+003 1.64923116e+003 1.04796463e+003 5.08433207e+002 3.40032122e+002 9.45765453e+001 2.07510408e+001 3.06391573e-001 0.00000000e+000 0.00000000e+000 0.00000000e+000
61433.90511367 0.000000 0.000000 0.000000 1.97935861e+012 1.55395532e+012 1.16639570e+012 6.59809443e+011 3.47865012e+011 8.22884053e+010 6.13303251e+009 3.32977343e+008 2.51319224e+007 4.18893679e+006 6.32053084e+005 1.31274177e+005 2.72284216e+004 7.93620947e+003 3.04375208e+003 1.64923116e+003 1.04796463e+003 5.08433207e+002 3.40032122e+002 9.45765453e+001 2.07510408e+001 3.06391573e-001 0.00000000e+000 0.00000000e+000 0.00000000e+000
