# Ae9Ap9 Model output file: MoonBEAM_trajectory_trade/Rp18408_COM_8per90prop30inc_Sci.AP9.output_mc_fluenceIntv_049.txt
# Ae9Ap9 Software Version:  1.50.001
#
# Model type:               AP9
# Particle species:         H+
# Flux type:                1PtDiff
# Flux direction:           Omnidirectional
# Energy levels (MeV):       0.1 0.2 0.4 0.6 0.8 1 2 4 6 8 10 15 20 30 50 60 80 100 150 200 300 400 700 1200 2000
#
# Accumulation mode:        Interval, length = 16589 seconds (0.192002 days)
#
# Time format:              Modified Julian Date
# Coordinate system:        GEI (Geocentric Equatorial Inertial) Cartesian in km
# Data Delimiter:           space
#
# datetime(mjd),posx(km),posy(km),posz(km),fluence,fluence,fluence,fluence,fluence,fluence,fluence,fluence,fluence,fluence,fluence,fluence,fluence,fluence,fluence,fluence,fluence,fluence,fluence,fluence,fluence,fluence,fluence,fluence,fluence(#/cm^2/MeV)
61429.66149804 0.000000 0.000000 0.000000 0.00000000e+000 0.00000000e+000 0.00000000e+000 0.00000000e+000 0.00000000e+000 0.00000000e+000 0.00000000e+000 0.00000000e+000 0.00000000e+000 0.00000000e+000 0.00000000e+000 0.00000000e+000 0.00000000e+000 0.00000000e+000 0.00000000e+000 0.00000000e+000 0.00000000e+000 0.00000000e+000 0.00000000e+000 0.00000000e+000 0.00000000e+000 0.00000000e+000 0.00000000e+000 0.00000000e+000 0.00000000e+000
61429.85350036 0.000000 0.000000 0.000000 0.00000000e+000 0.00000000e+000 0.00000000e+000 0.00000000e+000 0.00000000e+000 0.00000000e+000 0.00000000e+000 0.00000000e+000 0.00000000e+000 0.00000000e+000 0.00000000e+000 0.00000000e+000 0.00000000e+000 0.00000000e+000 0.00000000e+000 0.00000000e+000 0.00000000e+000 0.00000000e+000 0.00000000e+000 0.00000000e+000 0.00000000e+000 0.00000000e+000 0.00000000e+000 0.00000000e+000 0.00000000e+000
61430.04550267 0.000000 0.000000 0.000000 0.00000000e+000 0.00000000e+000 0.00000000e+000 0.00000000e+000 0.00000000e+000 0.00000000e+000 0.00000000e+000 0.00000000e+000 0.00000000e+000 0.00000000e+000 0.00000000e+000 0.00000000e+000 0.00000000e+000 0.00000000e+000 0.00000000e+000 0.00000000e+000 0.00000000e+000 0.00000000e+000 0.00000000e+000 0.00000000e+000 0.00000000e+000 0.00000000e+000 0.00000000e+000 0.00000000e+000 0.00000000e+000
61430.23750499 0.000000 0.000000 0.000000 0.00000000e+000 0.00000000e+000 0.00000000e+000 0.00000000e+000 0.00000000e+000 0.00000000e+000 0.00000000e+000 0.00000000e+000 0.00000000e+000 0.00000000e+000 0.00000000e+000 0.00000000e+000 0.00000000e+000 0.00000000e+000 0.00000000e+000 0.00000000e+000 0.00000000e+000 0.00000000e+000 0.00000000e+000 0.00000000e+000 0.00000000e+000 0.00000000e+000 0.00000000e+000 0.00000000e+000 0.00000000e+000
61430.42950730 0.000000 0.000000 0.000000 0.00000000e+000 0.00000000e+000 0.00000000e+000 0.00000000e+000 0.00000000e+000 0.00000000e+000 0.00000000e+000 0.00000000e+000 0.00000000e+000 0.00000000e+000 0.00000000e+000 0.00000000e+000 0.00000000e+000 0.00000000e+000 0.00000000e+000 0.00000000e+000 0.00000000e+000 0.00000000e+000 0.00000000e+000 0.00000000e+000 0.00000000e+000 0.00000000e+000 0.00000000e+000 0.00000000e+000 0.00000000e+000
61430.62150962 0.000000 0.000000 0.000000 0.00000000e+000 0.00000000e+000 0.00000000e+000 0.00000000e+000 0.00000000e+000 0.00000000e+000 0.00000000e+000 0.00000000e+000 0.00000000e+000 0.00000000e+000 0.00000000e+000 0.00000000e+000 0.00000000e+000 0.00000000e+000 0.00000000e+000 0.00000000e+000 0.00000000e+000 0.00000000e+000 0.00000000e+000 0.00000000e+000 0.00000000e+000 0.00000000e+000 0.00000000e+000 0.00000000e+000 0.00000000e+000
61430.81351193 0.000000 0.000000 0.000000 0.00000000e+000 0.00000000e+000 0.00000000e+000 0.00000000e+000 0.00000000e+000 0.00000000e+000 0.00000000e+000 0.00000000e+000 0.00000000e+000 0.00000000e+000 0.00000000e+000 0.00000000e+000 0.00000000e+000 0.00000000e+000 0.00000000e+000 0.00000000e+000 0.00000000e+000 0.00000000e+000 0.00000000e+000 0.00000000e+000 0.00000000e+000 0.00000000e+000 0.00000000e+000 0.00000000e+000 0.00000000e+000
61431.00551425 0.000000 0.000000 0.000000 0.00000000e+000 0.00000000e+000 0.00000000e+000 0.00000000e+000 0.00000000e+000 0.00000000e+000 0.00000000e+000 0.00000000e+000 0.00000000e+000 0.00000000e+000 0.00000000e+000 0.00000000e+000 0.00000000e+000 0.00000000e+000 0.00000000e+000 0.00000000e+000 0.00000000e+000 0.00000000e+000 0.00000000e+000 0.00000000e+000 0.00000000e+000 0.00000000e+000 0.00000000e+000 0.00000000e+000 0.00000000e+000
61431.19751656 0.000000 0.000000 0.000000 0.00000000e+000 0.00000000e+000 0.00000000e+000 0.00000000e+000 0.00000000e+000 0.00000000e+000 0.00000000e+000 0.00000000e+000 0.00000000e+000 0.00000000e+000 0.00000000e+000 0.00000000e+000 0.00000000e+000 0.00000000e+000 0.00000000e+000 0.00000000e+000 0.00000000e+000 0.00000000e+000 0.00000000e+000 0.00000000e+000 0.00000000e+000 0.00000000e+000 0.00000000e+000 0.00000000e+000 0.00000000e+000
61431.38951888 0.000000 0.000000 0.000000 0.00000000e+000 0.00000000e+000 0.00000000e+000 0.00000000e+000 0.00000000e+000 0.00000000e+000 0.00000000e+000 0.00000000e+000 0.00000000e+000 0.00000000e+000 0.00000000e+000 0.00000000e+000 0.00000000e+000 0.00000000e+000 0.00000000e+000 0.00000000e+000 0.00000000e+000 0.00000000e+000 0.00000000e+000 0.00000000e+000 0.00000000e+000 0.00000000e+000 0.00000000e+000 0.00000000e+000 0.00000000e+000
61431.58152119 0.000000 0.000000 0.000000 1.64547660e+008 4.72931722e+007 5.17063428e+006 7.73029937e+005 1.60041038e+005 5.68169887e+003 2.36441546e+001 -1.75382387e-002 0.00000000e+000 0.00000000e+000 0.00000000e+000 0.00000000e+000 0.00000000e+000 0.00000000e+000 0.00000000e+000 0.00000000e+000 0.00000000e+000 0.00000000e+000 0.00000000e+000 0.00000000e+000 0.00000000e+000 0.00000000e+000 0.00000000e+000 0.00000000e+000 0.00000000e+000
61431.77352351 0.000000 0.000000 0.000000 1.33449022e+012 9.74055258e+011 6.54566916e+011 3.97694749e+011 2.37420451e+011 6.04521445e+010 4.09497512e+009 2.19241266e+008 1.39417017e+007 1.85890362e+006 2.90106154e+005 1.00212888e+005 3.53035639e+004 1.40796738e+004 6.21322330e+003 2.41674259e+003 1.04860996e+003 2.79865657e+002 5.96132182e+001 1.15468013e+001 2.31950783e+000 3.47273134e-002 0.00000000e+000 0.00000000e+000 0.00000000e+000
61431.96552582 0.000000 0.000000 0.000000 1.72713324e+012 1.14158583e+012 6.95280852e+011 4.08721442e+011 2.41296680e+011 6.08922363e+010 4.10930839e+009 2.19357254e+008 1.39440586e+007 1.85904929e+006 2.90127127e+005 1.00212924e+005 3.53035639e+004 1.40796738e+004 6.21322330e+003 2.41674259e+003 1.04860996e+003 2.79865657e+002 5.96132182e+001 1.15468013e+001 2.31950783e+000 3.47273134e-002 0.00000000e+000 0.00000000e+000 0.00000000e+000
61432.15752814 0.000000 0.000000 0.000000 1.72713324e+012 1.14158583e+012 6.95280852e+011 4.08721442e+011 2.41296680e+011 6.08922363e+010 4.10930839e+009 2.19357254e+008 1.39440586e+007 1.85904929e+006 2.90127127e+005 1.00212924e+005 3.53035639e+004 1.40796738e+004 6.21322330e+003 2.41674259e+003 1.04860996e+003 2.79865657e+002 5.96132182e+001 1.15468013e+001 2.31950783e+000 3.47273134e-002 0.00000000e+000 0.00000000e+000 0.00000000e+000
61432.34953045 0.000000 0.000000 0.000000 1.72713324e+012 1.14158583e+012 6.95280852e+011 4.08721442e+011 2.41296680e+011 6.08922363e+010 4.10930839e+009 2.19357254e+008 1.39440586e+007 1.85904929e+006 2.90127127e+005 1.00212924e+005 3.53035639e+004 1.40796738e+004 6.21322330e+003 2.41674259e+003 1.04860996e+003 2.79865657e+002 5.96132182e+001 1.15468013e+001 2.31950783e+000 3.47273134e-002 0.00000000e+000 0.00000000e+000 0.00000000e+000
61432.54153277 0.000000 0.000000 0.000000 1.72713324e+012 1.14158583e+012 6.95280852e+011 4.08721442e+011 2.41296680e+011 6.08922363e+010 4.10930839e+009 2.19357254e+008 1.39440586e+007 1.85904929e+006 2.90127127e+005 1.00212924e+005 3.53035639e+004 1.40796738e+004 6.21322330e+003 2.41674259e+003 1.04860996e+003 2.79865657e+002 5.96132182e+001 1.15468013e+001 2.31950783e+000 3.47273134e-002 0.00000000e+000 0.00000000e+000 0.00000000e+000
61432.73353508 0.000000 0.000000 0.000000 1.72713324e+012 1.14158583e+012 6.95280852e+011 4.08721442e+011 2.41296680e+011 6.08922363e+010 4.10930839e+009 2.19357254e+008 1.39440586e+007 1.85904929e+006 2.90127127e+005 1.00212924e+005 3.53035639e+004 1.40796738e+004 6.21322330e+003 2.41674259e+003 1.04860996e+003 2.79865657e+002 5.96132182e+001 1.15468013e+001 2.31950783e+000 3.47273134e-002 0.00000000e+000 0.00000000e+000 0.00000000e+000
61432.92553740 0.000000 0.000000 0.000000 1.72713324e+012 1.14158583e+012 6.95280852e+011 4.08721442e+011 2.41296680e+011 6.08922363e+010 4.10930839e+009 2.19357254e+008 1.39440586e+007 1.85904929e+006 2.90127127e+005 1.00212924e+005 3.53035639e+004 1.40796738e+004 6.21322330e+003 2.41674259e+003 1.04860996e+003 2.79865657e+002 5.96132182e+001 1.15468013e+001 2.31950783e+000 3.47273134e-002 0.00000000e+000 0.00000000e+000 0.00000000e+000
61433.11753971 0.000000 0.000000 0.000000 1.72713324e+012 1.14158583e+012 6.95280852e+011 4.08721442e+011 2.41296680e+011 6.08922363e+010 4.10930839e+009 2.19357254e+008 1.39440586e+007 1.85904929e+006 2.90127127e+005 1.00212924e+005 3.53035639e+004 1.40796738e+004 6.21322330e+003 2.41674259e+003 1.04860996e+003 2.79865657e+002 5.96132182e+001 1.15468013e+001 2.31950783e+000 3.47273134e-002 0.00000000e+000 0.00000000e+000 0.00000000e+000
61433.30954203 0.000000 0.000000 0.000000 1.72713324e+012 1.14158583e+012 6.95280852e+011 4.08721442e+011 2.41296680e+011 6.08922363e+010 4.10930839e+009 2.19357254e+008 1.39440586e+007 1.85904929e+006 2.90127127e+005 1.00212924e+005 3.53035639e+004 1.40796738e+004 6.21322330e+003 2.41674259e+003 1.04860996e+003 2.79865657e+002 5.96132182e+001 1.15468013e+001 2.31950783e+000 3.47273134e-002 0.00000000e+000 0.00000000e+000 0.00000000e+000
61433.50154434 0.000000 0.000000 0.000000 1.72713324e+012 1.14158583e+012 6.95280852e+011 4.08721442e+011 2.41296680e+011 6.08922363e+010 4.10930839e+009 2.19357254e+008 1.39440586e+007 1.85904929e+006 2.90127127e+005 1.00212924e+005 3.53035639e+004 1.40796738e+004 6.21322330e+003 2.41674259e+003 1.04860996e+003 2.79865657e+002 5.96132182e+001 1.15468013e+001 2.31950783e+000 3.47273134e-002 0.00000000e+000 0.00000000e+000 0.00000000e+000
61433.69354666 0.000000 0.000000 0.000000 1.72713324e+012 1.14158583e+012 6.95280852e+011 4.08721442e+011 2.41296680e+011 6.08922363e+010 4.10930839e+009 2.19357254e+008 1.39440586e+007 1.85904929e+006 2.90127127e+005 1.00212924e+005 3.53035639e+004 1.40796738e+004 6.21322330e+003 2.41674259e+003 1.04860996e+003 2.79865657e+002 5.96132182e+001 1.15468013e+001 2.31950783e+000 3.47273134e-002 0.00000000e+000 0.00000000e+000 0.00000000e+000
61433.88554897 0.000000 0.000000 0.000000 1.72713324e+012 1.14158583e+012 6.95280852e+011 4.08721442e+011 2.41296680e+011 6.08922363e+010 4.10930839e+009 2.19357254e+008 1.39440586e+007 1.85904929e+006 2.90127127e+005 1.00212924e+005 3.53035639e+004 1.40796738e+004 6.21322330e+003 2.41674259e+003 1.04860996e+003 2.79865657e+002 5.96132182e+001 1.15468013e+001 2.31950783e+000 3.47273134e-002 0.00000000e+000 0.00000000e+000 0.00000000e+000
61433.90511367 0.000000 0.000000 0.000000 1.72713324e+012 1.14158583e+012 6.95280852e+011 4.08721442e+011 2.41296680e+011 6.08922363e+010 4.10930839e+009 2.19357254e+008 1.39440586e+007 1.85904929e+006 2.90127127e+005 1.00212924e+005 3.53035639e+004 1.40796738e+004 6.21322330e+003 2.41674259e+003 1.04860996e+003 2.79865657e+002 5.96132182e+001 1.15468013e+001 2.31950783e+000 3.47273134e-002 0.00000000e+000 0.00000000e+000 0.00000000e+000
