# Ae9Ap9 Model output file: MoonBEAM_trajectory_trade/Rp18408_COM_8per90prop30inc_Tran.AE9.output_mc_fluenceIntv_040.txt
# Ae9Ap9 Software Version:  1.50.001
#
# Model type:               AE9
# Particle species:         e-
# Flux type:                1PtDiff
# Flux direction:           Omnidirectional
# Energy levels (MeV):       0.04 0.07 0.1 0.25 0.5 0.75 1 1.5 2 2.5 3 3.5 4 4.5 5 5.5 6 6.5 7 8.5 10
#
# Accumulation mode:        Interval, length = 13997 seconds (0.162002 days)
#
# Time format:              Modified Julian Date
# Coordinate system:        GEI (Geocentric Equatorial Inertial) Cartesian in km
# Data Delimiter:           space
#
# datetime(mjd),posx(km),posy(km),posz(km),fluence,fluence,fluence,fluence,fluence,fluence,fluence,fluence,fluence,fluence,fluence,fluence,fluence,fluence,fluence,fluence,fluence,fluence,fluence,fluence,fluence(#/cm^2/MeV)
61411.87033565 0.000000 0.000000 0.000000 5.52111130e+012 2.83503552e+012 9.10373054e+011 2.11768415e+011 3.98306543e+010 1.02428536e+010 3.28133437e+009 1.08773717e+009 2.16320601e+008 3.77344731e+007 9.42936415e+006 3.40171261e+006 1.59211085e+006 8.53591521e+005 5.32449772e+005 3.52008082e+005 2.45019188e+005 1.83011005e+005 1.19219552e+005 8.25734539e+004 6.61293995e+004
61412.03233796 0.000000 0.000000 0.000000 5.71714971e+012 3.05295105e+012 1.07530818e+012 3.83313134e+011 8.44773085e+010 2.13746942e+010 6.69913206e+009 2.06236511e+009 4.41939704e+008 9.00456894e+007 2.53438246e+007 1.00670348e+007 5.37876605e+006 3.04213682e+006 1.80729578e+006 1.13957254e+006 8.25857519e+005 6.54329940e+005 4.42230188e+005 3.03750884e+005 2.44888625e+005
61412.19434028 0.000000 0.000000 0.000000 6.43893168e+012 3.46927925e+012 1.23288906e+012 5.15632519e+011 1.25858933e+011 3.28879595e+010 1.07381868e+010 3.06387661e+009 5.82109040e+008 1.15342260e+008 3.29112656e+007 1.30532503e+007 6.90575691e+006 3.92164532e+006 2.34664634e+006 1.47014868e+006 1.04353115e+006 8.12952163e+005 5.44135275e+005 3.69106854e+005 2.95668408e+005
61412.35634259 0.000000 0.000000 0.000000 6.64812394e+012 3.68062717e+012 1.36397571e+012 6.22651243e+011 1.57307517e+011 4.09185096e+010 1.32314914e+010 3.71093326e+009 7.12529899e+008 1.50378461e+008 4.79048453e+007 2.07220540e+007 1.14044039e+007 6.50567296e+006 3.81592586e+006 2.33948331e+006 1.64052321e+006 1.26993602e+006 8.50496795e+005 5.71506648e+005 4.53448623e+005
61412.51834491 0.000000 0.000000 0.000000 6.86459579e+012 3.87833081e+012 1.46175138e+012 6.71169298e+011 1.66458926e+011 4.26362038e+010 1.36559499e+010 3.81512069e+009 7.41631567e+008 1.61675150e+008 5.51154572e+007 2.54963843e+007 1.45490127e+007 8.30630641e+006 4.79627643e+006 2.90049188e+006 2.03790315e+006 1.58427064e+006 1.06786496e+006 7.16063434e+005 5.65275150e+005
61412.68034722 0.000000 0.000000 0.000000 7.42838820e+012 4.42103562e+012 1.81522919e+012 9.46722874e+011 2.55977982e+011 7.58419169e+010 2.59344906e+010 7.06119916e+009 1.51821597e+009 4.01569162e+008 1.58363880e+008 7.53764978e+007 3.90387503e+007 2.04063903e+007 1.08988048e+007 6.34281690e+006 4.26378028e+006 3.19970876e+006 2.08155445e+006 1.29208468e+006 9.67951098e+005
61412.84234954 0.000000 0.000000 0.000000 1.24742375e+013 7.83692731e+012 3.46942520e+012 1.43243866e+012 3.55603172e+011 1.11140699e+011 3.94381254e+010 1.04974300e+010 2.36268102e+009 6.81273172e+008 2.85444138e+008 1.37918273e+008 6.86984585e+007 3.43903001e+007 1.75681592e+007 9.99507811e+006 6.55883714e+006 4.82780056e+006 3.07813967e+006 1.81744629e+006 1.31302496e+006
61413.00435185 0.000000 0.000000 0.000000 1.26991780e+013 8.01854137e+012 3.54369634e+012 1.45874911e+012 3.61739225e+011 1.12600043e+011 3.98432742e+010 1.06237097e+010 2.40624377e+009 7.01238191e+008 2.98716393e+008 1.46503061e+008 7.39279382e+007 3.72450602e+007 1.91059128e+007 1.08899686e+007 7.17956585e+006 5.30641627e+006 3.39747030e+006 2.01366617e+006 1.45216602e+006
61413.16635417 0.000000 0.000000 0.000000 1.27250928e+013 8.03909852e+012 3.55042859e+012 1.46089538e+012 3.62070964e+011 1.12650878e+011 3.98560342e+010 1.06277849e+010 2.40783423e+009 7.02004657e+008 2.99208458e+008 1.46821580e+008 7.41408710e+007 3.73746620e+007 1.91809757e+007 1.09273399e+007 7.19992331e+006 5.32178679e+006 3.40760188e+006 2.01549232e+006 1.45216835e+006
61413.32835648 0.000000 0.000000 0.000000 1.29233760e+013 8.18634953e+012 3.60666608e+012 1.48282768e+012 3.66615851e+011 1.13524156e+011 4.00848085e+010 1.06989070e+010 2.43211270e+009 7.12952006e+008 3.07004614e+008 1.52291260e+008 7.76479996e+007 3.93358455e+007 2.02424235e+007 1.15365035e+007 7.62509267e+006 5.65605555e+006 3.63815657e+006 2.16689686e+006 1.56053530e+006
61413.49035880 0.000000 0.000000 0.000000 1.51336981e+013 9.76290359e+012 4.42420537e+012 1.79119685e+012 4.35523310e+011 1.36057110e+011 4.79242127e+010 1.27569789e+010 3.02176312e+009 9.16134075e+008 3.97076016e+008 1.95227863e+008 9.77881195e+007 4.87246000e+007 2.47077806e+007 1.39339870e+007 9.10136831e+006 6.68520059e+006 4.26261114e+006 2.50329483e+006 1.78902817e+006
61413.65236111 0.000000 0.000000 0.000000 1.55232611e+013 1.00768026e+013 4.58388087e+012 1.91297057e+012 4.76739361e+011 1.50453042e+011 5.28242507e+010 1.40836781e+010 3.42893830e+009 1.05406476e+009 4.57274197e+008 2.24352915e+008 1.12068768e+008 5.56437915e+007 2.80627317e+007 1.57187925e+007 1.02052322e+007 7.47118005e+006 4.75871898e+006 2.80146434e+006 2.00699560e+006
61413.81436343 0.000000 0.000000 0.000000 1.55340273e+013 1.00845496e+013 4.58635705e+012 1.91409835e+012 4.76939377e+011 1.50484001e+011 5.28319975e+010 1.40859659e+010 3.42979068e+009 1.05447272e+009 4.57550897e+008 2.24534239e+008 1.12187835e+008 5.57138632e+007 2.81029976e+007 1.57412809e+007 1.02200195e+007 7.48296700e+006 4.76712448e+006 2.80692320e+006 2.00925847e+006
61413.97636574 0.000000 0.000000 0.000000 1.55340273e+013 1.00845496e+013 4.58635705e+012 1.91409835e+012 4.76939377e+011 1.50484001e+011 5.28319975e+010 1.40859659e+010 3.42979068e+009 1.05447272e+009 4.57550897e+008 2.24534239e+008 1.12187835e+008 5.57138632e+007 2.81029976e+007 1.57412809e+007 1.02200195e+007 7.48296700e+006 4.76712448e+006 2.80692320e+006 2.00925847e+006
61414.13836806 0.000000 0.000000 0.000000 1.55340273e+013 1.00845496e+013 4.58635705e+012 1.91409835e+012 4.76939377e+011 1.50484001e+011 5.28319975e+010 1.40859659e+010 3.42979068e+009 1.05447272e+009 4.57550897e+008 2.24534239e+008 1.12187835e+008 5.57138632e+007 2.81029976e+007 1.57412809e+007 1.02200195e+007 7.48296700e+006 4.76712448e+006 2.80692320e+006 2.00925847e+006
61414.30037037 0.000000 0.000000 0.000000 1.55504808e+013 1.00950410e+013 4.58942740e+012 1.91495181e+012 4.77096127e+011 1.50509338e+011 5.28383697e+010 1.40878704e+010 3.43050402e+009 1.05485235e+009 4.57845245e+008 2.24757955e+008 1.12351211e+008 5.58149299e+007 2.81619652e+007 1.57733911e+007 1.02403826e+007 7.49952466e+006 4.77902440e+006 2.81360920e+006 2.01075105e+006
61414.46237269 0.000000 0.000000 0.000000 1.60241706e+013 1.04158613e+013 4.71987689e+012 1.99568874e+012 5.00070481e+011 1.58527772e+011 5.55348167e+010 1.48272775e+010 3.63074982e+009 1.12421245e+009 4.91605369e+008 2.42755540e+008 1.22198487e+008 6.11676818e+007 3.10430698e+007 1.74206676e+007 1.12987072e+007 8.26968187e+006 5.26970065e+006 3.11330973e+006 2.23264696e+006
61414.62437500 0.000000 0.000000 0.000000 1.79142254e+013 1.13301036e+013 5.04058008e+012 2.09061325e+012 5.18029892e+011 1.63586925e+011 5.72009013e+010 1.53072008e+010 3.76262377e+009 1.16961242e+009 5.12923637e+008 2.53822414e+008 1.28406416e+008 6.46971755e+007 3.30005115e+007 1.85437304e+007 1.20141320e+007 8.79100439e+006 5.60440176e+006 3.32253070e+006 2.39099660e+006
61414.78637731 0.000000 0.000000 0.000000 1.79228136e+013 1.13354619e+013 5.04216086e+012 2.09080877e+012 5.18063964e+011 1.63592451e+011 5.72022396e+010 1.53075435e+010 3.76273908e+009 1.16969191e+009 5.13016679e+008 2.53916267e+008 1.28486139e+008 6.47503368e+007 3.30325055e+007 1.85628972e+007 1.20280851e+007 8.80258002e+006 5.61286197e+006 3.32866961e+006 2.39504032e+006
61414.94837963 0.000000 0.000000 0.000000 1.79228136e+013 1.13354619e+013 5.04216086e+012 2.09080877e+012 5.18063964e+011 1.63592451e+011 5.72022396e+010 1.53075435e+010 3.76273908e+009 1.16969191e+009 5.13016679e+008 2.53916267e+008 1.28486139e+008 6.47503368e+007 3.30325055e+007 1.85628972e+007 1.20280851e+007 8.80258002e+006 5.61286197e+006 3.32866961e+006 2.39504032e+006
61415.11038194 0.000000 0.000000 0.000000 1.79228136e+013 1.13354619e+013 5.04216086e+012 2.09080877e+012 5.18063964e+011 1.63592451e+011 5.72022396e+010 1.53075435e+010 3.76273908e+009 1.16969191e+009 5.13016679e+008 2.53916267e+008 1.28486139e+008 6.47503368e+007 3.30325055e+007 1.85628972e+007 1.20280851e+007 8.80258002e+006 5.61286197e+006 3.32866961e+006 2.39504032e+006
61415.27238426 0.000000 0.000000 0.000000 1.79228136e+013 1.13354619e+013 5.04216086e+012 2.09080877e+012 5.18063964e+011 1.63592451e+011 5.72022396e+010 1.53075435e+010 3.76273908e+009 1.16969191e+009 5.13016679e+008 2.53916267e+008 1.28486139e+008 6.47503368e+007 3.30325055e+007 1.85628972e+007 1.20280851e+007 8.80258002e+006 5.61286197e+006 3.32866961e+006 2.39504032e+006
61415.43438657 0.000000 0.000000 0.000000 1.79228136e+013 1.13354619e+013 5.04216086e+012 2.09080877e+012 5.18063964e+011 1.63592451e+011 5.72022396e+010 1.53075435e+010 3.76273908e+009 1.16969191e+009 5.13016679e+008 2.53916267e+008 1.28486139e+008 6.47503368e+007 3.30325055e+007 1.85628972e+007 1.20280851e+007 8.80258002e+006 5.61286197e+006 3.32866961e+006 2.39504032e+006
61415.59638889 0.000000 0.000000 0.000000 1.79228136e+013 1.13354619e+013 5.04216086e+012 2.09080877e+012 5.18063964e+011 1.63592451e+011 5.72022396e+010 1.53075435e+010 3.76273908e+009 1.16969191e+009 5.13016679e+008 2.53916267e+008 1.28486139e+008 6.47503368e+007 3.30325055e+007 1.85628972e+007 1.20280851e+007 8.80258002e+006 5.61286197e+006 3.32866961e+006 2.39504032e+006
61415.75839120 0.000000 0.000000 0.000000 1.79228148e+013 1.13354628e+013 5.04216127e+012 2.09081338e+012 5.18074084e+011 1.63594153e+011 5.72026960e+010 1.53076848e+010 3.76281162e+009 1.16973297e+009 5.13041316e+008 2.53931570e+008 1.28496970e+008 6.47566218e+007 3.30367892e+007 1.85638315e+007 1.20280707e+007 8.80256925e+006 5.61285592e+006 3.32866961e+006 2.39504032e+006
61415.92039352 0.000000 0.000000 0.000000 1.79231367e+013 1.13356684e+013 5.04230669e+012 2.09431585e+012 5.23993803e+011 1.65540728e+011 5.78585827e+010 1.55073777e+010 3.82235409e+009 1.19722948e+009 5.28786449e+008 2.63193236e+008 1.34304291e+008 6.83622564e+007 3.51611151e+007 1.98213582e+007 1.28541854e+007 9.42526112e+006 6.03192454e+006 3.60472635e+006 2.59854785e+006
61416.08239583 0.000000 0.000000 0.000000 1.81082384e+013 1.13741391e+013 5.05619850e+012 2.12066521e+012 5.35076176e+011 1.69260371e+011 5.94646414e+010 1.61501635e+010 3.97744459e+009 1.24950765e+009 5.53473983e+008 2.76262875e+008 1.41657349e+008 7.25872142e+007 3.74872971e+007 2.11297140e+007 1.36831802e+007 1.00367318e+007 6.43220437e+006 3.85588157e+006 2.78338194e+006
61416.24439815 0.000000 0.000000 0.000000 1.81086299e+013 1.13743443e+013 5.05626254e+012 2.12071984e+012 5.35123516e+011 1.69270360e+011 5.94671803e+010 1.61507892e+010 3.97768559e+009 1.24968577e+009 5.53664693e+008 2.76430385e+008 1.41783635e+008 7.26668017e+007 3.75332413e+007 2.11561926e+007 1.37016957e+007 1.00516067e+007 6.44277014e+006 3.86275893e+006 2.78755797e+006
61416.40640046 0.000000 0.000000 0.000000 1.81086299e+013 1.13743443e+013 5.05626254e+012 2.12071984e+012 5.35123516e+011 1.69270360e+011 5.94671803e+010 1.61507892e+010 3.97768559e+009 1.24968577e+009 5.53664693e+008 2.76430385e+008 1.41783635e+008 7.26668017e+007 3.75332413e+007 2.11561926e+007 1.37016957e+007 1.00516067e+007 6.44277014e+006 3.86275893e+006 2.78755797e+006
61416.56840278 0.000000 0.000000 0.000000 1.81086299e+013 1.13743443e+013 5.05626254e+012 2.12071984e+012 5.35123516e+011 1.69270360e+011 5.94671803e+010 1.61507892e+010 3.97768559e+009 1.24968577e+009 5.53664693e+008 2.76430385e+008 1.41783635e+008 7.26668017e+007 3.75332413e+007 2.11561926e+007 1.37016957e+007 1.00516067e+007 6.44277014e+006 3.86275893e+006 2.78755797e+006
61416.73040509 0.000000 0.000000 0.000000 1.81086299e+013 1.13743443e+013 5.05626254e+012 2.12071984e+012 5.35123516e+011 1.69270360e+011 5.94671803e+010 1.61507892e+010 3.97768559e+009 1.24968577e+009 5.53664693e+008 2.76430385e+008 1.41783635e+008 7.26668017e+007 3.75332413e+007 2.11561926e+007 1.37016957e+007 1.00516067e+007 6.44277014e+006 3.86275893e+006 2.78755797e+006
61416.89240741 0.000000 0.000000 0.000000 1.81086299e+013 1.13743443e+013 5.05626254e+012 2.12071984e+012 5.35123516e+011 1.69270360e+011 5.94671803e+010 1.61507892e+010 3.97768559e+009 1.24968577e+009 5.53664693e+008 2.76430385e+008 1.41783635e+008 7.26668017e+007 3.75332413e+007 2.11561926e+007 1.37016957e+007 1.00516067e+007 6.44277014e+006 3.86275893e+006 2.78755797e+006
61417.05440972 0.000000 0.000000 0.000000 1.81086299e+013 1.13743443e+013 5.05626254e+012 2.12071984e+012 5.35123516e+011 1.69270360e+011 5.94671803e+010 1.61507892e+010 3.97768559e+009 1.24968577e+009 5.53664693e+008 2.76430385e+008 1.41783635e+008 7.26668017e+007 3.75332413e+007 2.11561926e+007 1.37016957e+007 1.00516067e+007 6.44277014e+006 3.86275893e+006 2.78755797e+006
61417.21641204 0.000000 0.000000 0.000000 1.81086299e+013 1.13743443e+013 5.05626254e+012 2.12071984e+012 5.35123516e+011 1.69270360e+011 5.94671803e+010 1.61507892e+010 3.97768559e+009 1.24968577e+009 5.53664693e+008 2.76430385e+008 1.41783635e+008 7.26668017e+007 3.75332413e+007 2.11561926e+007 1.37016957e+007 1.00516067e+007 6.44277014e+006 3.86275893e+006 2.78755797e+006
61417.37841435 0.000000 0.000000 0.000000 1.81086299e+013 1.13743443e+013 5.05626254e+012 2.12071984e+012 5.35123516e+011 1.69270360e+011 5.94671803e+010 1.61507892e+010 3.97768559e+009 1.24968577e+009 5.53664693e+008 2.76430385e+008 1.41783635e+008 7.26668017e+007 3.75332413e+007 2.11561926e+007 1.37016957e+007 1.00516067e+007 6.44277014e+006 3.86275893e+006 2.78755797e+006
61417.54041667 0.000000 0.000000 0.000000 1.81086299e+013 1.13743443e+013 5.05626254e+012 2.12071984e+012 5.35123516e+011 1.69270360e+011 5.94671803e+010 1.61507892e+010 3.97768559e+009 1.24968577e+009 5.53664693e+008 2.76430385e+008 1.41783635e+008 7.26668017e+007 3.75332413e+007 2.11561926e+007 1.37016957e+007 1.00516067e+007 6.44277014e+006 3.86275893e+006 2.78755797e+006
61417.70241898 0.000000 0.000000 0.000000 1.81086299e+013 1.13743443e+013 5.05626254e+012 2.12071984e+012 5.35123516e+011 1.69270360e+011 5.94671803e+010 1.61507892e+010 3.97768559e+009 1.24968577e+009 5.53664693e+008 2.76430385e+008 1.41783635e+008 7.26668017e+007 3.75332413e+007 2.11561926e+007 1.37016957e+007 1.00516067e+007 6.44277014e+006 3.86275893e+006 2.78755797e+006
61417.86442130 0.000000 0.000000 0.000000 1.81086299e+013 1.13743443e+013 5.05626254e+012 2.12071984e+012 5.35123516e+011 1.69270360e+011 5.94671803e+010 1.61507892e+010 3.97768559e+009 1.24968577e+009 5.53664693e+008 2.76430385e+008 1.41783635e+008 7.26668017e+007 3.75332413e+007 2.11561926e+007 1.37016957e+007 1.00516067e+007 6.44277014e+006 3.86275893e+006 2.78755797e+006
61418.02642361 0.000000 0.000000 0.000000 1.81086299e+013 1.13743443e+013 5.05626254e+012 2.12071984e+012 5.35123516e+011 1.69270360e+011 5.94671803e+010 1.61507892e+010 3.97768559e+009 1.24968577e+009 5.53664693e+008 2.76430385e+008 1.41783635e+008 7.26668017e+007 3.75332413e+007 2.11561926e+007 1.37016957e+007 1.00516067e+007 6.44277014e+006 3.86275893e+006 2.78755797e+006
61418.18842593 0.000000 0.000000 0.000000 1.81086437e+013 1.13743486e+013 5.05626015e+012 2.12071951e+012 5.35123491e+011 1.69270359e+011 5.94671799e+010 1.61507891e+010 3.97768558e+009 1.24968577e+009 5.53664679e+008 2.76430382e+008 1.41783633e+008 7.26668017e+007 3.75332413e+007 2.11561926e+007 1.37016957e+007 1.00516067e+007 6.44277014e+006 3.86275893e+006 2.78755797e+006
61418.35042824 0.000000 0.000000 0.000000 1.86278006e+013 1.18026314e+013 5.22105173e+012 2.14950926e+012 5.41235807e+011 1.70597480e+011 5.98315461e+010 1.62349405e+010 3.99375027e+009 1.25383147e+009 5.55298886e+008 2.77384607e+008 1.42464268e+008 7.30975250e+007 3.77881788e+007 2.13049741e+007 1.38019483e+007 1.01261573e+007 6.48940523e+006 3.88781842e+006 2.80314404e+006
61418.51243056 0.000000 0.000000 0.000000 2.22793152e+013 1.39607323e+013 6.04341049e+012 2.35538760e+012 5.96049946e+011 1.89226089e+011 6.62014922e+010 1.75668476e+010 4.21973111e+009 1.30760375e+009 5.73833102e+008 2.85412530e+008 1.46646824e+008 7.54629238e+007 3.91499132e+007 2.21036940e+007 1.43059239e+007 1.04846087e+007 6.71195787e+006 4.00976689e+006 2.88108410e+006
61418.67443287 0.000000 0.000000 0.000000 2.24646556e+013 1.41378414e+013 6.12287375e+012 2.37381652e+012 5.99958766e+011 1.89955375e+011 6.63960896e+010 1.76109793e+010 4.22827597e+009 1.30988229e+009 5.74798993e+008 2.85982790e+008 1.47045894e+008 7.57122905e+007 3.92931084e+007 2.21842732e+007 1.43587546e+007 1.05228969e+007 6.73538523e+006 4.02111945e+006 2.88747527e+006
61418.83643519 0.000000 0.000000 0.000000 2.24646556e+013 1.41378414e+013 6.12287375e+012 2.37381652e+012 5.99958766e+011 1.89955375e+011 6.63960896e+010 1.76109793e+010 4.22827597e+009 1.30988229e+009 5.74798993e+008 2.85982790e+008 1.47045894e+008 7.57122905e+007 3.92931084e+007 2.21842732e+007 1.43587546e+007 1.05228969e+007 6.73538523e+006 4.02111945e+006 2.88747527e+006
61418.99843750 0.000000 0.000000 0.000000 2.24646556e+013 1.41378414e+013 6.12287375e+012 2.37381652e+012 5.99958766e+011 1.89955375e+011 6.63960896e+010 1.76109793e+010 4.22827597e+009 1.30988229e+009 5.74798993e+008 2.85982790e+008 1.47045894e+008 7.57122905e+007 3.92931084e+007 2.21842732e+007 1.43587546e+007 1.05228969e+007 6.73538523e+006 4.02111945e+006 2.88747527e+006
61419.16043981 0.000000 0.000000 0.000000 2.24646556e+013 1.41378414e+013 6.12287375e+012 2.37381652e+012 5.99958766e+011 1.89955375e+011 6.63960896e+010 1.76109793e+010 4.22827597e+009 1.30988229e+009 5.74798993e+008 2.85982790e+008 1.47045894e+008 7.57122905e+007 3.92931084e+007 2.21842732e+007 1.43587546e+007 1.05228969e+007 6.73538523e+006 4.02111945e+006 2.88747527e+006
61419.32244213 0.000000 0.000000 0.000000 2.24646556e+013 1.41378414e+013 6.12287375e+012 2.37381652e+012 5.99958766e+011 1.89955375e+011 6.63960896e+010 1.76109793e+010 4.22827597e+009 1.30988229e+009 5.74798993e+008 2.85982790e+008 1.47045894e+008 7.57122905e+007 3.92931084e+007 2.21842732e+007 1.43587546e+007 1.05228969e+007 6.73538523e+006 4.02111945e+006 2.88747527e+006
61419.48444444 0.000000 0.000000 0.000000 2.24646556e+013 1.41378414e+013 6.12287375e+012 2.37381652e+012 5.99958766e+011 1.89955375e+011 6.63960896e+010 1.76109793e+010 4.22827597e+009 1.30988229e+009 5.74798993e+008 2.85982790e+008 1.47045894e+008 7.57122905e+007 3.92931084e+007 2.21842732e+007 1.43587546e+007 1.05228969e+007 6.73538523e+006 4.02111945e+006 2.88747527e+006
61419.64644676 0.000000 0.000000 0.000000 2.24646556e+013 1.41378414e+013 6.12287375e+012 2.37381652e+012 5.99958766e+011 1.89955375e+011 6.63960896e+010 1.76109793e+010 4.22827597e+009 1.30988229e+009 5.74798993e+008 2.85982790e+008 1.47045894e+008 7.57122905e+007 3.92931084e+007 2.21842732e+007 1.43587546e+007 1.05228969e+007 6.73538523e+006 4.02111945e+006 2.88747527e+006
61419.80844907 0.000000 0.000000 0.000000 2.24646556e+013 1.41378414e+013 6.12287375e+012 2.37381652e+012 5.99958766e+011 1.89955375e+011 6.63960896e+010 1.76109793e+010 4.22827597e+009 1.30988229e+009 5.74798993e+008 2.85982790e+008 1.47045894e+008 7.57122905e+007 3.92931084e+007 2.21842732e+007 1.43587546e+007 1.05228969e+007 6.73538523e+006 4.02111945e+006 2.88747527e+006
61419.97045139 0.000000 0.000000 0.000000 2.24646556e+013 1.41378414e+013 6.12287375e+012 2.37381652e+012 5.99958766e+011 1.89955375e+011 6.63960896e+010 1.76109793e+010 4.22827597e+009 1.30988229e+009 5.74798993e+008 2.85982790e+008 1.47045894e+008 7.57122905e+007 3.92931084e+007 2.21842732e+007 1.43587546e+007 1.05228969e+007 6.73538523e+006 4.02111945e+006 2.88747527e+006
61420.13245370 0.000000 0.000000 0.000000 2.24646556e+013 1.41378414e+013 6.12287375e+012 2.37381652e+012 5.99958766e+011 1.89955375e+011 6.63960896e+010 1.76109793e+010 4.22827597e+009 1.30988229e+009 5.74798993e+008 2.85982790e+008 1.47045894e+008 7.57122905e+007 3.92931084e+007 2.21842732e+007 1.43587546e+007 1.05228969e+007 6.73538523e+006 4.02111945e+006 2.88747527e+006
61420.29445602 0.000000 0.000000 0.000000 2.24646556e+013 1.41378414e+013 6.12287375e+012 2.37381652e+012 5.99958766e+011 1.89955375e+011 6.63960896e+010 1.76109793e+010 4.22827597e+009 1.30988229e+009 5.74798993e+008 2.85982790e+008 1.47045894e+008 7.57122905e+007 3.92931084e+007 2.21842732e+007 1.43587546e+007 1.05228969e+007 6.73538523e+006 4.02111945e+006 2.88747527e+006
61420.45645833 0.000000 0.000000 0.000000 2.24646556e+013 1.41378414e+013 6.12287375e+012 2.37381652e+012 5.99958766e+011 1.89955375e+011 6.63960896e+010 1.76109793e+010 4.22827597e+009 1.30988229e+009 5.74798993e+008 2.85982790e+008 1.47045894e+008 7.57122905e+007 3.92931084e+007 2.21842732e+007 1.43587546e+007 1.05228969e+007 6.73538523e+006 4.02111945e+006 2.88747527e+006
61420.55915852 0.000000 0.000000 0.000000 2.24646556e+013 1.41378414e+013 6.12287375e+012 2.37381652e+012 5.99958766e+011 1.89955375e+011 6.63960896e+010 1.76109793e+010 4.22827597e+009 1.30988229e+009 5.74798993e+008 2.85982790e+008 1.47045894e+008 7.57122905e+007 3.92931084e+007 2.21842732e+007 1.43587546e+007 1.05228969e+007 6.73538523e+006 4.02111945e+006 2.88747527e+006
