# Ae9Ap9 Model output file: MoonBEAM_trajectory_trade/Rp18408_COM_8per90prop30inc_Sci.AE9.output_mc_flux_036.txt
# Ae9Ap9 Software Version:  1.50.001
#
# Model type:               AE9
# Particle species:         e-
# Flux type:                1PtDiff
# Flux direction:           Omnidirectional
# Energy levels (MeV):       0.04 0.07 0.1 0.25 0.5 0.75 1 1.5 2 2.5 3 3.5 4 4.5 5 5.5 6 6.5 7 8.5 10
#
# Time format:              Modified Julian Date
# Coordinate system:        GEI (Geocentric Equatorial Inertial) Cartesian in km
# Data Delimiter:           space
#
# datetime(mjd),posx(km),posy(km),posz(km),flux,flux,flux,flux,flux,flux,flux,flux,flux,flux,flux,flux,flux,flux,flux,flux,flux,flux,flux,flux,flux(#/cm^2/s/MeV)
61429.46949573 -304181.640280 -80019.908149 -48268.149155 0.00000000e+000 0.00000000e+000 0.00000000e+000 0.00000000e+000 0.00000000e+000 0.00000000e+000 0.00000000e+000 0.00000000e+000 0.00000000e+000 0.00000000e+000 0.00000000e+000 0.00000000e+000 0.00000000e+000 0.00000000e+000 0.00000000e+000 0.00000000e+000 0.00000000e+000 0.00000000e+000 0.00000000e+000 0.00000000e+000 0.00000000e+000
61429.66048586 -288432.736372 -81391.796844 -48968.293303 0.00000000e+000 0.00000000e+000 0.00000000e+000 0.00000000e+000 0.00000000e+000 0.00000000e+000 0.00000000e+000 0.00000000e+000 0.00000000e+000 0.00000000e+000 0.00000000e+000 0.00000000e+000 0.00000000e+000 0.00000000e+000 0.00000000e+000 0.00000000e+000 0.00000000e+000 0.00000000e+000 0.00000000e+000 0.00000000e+000 0.00000000e+000
61429.83554417 -273010.020262 -82357.483670 -49436.342914 0.00000000e+000 0.00000000e+000 0.00000000e+000 0.00000000e+000 0.00000000e+000 0.00000000e+000 0.00000000e+000 0.00000000e+000 0.00000000e+000 0.00000000e+000 0.00000000e+000 0.00000000e+000 0.00000000e+000 0.00000000e+000 0.00000000e+000 0.00000000e+000 0.00000000e+000 0.00000000e+000 0.00000000e+000 0.00000000e+000 0.00000000e+000
61429.99606503 -257962.515504 -82957.629171 -49695.942067 0.00000000e+000 0.00000000e+000 0.00000000e+000 0.00000000e+000 0.00000000e+000 0.00000000e+000 0.00000000e+000 0.00000000e+000 0.00000000e+000 0.00000000e+000 0.00000000e+000 0.00000000e+000 0.00000000e+000 0.00000000e+000 0.00000000e+000 0.00000000e+000 0.00000000e+000 0.00000000e+000 0.00000000e+000 0.00000000e+000 0.00000000e+000
61430.14332375 -243325.313087 -83229.370856 -49768.584099 0.00000000e+000 0.00000000e+000 0.00000000e+000 0.00000000e+000 0.00000000e+000 0.00000000e+000 0.00000000e+000 0.00000000e+000 0.00000000e+000 0.00000000e+000 0.00000000e+000 0.00000000e+000 0.00000000e+000 0.00000000e+000 0.00000000e+000 0.00000000e+000 0.00000000e+000 0.00000000e+000 0.00000000e+000 0.00000000e+000 0.00000000e+000
61430.27841426 -229129.707830 -83206.426949 -49673.748906 0.00000000e+000 0.00000000e+000 0.00000000e+000 0.00000000e+000 0.00000000e+000 0.00000000e+000 0.00000000e+000 0.00000000e+000 0.00000000e+000 0.00000000e+000 0.00000000e+000 0.00000000e+000 0.00000000e+000 0.00000000e+000 0.00000000e+000 0.00000000e+000 0.00000000e+000 0.00000000e+000 0.00000000e+000 0.00000000e+000 0.00000000e+000
61430.40228940 -215403.737884 -82919.837530 -49429.352360 0.00000000e+000 0.00000000e+000 0.00000000e+000 0.00000000e+000 0.00000000e+000 0.00000000e+000 0.00000000e+000 0.00000000e+000 0.00000000e+000 0.00000000e+000 0.00000000e+000 0.00000000e+000 0.00000000e+000 0.00000000e+000 0.00000000e+000 0.00000000e+000 0.00000000e+000 0.00000000e+000 0.00000000e+000 0.00000000e+000 0.00000000e+000
61430.51580883 -202170.399177 -82398.415302 -49052.011790 0.00000000e+000 0.00000000e+000 0.00000000e+000 0.00000000e+000 0.00000000e+000 0.00000000e+000 0.00000000e+000 0.00000000e+000 0.00000000e+000 0.00000000e+000 0.00000000e+000 0.00000000e+000 0.00000000e+000 0.00000000e+000 0.00000000e+000 0.00000000e+000 0.00000000e+000 0.00000000e+000 0.00000000e+000 0.00000000e+000 0.00000000e+000
61430.61977333 -189445.885593 -81668.859664 -48557.111969 0.00000000e+000 0.00000000e+000 0.00000000e+000 0.00000000e+000 0.00000000e+000 0.00000000e+000 0.00000000e+000 0.00000000e+000 0.00000000e+000 0.00000000e+000 0.00000000e+000 0.00000000e+000 0.00000000e+000 0.00000000e+000 0.00000000e+000 0.00000000e+000 0.00000000e+000 0.00000000e+000 0.00000000e+000 0.00000000e+000 0.00000000e+000
61430.71493913 -177239.203290 -80755.717461 -47958.784592 0.00000000e+000 0.00000000e+000 0.00000000e+000 0.00000000e+000 0.00000000e+000 0.00000000e+000 0.00000000e+000 0.00000000e+000 0.00000000e+000 0.00000000e+000 0.00000000e+000 0.00000000e+000 0.00000000e+000 0.00000000e+000 0.00000000e+000 0.00000000e+000 0.00000000e+000 0.00000000e+000 0.00000000e+000 0.00000000e+000 0.00000000e+000
61430.80201861 -165553.095089 -79681.378917 -47269.910770 0.00000000e+000 0.00000000e+000 0.00000000e+000 0.00000000e+000 0.00000000e+000 0.00000000e+000 0.00000000e+000 0.00000000e+000 0.00000000e+000 0.00000000e+000 0.00000000e+000 0.00000000e+000 0.00000000e+000 0.00000000e+000 0.00000000e+000 0.00000000e+000 0.00000000e+000 0.00000000e+000 0.00000000e+000 0.00000000e+000 0.00000000e+000
61430.88167676 -154385.502613 -78466.176697 -46502.183187 0.00000000e+000 0.00000000e+000 0.00000000e+000 0.00000000e+000 0.00000000e+000 0.00000000e+000 0.00000000e+000 0.00000000e+000 0.00000000e+000 0.00000000e+000 0.00000000e+000 0.00000000e+000 0.00000000e+000 0.00000000e+000 0.00000000e+000 0.00000000e+000 0.00000000e+000 0.00000000e+000 0.00000000e+000 0.00000000e+000 0.00000000e+000
61430.95453120 -143730.591781 -77128.516026 -45666.182304 0.00000000e+000 0.00000000e+000 0.00000000e+000 0.00000000e+000 0.00000000e+000 0.00000000e+000 0.00000000e+000 0.00000000e+000 0.00000000e+000 0.00000000e+000 0.00000000e+000 0.00000000e+000 0.00000000e+000 0.00000000e+000 0.00000000e+000 0.00000000e+000 0.00000000e+000 0.00000000e+000 0.00000000e+000 0.00000000e+000 0.00000000e+000
61431.02115235 -133579.751094 -75685.045112 -44771.475483 0.00000000e+000 0.00000000e+000 0.00000000e+000 0.00000000e+000 0.00000000e+000 0.00000000e+000 0.00000000e+000 0.00000000e+000 0.00000000e+000 0.00000000e+000 0.00000000e+000 0.00000000e+000 0.00000000e+000 0.00000000e+000 0.00000000e+000 0.00000000e+000 0.00000000e+000 0.00000000e+000 0.00000000e+000 0.00000000e+000 0.00000000e+000
61431.08206661 -123922.090855 -74150.787180 -43826.691445 0.00000000e+000 0.00000000e+000 0.00000000e+000 0.00000000e+000 0.00000000e+000 0.00000000e+000 0.00000000e+000 0.00000000e+000 0.00000000e+000 0.00000000e+000 0.00000000e+000 0.00000000e+000 0.00000000e+000 0.00000000e+000 0.00000000e+000 0.00000000e+000 0.00000000e+000 0.00000000e+000 0.00000000e+000 0.00000000e+000 0.00000000e+000
61431.13775961 -114744.842966 -72539.255136 -42839.584784 0.00000000e+000 0.00000000e+000 0.00000000e+000 0.00000000e+000 0.00000000e+000 0.00000000e+000 0.00000000e+000 0.00000000e+000 0.00000000e+000 0.00000000e+000 0.00000000e+000 0.00000000e+000 0.00000000e+000 0.00000000e+000 0.00000000e+000 0.00000000e+000 0.00000000e+000 0.00000000e+000 0.00000000e+000 0.00000000e+000 0.00000000e+000
61431.18867788 -106033.925911 -70862.596598 -41817.119832 0.00000000e+000 0.00000000e+000 0.00000000e+000 0.00000000e+000 0.00000000e+000 0.00000000e+000 0.00000000e+000 0.00000000e+000 0.00000000e+000 0.00000000e+000 0.00000000e+000 0.00000000e+000 0.00000000e+000 0.00000000e+000 0.00000000e+000 0.00000000e+000 0.00000000e+000 0.00000000e+000 0.00000000e+000 0.00000000e+000 0.00000000e+000
61431.23513819 -97791.164519 -69135.393878 -40767.771557 0.00000000e+000 0.00000000e+000 0.00000000e+000 0.00000000e+000 0.00000000e+000 0.00000000e+000 0.00000000e+000 0.00000000e+000 0.00000000e+000 0.00000000e+000 0.00000000e+000 0.00000000e+000 0.00000000e+000 0.00000000e+000 0.00000000e+000 0.00000000e+000 0.00000000e+000 0.00000000e+000 0.00000000e+000 0.00000000e+000 0.00000000e+000
61431.27743281 -90018.360808 -67372.421130 -39700.132733 0.00000000e+000 0.00000000e+000 0.00000000e+000 0.00000000e+000 0.00000000e+000 0.00000000e+000 0.00000000e+000 0.00000000e+000 0.00000000e+000 0.00000000e+000 0.00000000e+000 0.00000000e+000 0.00000000e+000 0.00000000e+000 0.00000000e+000 0.00000000e+000 0.00000000e+000 0.00000000e+000 0.00000000e+000 0.00000000e+000 0.00000000e+000
61431.31596339 -82691.844157 -65582.343558 -38619.109235 0.00000000e+000 0.00000000e+000 0.00000000e+000 0.00000000e+000 0.00000000e+000 0.00000000e+000 0.00000000e+000 0.00000000e+000 0.00000000e+000 0.00000000e+000 0.00000000e+000 0.00000000e+000 0.00000000e+000 0.00000000e+000 0.00000000e+000 0.00000000e+000 0.00000000e+000 0.00000000e+000 0.00000000e+000 0.00000000e+000 0.00000000e+000
61431.35109535 -75787.741705 -63772.423078 -37528.792685 0.00000000e+000 0.00000000e+000 0.00000000e+000 0.00000000e+000 0.00000000e+000 0.00000000e+000 0.00000000e+000 0.00000000e+000 0.00000000e+000 0.00000000e+000 0.00000000e+000 0.00000000e+000 0.00000000e+000 0.00000000e+000 0.00000000e+000 0.00000000e+000 0.00000000e+000 0.00000000e+000 0.00000000e+000 0.00000000e+000 0.00000000e+000
61431.38315644 -69283.119910 -61948.876330 -36432.673884 0.00000000e+000 0.00000000e+000 0.00000000e+000 0.00000000e+000 0.00000000e+000 0.00000000e+000 0.00000000e+000 0.00000000e+000 0.00000000e+000 0.00000000e+000 0.00000000e+000 0.00000000e+000 0.00000000e+000 0.00000000e+000 0.00000000e+000 0.00000000e+000 0.00000000e+000 0.00000000e+000 0.00000000e+000 0.00000000e+000 0.00000000e+000
61431.41244163 -63155.874443 -60116.950926 -35333.685850 0.00000000e+000 0.00000000e+000 0.00000000e+000 0.00000000e+000 0.00000000e+000 0.00000000e+000 0.00000000e+000 0.00000000e+000 0.00000000e+000 0.00000000e+000 0.00000000e+000 0.00000000e+000 0.00000000e+000 0.00000000e+000 0.00000000e+000 0.00000000e+000 0.00000000e+000 0.00000000e+000 0.00000000e+000 0.00000000e+000 0.00000000e+000
61431.43921602 -57384.902802 -58281.066994 -34234.286578 0.00000000e+000 0.00000000e+000 0.00000000e+000 0.00000000e+000 0.00000000e+000 0.00000000e+000 0.00000000e+000 0.00000000e+000 0.00000000e+000 0.00000000e+000 0.00000000e+000 0.00000000e+000 0.00000000e+000 0.00000000e+000 0.00000000e+000 0.00000000e+000 0.00000000e+000 0.00000000e+000 0.00000000e+000 0.00000000e+000 0.00000000e+000
61431.46371848 -51950.009894 -56444.873818 -33136.491117 0.00000000e+000 0.00000000e+000 0.00000000e+000 0.00000000e+000 0.00000000e+000 0.00000000e+000 0.00000000e+000 0.00000000e+000 0.00000000e+000 0.00000000e+000 0.00000000e+000 0.00000000e+000 0.00000000e+000 0.00000000e+000 0.00000000e+000 0.00000000e+000 0.00000000e+000 0.00000000e+000 0.00000000e+000 0.00000000e+000 0.00000000e+000
61431.48616410 -46832.005709 -54611.356613 -32041.933955 0.00000000e+000 0.00000000e+000 0.00000000e+000 0.00000000e+000 0.00000000e+000 0.00000000e+000 0.00000000e+000 0.00000000e+000 0.00000000e+000 0.00000000e+000 0.00000000e+000 0.00000000e+000 0.00000000e+000 0.00000000e+000 0.00000000e+000 0.00000000e+000 0.00000000e+000 0.00000000e+000 0.00000000e+000 0.00000000e+000 0.00000000e+000
61431.50674721 -42012.562069 -52782.853828 -30951.878132 1.48829507e+006 9.97612584e+005 1.81285594e+005 1.29983515e+004 6.47424708e+002 7.91975935e+001 1.79449916e+001 4.42966656e+000 1.01616698e+000 3.36564404e-001 5.52887447e-002 2.21621500e-003 2.52410889e-004 0.00000000e+000 0.00000000e+000 0.00000000e+000 0.00000000e+000 0.00000000e+000 0.00000000e+000 0.00000000e+000 0.00000000e+000
61431.52564326 -37474.288399 -50961.140176 -29867.263822 3.45955724e+006 2.32422504e+006 4.38135418e+005 3.01473891e+004 1.16056294e+003 1.37054896e+002 3.10233662e+001 8.17242630e+000 1.87934993e+000 5.76989716e-001 2.19154487e-001 6.02583714e-002 2.75264043e-002 0.00000000e+000 0.00000000e+000 0.00000000e+000 0.00000000e+000 0.00000000e+000 0.00000000e+000 0.00000000e+000 0.00000000e+000
61431.54301094 -33200.670830 -49147.454626 -28788.724199 8.69261045e+006 5.84488507e+006 1.16272771e+006 7.94989629e+004 2.37041250e+003 2.57287214e+002 5.76543940e+001 1.59231954e+001 3.74139993e+000 1.14295235e+000 4.20118549e-001 1.96938383e-001 9.13221528e-002 1.58655176e-002 6.06530992e-003 0.00000000e+000 0.00000000e+000 0.00000000e+000 0.00000000e+000 0.00000000e+000 0.00000000e+000
61431.55899419 -29175.977304 -47342.499611 -27716.584394 2.02667375e+007 1.35597173e+007 2.83632991e+006 1.96089850e+005 4.90546770e+003 4.48750416e+002 9.42948363e+001 2.42216634e+001 5.53809493e+000 1.64509185e+000 6.20888144e-001 2.58365192e-001 1.20234240e-001 4.90186591e-002 1.84288509e-002 3.38760908e-003 0.00000000e+000 0.00000000e+000 0.00000000e+000 0.00000000e+000 0.00000000e+000
61431.57372376 -25385.242279 -45546.459765 -26650.872266 4.26312289e+007 2.81582734e+007 6.15749412e+006 4.38554292e+005 9.98732495e+003 7.62378863e+002 1.44790995e+002 3.03481429e+001 6.16807625e+000 1.64965284e+000 6.61480486e-001 2.94450273e-001 1.48638213e-001 6.66090555e-002 2.61239786e-002 1.19602200e-002 3.29650165e-003 3.32567919e-003 2.63387655e-003 0.00000000e+000 0.00000000e+000
61431.58731852 -21814.254303 -43759.013391 -25591.324964 7.95696203e+007 5.18108523e+007 1.18116464e+007 8.72264170e+005 1.95099371e+004 1.32346378e+003 2.33926303e+002 4.09781796e+001 7.56988218e+000 1.78503841e+000 7.25061760e-001 3.23769294e-001 1.67315734e-001 7.79933228e-002 3.69594615e-002 1.98621548e-002 1.67222470e-002 1.68266613e-002 1.20784687e-002 3.38873192e-003 0.00000000e+000
61431.59988725 -18449.387632 -41979.249760 -24537.339856 1.34231949e+008 8.65810820e+007 2.06205214e+007 1.59320230e+006 3.73765639e+004 2.35470557e+003 4.00354200e+002 6.10528464e+001 1.02958483e+001 2.20138263e+000 8.91288195e-001 4.06755271e-001 2.20948445e-001 1.03089596e-001 5.20648077e-002 3.03366258e-002 2.81680113e-002 2.92643577e-002 2.37333121e-002 3.89674249e-002 3.05824702e-004
61431.61152972 -15277.586574 -40205.633901 -23487.953927 2.07094298e+008 1.32364158e+008 3.30123380e+007 2.70722838e+006 6.87655226e+004 3.95041040e+003 6.76710581e+002 9.33330460e+001 1.46296230e+001 2.72168850e+000 1.02882073e+000 4.88628313e-001 2.93231444e-001 1.43900551e-001 7.57444081e-002 4.70428307e-002 4.60817038e-002 4.97237292e-002 4.10035967e-002 5.66173867e-002 5.32667472e-002
61431.62233831 -12286.188991 -38435.853595 -22441.753733 2.93502922e+008 1.82178193e+008 4.62157545e+007 3.92401972e+006 1.05417648e+005 6.11858655e+003 1.07490713e+003 1.65960482e+002 2.35934055e+001 3.73757800e+000 1.10271052e+000 5.33135076e-001 3.50254464e-001 1.83816775e-001 9.84313935e-002 6.15764818e-002 6.08142747e-002 6.55988669e-002 5.34437876e-002 6.80932843e-002 8.74446314e-002
61431.63239924 -9462.809850 -36666.643592 -21396.772434 3.75808095e+008 2.25946165e+008 5.81073134e+007 5.11170398e+006 1.46916201e+005 9.03077011e+003 1.63606931e+003 2.90731617e+002 3.97790055e+001 5.45186239e+000 1.20934201e+000 5.47633256e-001 3.82862110e-001 2.08475147e-001 1.13493223e-001 6.88912741e-002 6.68136832e-002 7.11200794e-002 5.77944608e-002 7.32118541e-002 9.10847454e-002
61431.64167470 -6829.232722 -34916.830106 -20364.085756 4.39155911e+008 2.55544249e+008 6.67530153e+007 6.00309516e+006 1.76510500e+005 1.16422145e+004 2.21352294e+003 4.58925229e+002 6.17099225e+001 7.19678345e+000 1.25466530e+000 5.10707441e-001 3.70921189e-001 2.06856309e-001 1.13346674e-001 6.56570183e-002 6.04373620e-002 6.26759949e-002 5.09428820e-002 6.76817679e-002 8.14467232e-002
61431.64917141 -4682.035821 -33408.405228 -19474.508369 4.74163503e+008 2.68109772e+008 7.07773611e+007 5.93310434e+006 1.58431674e+005 1.17029581e+004 2.36601897e+003 6.13895765e+002 8.18306988e+001 7.72077473e+000 1.06126891e+000 3.94810128e-001 2.90472593e-001 1.65672294e-001 8.84452289e-002 4.62699490e-002 3.84742123e-002 3.67962098e-002 2.78619808e-002 3.39418076e-002 4.10420044e-002
61431.65591118 -2740.314228 -31971.793818 -18627.826499 4.84548000e+008 2.69676776e+008 7.24918314e+007 5.61423532e+006 1.33383655e+005 1.05776713e+004 2.24503613e+003 7.40845889e+002 1.00296999e+002 8.07934485e+000 9.70540718e-001 3.34156289e-001 2.25994157e-001 1.27106157e-001 6.67268551e-002 3.17860551e-002 2.31283856e-002 1.96405217e-002 1.33575926e-002 1.37244660e-002 1.64436055e-002
61431.66186836 -1017.971230 -30631.769911 -17838.537559 4.77839242e+008 2.62873110e+008 7.24994820e+007 4.96197835e+006 1.07302022e+005 9.02932736e+003 1.95675766e+003 7.77600790e+002 1.07827818e+002 7.85215361e+000 9.06739773e-001 2.89334978e-001 1.71564772e-001 9.29163953e-002 4.84006390e-002 2.15912512e-002 1.33817153e-002 9.51408391e-003 5.42697581e-003 4.04468579e-003 4.27349792e-003
61431.66686289 428.007429 -29452.625757 -17144.375092 4.45655639e+008 2.42004806e+008 6.96947226e+007 3.70042686e+006 7.77570416e+004 6.73889258e+003 1.39873437e+003 6.32384302e+002 9.59953078e+001 6.72518212e+000 8.54168305e-001 2.51359992e-001 1.29588555e-001 6.51089584e-002 3.46959426e-002 1.60821408e-002 9.57318087e-003 6.33929925e-003 3.35977044e-003 2.13034934e-003 2.06686063e-003
61431.67114536 1667.261493 -28397.762024 -16523.662545 4.07080907e+008 2.19521427e+008 6.63056140e+007 2.74301038e+006 5.69008133e+004 5.09019433e+003 1.00965679e+003 4.89816702e+002 7.86145993e+001 5.36205716e+000 7.63302713e-001 2.12571853e-001 9.76595337e-002 4.60059737e-002 2.53628203e-002 1.23724486e-002 7.08932697e-003 4.29917070e-003 2.05399661e-003 9.44166291e-004 7.11027356e-004
61431.67543397 2905.695021 -27297.742762 -15876.662696 3.58796960e+008 1.92789329e+008 6.15979636e+007 1.86671985e+006 3.81266167e+004 3.57979654e+003 6.83865490e+002 3.25317679e+002 5.39665728e+001 3.49983869e+000 6.06707764e-001 1.64363736e-001 6.88341199e-002 3.15208287e-002 1.86188160e-002 9.91944057e-003 5.71418135e-003 3.34508272e-003 1.53409708e-003 6.07616065e-004 3.98967505e-004
61431.68030434 4305.866904 -25991.487737 -15108.731510 2.97134039e+008 1.55983351e+008 5.34387617e+007 1.15544544e+006 2.67816507e+004 2.73197219e+003 4.75858576e+002 1.83083770e+002 3.05160391e+001 2.27649580e+000 4.75341645e-001 1.29391943e-001 4.94636807e-002 2.22452798e-002 1.41032921e-002 8.17237016e-003 4.81378725e-003 2.75985118e-003 1.24174705e-003 4.41267631e-004 2.47618024e-004
61431.68529240 5728.483784 -24585.708153 -14282.734049 2.35603492e+008 1.17875516e+008 4.39148925e+007 6.08299683e+005 1.88032715e+004 2.13630510e+003 3.28203930e+002 7.76877205e+001 1.26365829e+001 1.46932000e+000 3.72325789e-001 1.04200242e-001 3.70211554e-002 1.66570276e-002 1.12262154e-002 6.96578418e-003 4.25445219e-003 2.43885919e-003 1.11515883e-003 3.95126171e-004 2.09150016e-004
61431.69026297 7128.703956 -23110.625731 -13416.502521 1.85372424e+008 8.60181822e+007 3.47696786e+007 2.82055488e+005 1.25456260e+004 1.58432590e+003 2.09516470e+002 3.18694608e+001 5.88180952e+000 1.08320200e+000 3.03800645e-001 8.73972424e-002 2.98745032e-002 1.37465382e-002 9.54142290e-003 6.10282550e-003 3.84282498e-003 2.19675103e-003 1.02714479e-003 3.63141218e-004 1.81776760e-004
61431.69513431 8476.830909 -21587.097294 -12522.336740 1.37549566e+008 5.65473776e+007 2.44633637e+007 1.93350773e+005 1.12822412e+004 1.59031805e+003 2.02954272e+002 2.66641980e+001 6.07769001e+000 1.30888871e+000 3.21320506e-001 9.09320580e-002 3.28153173e-002 1.57602404e-002 1.10990682e-002 6.91327605e-003 4.37105106e-003 2.33525918e-003 1.03543586e-003 3.72738293e-004 1.93652776e-004
61431.69977353 9730.315561 -20058.855115 -11625.923399 1.06894598e+008 3.67500296e+007 1.58964300e+007 1.19896364e+005 8.45429694e+003 1.22657426e+003 1.58792405e+002 2.08987310e+001 7.24030334e+000 2.01982643e+000 4.20175242e-001 1.09899938e-001 4.22237588e-002 2.19469120e-002 1.56182370e-002 9.28222107e-003 5.39429767e-003 2.76691194e-003 1.14816005e-003 4.23040357e-004 2.37871971e-004
61431.70408845 10861.059108 -18565.035549 -10750.197341 8.27809350e+007 2.52492443e+007 8.57248200e+006 8.32698388e+004 6.53732435e+003 9.52520169e+002 1.46726919e+002 2.51492517e+001 1.51995827e+001 5.22162908e+000 1.14843610e+000 2.95686466e-001 1.06994025e-001 5.23694310e-002 3.34171380e-002 1.78617154e-002 8.81450591e-003 4.07973773e-003 1.63715189e-003 6.54345543e-004 4.31227300e-004
61431.70811359 11876.924252 -17104.957763 -9894.720782 6.56331922e+007 1.89167644e+007 3.96734316e+006 6.89412526e+004 5.60945381e+003 8.00879245e+002 1.60953539e+002 4.04075531e+001 3.62617964e+001 1.48529446e+001 3.84354697e+000 1.04382412e+000 3.67046104e-001 1.71258085e-001 9.78801031e-002 4.70781430e-002 2.09849601e-002 9.25094821e-003 3.97374916e-003 1.88960967e-003 1.42477084e-003
61431.71188773 12787.075846 -15674.897787 -9057.277299 5.88455466e+007 1.64573756e+007 1.87745582e+006 6.93249730e+004 5.26163370e+003 7.48996135e+002 1.98519170e+002 7.71376112e+001 8.60861672e+001 3.72545914e+001 1.10183835e+001 3.13379634e+000 1.09554900e+000 4.93269990e-001 2.68276509e-001 1.25959591e-001 5.58664583e-002 2.64064168e-002 1.24738284e-002 6.75975589e-003 5.34035256e-003
61431.71544760 13600.008472 -14270.190171 -8235.105896 6.32363265e+007 1.69700088e+007 8.85081517e+005 7.01315052e+004 6.67938230e+003 1.14297071e+003 3.28576810e+002 1.48351553e+002 1.83719846e+002 8.03804092e+001 2.66507541e+001 8.08188496e+000 2.83804336e+000 1.22662605e+000 6.54045658e-001 3.14999155e-001 1.46927192e-001 7.63991286e-002 3.86419367e-002 2.17456809e-002 1.69365779e-002
61431.71882763 14323.261264 -12885.448699 -7425.031016 7.30474466e+007 1.96745628e+007 5.09547529e+005 6.19056573e+004 6.31535647e+003 1.32311050e+003 5.41180607e+002 3.54670345e+002 4.69077161e+002 1.87312128e+002 7.08640557e+001 2.25138209e+001 8.06870118e+000 3.48221027e+000 1.95572884e+000 1.03992571e+000 5.44071340e-001 3.13659958e-001 1.73012141e-001 1.02190217e-001 7.59326407e-002
61431.72206027 14963.286892 -11514.597663 -6623.481448 8.65752734e+007 2.32651415e+007 5.48540737e+005 6.92266492e+004 8.07053418e+003 2.13349238e+003 1.02331711e+003 6.82278351e+002 8.11006184e+002 3.26510145e+002 1.26908458e+002 4.03111074e+001 1.46853425e+001 6.56024827e+000 3.78290793e+000 2.19179263e+000 1.28983213e+000 8.05907286e-001 4.60962183e-001 2.78059838e-001 2.08435585e-001
61431.72517670 15525.370828 -10150.769958 -5826.431435 1.05447262e+008 2.81789163e+007 1.08813071e+006 1.02813633e+005 1.26066087e+004 3.64235995e+003 1.85631039e+003 1.12701005e+003 1.24014321e+003 5.07001624e+002 1.97594098e+002 6.35148031e+001 2.34875568e+001 1.08039580e+001 6.34547900e+000 3.93640482e+000 2.49305581e+000 1.61957337e+000 9.37989657e-001 5.62442640e-001 4.18102639e-001
61431.72820773 16013.538508 -8786.089243 -5029.274348 1.21166387e+008 3.13018472e+007 1.76576777e+006 1.38346478e+005 2.25891252e+004 7.89893079e+003 4.16501591e+003 2.78547201e+003 2.14815135e+003 8.45635137e+002 3.04228736e+002 9.60832089e+001 3.55374832e+001 1.65454699e+001 9.62356092e+000 6.25384879e+000 4.16960436e+000 2.81589925e+000 1.66006953e+000 9.74076378e-001 7.09623696e-001
61431.73118492 16430.402000 -7411.325721 -4226.623113 1.28836879e+008 2.85367554e+007 7.47519380e+005 6.89872242e+004 2.49598391e+004 9.82092007e+003 5.35212095e+003 4.35343957e+003 3.12549999e+003 1.21049008e+003 4.16484051e+002 1.32087879e+002 4.92229042e+001 2.31049194e+001 1.33397532e+001 8.93223302e+000 6.08704178e+000 4.16568058e+000 2.46684096e+000 1.42541516e+000 1.02138038e+000
61431.73414154 16776.836890 -6015.644031 -3412.165191 1.46542245e+008 3.27301869e+007 1.18176849e+006 8.47220269e+004 3.34030962e+004 1.26898711e+004 6.87251574e+003 5.29105678e+003 3.53457854e+003 1.35797714e+003 4.60666291e+002 1.49428867e+002 5.65634337e+001 2.67558581e+001 1.54347313e+001 1.04115473e+001 7.15534291e+000 4.91036428e+000 2.92036935e+000 1.69380119e+000 1.20569344e+000
61431.73711182 17051.373634 -4587.232742 -2579.032398 1.62038678e+008 3.68969234e+007 1.64000349e+006 1.00260237e+005 4.06047209e+004 1.48933392e+004 8.02203570e+003 5.82711150e+003 3.63858032e+003 1.38715511e+003 4.67605729e+002 1.54572975e+002 5.93483674e+001 2.82498798e+001 1.63045438e+001 1.10002011e+001 7.59930508e+000 5.22737993e+000 3.12286545e+000 1.82338604e+000 1.29392414e+000
61431.74000355 17243.080081 -3176.251410 -1756.488882 1.70211326e+008 3.93287698e+007 1.95686314e+006 1.10657734e+005 4.55254051e+004 1.63932729e+004 8.78282249e+003 6.08070410e+003 3.57804040e+003 1.35111363e+003 4.52892332e+002 1.50256464e+002 5.80259752e+001 2.76597638e+001 1.59730831e+001 1.07704098e+001 7.48607567e+000 5.17473600e+000 3.10720675e+000 1.82794772e+000 1.29960353e+000
61431.74281304 17354.335434 -1791.558455 -949.681058 1.71266513e+008 4.01838744e+007 2.12428223e+006 1.15883504e+005 4.81213532e+004 1.71893927e+004 9.14376202e+003 6.04973380e+003 3.39440674e+003 1.27074121e+003 4.23641855e+002 1.39433083e+002 5.37895217e+001 2.55649875e+001 1.47613010e+001 9.95284149e+000 6.96286660e+000 4.84114469e+000 2.92057860e+000 1.73104176e+000 1.23844608e+000
61431.74556248 17389.323914 -428.814487 -156.061474 1.66117821e+008 3.97393984e+007 2.14687057e+006 1.16468520e+005 4.84748332e+004 1.73201605e+004 9.13727806e+003 5.74477900e+003 3.09856969e+003 1.15141675e+003 3.82312716e+002 1.23562307e+002 4.73490726e+001 2.23475836e+001 1.28798345e+001 8.67385623e+000 6.10166720e+000 4.26681844e+000 2.58270336e+000 1.54056041e+000 1.11353609e+000
61431.74827603 17351.078403 917.958484 627.865273 1.56369974e+008 3.79215861e+007 2.04985162e+006 1.13401758e+005 4.66434218e+004 1.68077552e+004 8.78694932e+003 5.28376647e+003 2.78152051e+003 1.02719577e+003 3.40351617e+002 1.07570856e+002 4.07652720e+001 1.90551932e+001 1.09443895e+001 7.34118413e+000 5.17444529e+000 3.63348935e+000 2.20316113e+000 1.32121128e+000 9.65294050e-001
61431.75092794 17243.887464 2230.488288 1391.482273 1.42070607e+008 3.46403916e+007 1.81852410e+006 1.05731372e+005 4.27297379e+004 1.57055786e+004 8.14229464e+003 4.69917538e+003 2.41840226e+003 8.84720181e+002 2.93445746e+002 8.96175001e+001 3.33284584e+001 1.53361032e+001 8.75580509e+000 5.81474706e+000 4.10006744e+000 2.89591680e+000 1.75987677e+000 1.06261017e+000 7.87748506e-001
61431.75360282 17066.964741 3545.487653 2156.159259 1.24202762e+008 2.97427017e+007 1.45341299e+006 9.28710467e+004 3.68335871e+004 1.40796762e+004 7.27136155e+003 4.10487671e+003 2.08075944e+003 7.50171099e+002 2.50000515e+002 7.33656300e+001 2.65563510e+001 1.19358999e+001 6.74416162e+000 4.38201130e+000 3.07269271e+000 2.18351299e+000 1.33126374e+000 8.12401957e-001 6.10960883e-001
61431.75632662 16817.977830 4870.225051 2926.114254 1.03051463e+008 2.30893142e+007 9.36506958e+005 7.53823000e+004 2.88732565e+004 1.18582880e+004 6.12735589e+003 3.54261399e+003 1.84860371e+003 6.59784750e+002 2.20997199e+002 6.37953405e+001 2.25306846e+001 9.86502541e+000 5.49862366e+000 3.47127064e+000 2.37732162e+000 1.67523349e+000 1.01948021e+000 6.28863232e-001 4.71921606e-001
61431.75914362 16490.755319 6220.076285 3710.264787 8.91095652e+007 2.01174769e+007 7.32360727e+005 6.52021126e+004 2.04133623e+004 8.20400603e+003 4.22835082e+003 2.42706851e+003 1.34027822e+003 4.74132597e+002 1.62869776e+002 4.87771893e+001 1.72932163e+001 7.41114911e+000 4.08483251e+000 2.48739184e+000 1.62331399e+000 1.10013627e+000 6.56104890e-001 4.08568599e-001 3.04767259e-001
61431.76204797 16083.705693 7585.488688 4503.039061 7.64274930e+007 1.73212901e+007 5.05700096e+005 5.36703740e+004 1.05155758e+004 3.70171913e+003 1.98044476e+003 1.28195103e+003 8.37599497e+002 2.94916969e+002 1.08742202e+002 3.49817271e+001 1.26470746e+001 5.34961306e+000 2.92632335e+000 1.68625098e+000 1.00960630e+000 6.31749920e-001 3.53431389e-001 2.12780257e-001 1.53593186e-001
61431.76506150 15592.324826 8969.657572 5306.271796 6.21909922e+007 1.37642641e+007 3.80501345e+005 5.01421458e+004 7.81304919e+003 2.58885038e+003 1.36806197e+003 8.97944761e+002 5.79787896e+002 1.99597772e+002 7.10596568e+001 2.35688396e+001 8.62274970e+000 3.57454099e+000 1.86509477e+000 9.90941159e-001 5.37510833e-001 3.16263074e-001 1.66040359e-001 9.49021486e-002 6.82550668e-002
61431.76820051 15012.672331 10372.437808 6119.855917 5.09168737e+007 1.11426826e+007 4.71642213e+005 4.90378445e+004 5.80837579e+003 1.64848369e+003 8.39745324e+002 5.51407453e+002 3.45689028e+002 1.15304201e+002 3.88545632e+001 1.30982937e+001 4.90890221e+000 2.01654344e+000 9.91491523e-001 4.84125417e-001 2.31905584e-001 1.22818285e-001 5.76338669e-002 2.97031289e-002 2.11494697e-002
61431.77144661 14348.380379 11778.283121 6934.758748 4.36668768e+007 1.02659629e+007 9.52993807e+005 5.09416533e+004 4.61432392e+003 1.00893208e+003 4.53147547e+002 2.64954465e+002 1.61772279e+002 5.19442537e+001 1.60202020e+001 5.20692380e+000 2.02140008e+000 8.54247243e-001 4.02762296e-001 1.80310575e-001 7.70453806e-002 3.57868460e-002 1.46648867e-002 6.53910164e-003 4.51422380e-003
61431.77461972 13643.053890 13106.742989 7704.377087 4.07898741e+007 1.09199465e+007 1.97310951e+006 6.18653758e+004 4.67183394e+003 8.48457194e+002 3.18667970e+002 1.46937886e+002 7.91314241e+001 2.38156121e+001 6.88870346e+000 2.23657433e+000 9.22288245e-001 4.24006630e-001 2.10752975e-001 9.47360052e-002 3.89597422e-002 1.64656187e-002 6.08848398e-003 2.30886632e-003 1.48987170e-003
61431.77781155 12885.155879 14396.626784 8451.244027 4.74435319e+007 1.39477872e+007 4.23066190e+006 1.18952265e+005 6.33543014e+003 9.68251969e+002 2.59389087e+002 8.79107358e+001 4.08589621e+001 1.15156284e+001 3.22196286e+000 1.06792592e+000 4.69325885e-001 2.26320886e-001 1.17240479e-001 5.47807079e-002 2.42559791e-002 1.09432884e-002 4.16442353e-003 1.50408754e-003 6.41131052e-004
61431.78107417 12067.396662 15667.078899 9186.466136 5.82572709e+007 1.90866805e+007 7.99311333e+006 1.35701588e+005 7.98453945e+003 1.31498986e+003 2.53100867e+002 5.64987733e+001 2.13010877e+001 5.83267431e+000 1.65449899e+000 5.48483262e-001 2.32262937e-001 1.15125971e-001 6.44079173e-002 3.23252956e-002 1.65461301e-002 8.46499079e-003 3.58796822e-003 1.50964173e-003 1.05100915e-003
61431.78444324 11184.269828 16928.810403 9916.249535 7.10901302e+007 2.75217434e+007 1.32596988e+007 2.14755785e+005 1.08381353e+004 1.66654877e+003 2.66015517e+002 4.45698769e+001 1.23981115e+001 2.92019944e+000 7.60957489e-001 2.47611592e-001 1.18015443e-001 6.54368462e-002 4.04044199e-002 1.96338560e-002 1.01506426e-002 5.10451289e-003 2.14926471e-003 7.01921057e-004 3.89759556e-004
61431.78794869 10230.592453 18188.976717 10644.731894 8.53406284e+007 3.96506139e+007 1.97528730e+007 3.10461570e+005 1.40730200e+004 2.04053268e+003 3.25864138e+002 5.44462150e+001 1.17221566e+001 2.59798617e+000 7.38696247e-001 2.40640937e-001 1.05433752e-001 5.77279262e-002 3.66037414e-002 1.75618170e-002 9.71817149e-003 5.16123559e-003 2.39165374e-003 7.91890117e-004 4.07475032e-004
61431.79161829 9201.105671 19452.795081 11374.921997 1.09689911e+008 5.79350071e+007 2.77797357e+007 4.88731904e+005 2.05697385e+004 2.56062706e+003 3.78515708e+002 6.28931836e+001 1.09804351e+001 2.34280188e+000 6.94853573e-001 2.22297304e-001 9.06258101e-002 5.01213665e-002 3.13276541e-002 1.52324369e-002 8.17772504e-003 4.27530460e-003 1.97426768e-003 6.67368389e-004 3.59859415e-004
61431.79547926 8090.347888 20724.240111 12109.104030 1.37229426e+008 7.77032780e+007 3.46560488e+007 9.12410300e+005 3.54332348e+004 3.94684065e+003 6.23268714e+002 1.32611803e+002 1.91479756e+001 3.17571079e+000 8.93832272e-001 2.79734664e-001 1.11054950e-001 5.43376317e-002 3.26511869e-002 1.64836688e-002 9.34391872e-003 5.03299736e-003 2.24925341e-003 8.01086983e-004 4.61534178e-004
61431.79955911 6892.644997 22006.368342 12849.026491 1.73907129e+008 1.02949178e+008 4.21028598e+007 1.56304263e+006 5.57075382e+004 5.66969483e+003 9.54705713e+002 2.69553926e+002 3.59319186e+001 4.51440934e+000 1.16584746e+000 3.53354035e-001 1.37241518e-001 5.98594939e-002 3.46143069e-002 1.82733818e-002 1.09584910e-002 6.20086476e-003 2.81681751e-003 1.11719154e-003 7.06605099e-004
61431.80388598 5602.166113 23301.470835 13595.991353 2.17041872e+008 1.30963103e+008 4.89301648e+007 2.43212177e+006 8.09435865e+004 7.66252901e+003 1.40307804e+003 4.65916490e+002 5.78161442e+001 6.19520897e+000 1.45821164e+000 4.35796253e-001 1.69715634e-001 6.94560427e-002 3.88395030e-002 2.13898624e-002 1.38764990e-002 8.72306128e-003 4.34803564e-003 2.17967853e-003 1.66297690e-003
61431.80846444 4220.411728 24604.382544 14346.999690 2.62174111e+008 1.58117597e+008 5.35982453e+007 3.46566812e+006 1.08794268e+005 9.73480508e+003 1.99084174e+003 6.89638761e+002 7.76367740e+001 7.75402765e+000 1.68371422e+000 5.17326952e-001 2.13126745e-001 8.89674089e-002 4.89759132e-002 2.77383267e-002 2.00051190e-002 1.45209806e-002 8.18635478e-003 5.25139707e-003 4.70565211e-003
61431.81316024 2791.732774 25873.915830 15078.314535 3.05413765e+008 1.83646800e+008 5.55385551e+007 4.37338224e+006 1.26723808e+005 1.09169456e+004 2.54305558e+003 8.05201569e+002 7.51695908e+001 6.67289699e+000 1.42119827e+000 5.03715471e-001 2.53925885e-001 1.22414266e-001 7.16637591e-002 4.29979787e-002 3.53519994e-002 2.99801086e-002 1.92570663e-002 1.59080046e-002 1.63798770e-002
61431.81793764 1331.256721 27101.473609 15785.013798 3.17321302e+008 1.90982877e+008 5.48604621e+007 4.59218358e+006 1.23629649e+005 9.85421162e+003 2.46343590e+003 6.78961597e+002 5.83960638e+001 5.30715293e+000 1.19669630e+000 4.94262316e-001 3.11104469e-001 1.69746094e-001 1.08091666e-001 7.09236150e-002 6.70415321e-002 6.53548884e-002 4.78413810e-002 4.91000733e-002 5.44336348e-002
61431.82271715 -132.863050 28270.003054 16457.323768 3.10720242e+008 1.89098650e+008 5.28056214e+007 4.50254633e+006 1.09716770e+005 7.85024298e+003 2.10721298e+003 5.01753521e+002 4.11853587e+001 4.17952376e+000 1.05479471e+000 5.14194819e-001 3.83138456e-001 2.27039320e-001 1.54650061e-001 1.10139490e-001 1.12813396e-001 1.17729378e-001 9.22273336e-002 1.05839201e-001 1.16121424e-001
61431.82632672 -1238.604464 29115.853042 16943.728155 2.92858882e+008 1.82135016e+008 5.03594171e+007 4.29714107e+006 9.60770961e+004 6.26251064e+003 1.77322046e+003 3.89643570e+002 3.22247009e+001 3.74518294e+000 1.04460547e+000 5.66429964e-001 4.49216057e-001 2.77881844e-001 1.98188572e-001 1.50968764e-001 1.61704306e-001 1.74741904e-001 1.42438865e-001 1.74327297e-001 1.88019883e-001
61431.82992903 -2340.885842 29930.610128 17412.047911 2.72051892e+008 1.72565202e+008 4.72666496e+007 3.94360814e+006 7.93530898e+004 4.75579015e+003 1.42050761e+003 2.92662712e+002 2.45768793e+001 3.25026971e+000 1.00125638e+000 5.94383448e-001 4.88038210e-001 3.09524271e-001 2.26676162e-001 1.78692409e-001 1.95414860e-001 2.13472753e-001 1.76079299e-001 2.15473946e-001 2.31943216e-001
61431.83485771 -3845.392967 31000.875833 18026.921973 2.37716439e+008 1.54512264e+008 4.17874637e+007 3.24037708e+006 5.56889947e+004 3.18309667e+003 9.67309638e+002 1.91764458e+002 1.68517086e+001 2.56088105e+000 9.11223511e-001 5.94059062e-001 4.91845133e-001 3.12989585e-001 2.30709213e-001 1.83241087e-001 2.01850413e-001 2.18921624e-001 1.79289197e-001 2.07389530e-001 2.25242933e-001
61431.84039466 -5528.481211 32146.404059 18684.634356 1.94342978e+008 1.28795993e+008 3.45041351e+007 2.52353580e+006 3.78579395e+004 2.08654095e+003 6.42592308e+002 1.22183412e+002 1.17532880e+001 2.09408182e+000 8.66972420e-001 5.93393085e-001 4.80756402e-001 3.04557217e-001 2.23437934e-001 1.77377086e-001 1.89719104e-001 2.01755564e-001 1.62220705e-001 1.83432231e-001 2.02427728e-001
61431.84656392 -7392.570845 33357.878280 19379.747426 1.45886046e+008 9.82951984e+007 2.60515631e+007 1.80632048e+006 2.40733021e+004 1.30925368e+003 4.03865551e+002 7.38198821e+001 8.35784174e+000 1.80767447e+000 8.57785925e-001 5.88482300e-001 4.53259762e-001 2.83543907e-001 2.04240396e-001 1.59414136e-001 1.61198792e-001 1.65757496e-001 1.29460866e-001 1.47307098e-001 1.55947661e-001
61431.85334700 -9426.187745 34618.093839 20102.307241 1.01230547e+008 6.82913111e+007 1.77822486e+007 1.15031038e+006 1.44923929e+004 8.42729679e+002 2.58004705e+002 5.24670400e+001 7.33812058e+000 1.85527930e+000 9.04597296e-001 5.80075547e-001 4.06164914e-001 2.45521474e-001 1.66119759e-001 1.13421838e-001 1.06420112e-001 1.05093270e-001 8.33320217e-002 1.09551078e-001 3.63282031e-002
61431.86075890 -11627.132498 35917.376250 20846.693215 6.64132499e+007 4.47007054e+007 1.12241014e+007 6.75995086e+005 8.30878427e+003 5.38550251e+002 1.68400008e+002 3.94995645e+001 6.86523075e+000 1.93323677e+000 9.17808196e-001 5.47395664e-001 3.53271005e-001 2.07629197e-001 1.27004919e-001 7.68355663e-002 6.67626502e-002 6.34077450e-002 4.83536380e-002 4.29634836e-002 0.00000000e+000
61431.86882834 -13996.419265 37248.833897 21608.887382 3.90009481e+007 2.60954025e+007 6.22687802e+006 3.51931832e+005 4.67318256e+003 3.68837945e+002 1.17182799e+002 3.23673239e+001 6.87348801e+000 2.12887054e+000 9.72360039e-001 5.38248608e-001 3.19850559e-001 1.75960139e-001 9.20602781e-002 4.74776278e-002 2.92056786e-002 2.77312761e-002 1.53197335e-002 0.00000000e+000 0.00000000e+000
61431.87759450 -16537.208130 38607.293226 22385.860293 1.99304318e+007 1.32139128e+007 3.01033196e+006 1.68025764e+005 2.89993290e+003 2.93835009e+002 9.23009959e+001 2.90937484e+001 7.26568018e+000 2.45922735e+000 1.07056989e+000 5.45159257e-001 2.98241812e-001 1.50708491e-001 6.25463836e-002 2.32463768e-002 0.00000000e+000 0.00000000e+000 0.00000000e+000 0.00000000e+000 0.00000000e+000
61431.88710493 -19254.100778 39988.619182 23175.179202 9.09954755e+006 5.97912921e+006 1.31165200e+006 7.57680789e+004 1.83538444e+003 2.29652081e+002 6.97786421e+001 2.39602223e+001 6.76412719e+000 2.41526431e+000 9.98036881e-001 4.69606361e-001 2.36049413e-001 9.28493553e-002 3.62990030e-002 6.75883480e-004 0.00000000e+000 0.00000000e+000 0.00000000e+000 0.00000000e+000 0.00000000e+000
61431.89741499 -22152.855767 41389.368105 23974.807532 4.03274687e+006 2.65508491e+006 5.59873110e+005 3.40842951e+004 1.09336862e+003 1.41742227e+002 3.94880933e+001 1.24969458e+001 3.48800348e+000 1.25368647e+000 5.30821228e-001 2.69554667e-001 1.44007485e-001 1.07304959e-002 4.15089951e-003 0.00000000e+000 0.00000000e+000 0.00000000e+000 0.00000000e+000 0.00000000e+000 0.00000000e+000
61431.90858727 -25240.101887 42806.500961 24782.939467 2.05576371e+006 1.36727337e+006 2.80308506e+005 1.79278297e+004 6.94869581e+002 8.89056716e+001 2.29666041e+001 6.67072981e+000 1.81676593e+000 6.53050096e-001 2.61788070e-001 6.68077377e-002 3.78670346e-002 0.00000000e+000 0.00000000e+000 0.00000000e+000 0.00000000e+000 0.00000000e+000 0.00000000e+000 0.00000000e+000 0.00000000e+000
61431.92069223 -28523.376135 44237.289298 25597.944972 1.37941807e+006 9.30337125e+005 1.88646331e+005 1.30156186e+004 5.43226806e+002 6.68737843e+001 1.63045850e+001 4.36403522e+000 1.14944416e+000 4.14264778e-001 9.53653242e-002 0.00000000e+000 0.00000000e+000 0.00000000e+000 0.00000000e+000 0.00000000e+000 0.00000000e+000 0.00000000e+000 0.00000000e+000 0.00000000e+000 0.00000000e+000
61431.93375916 -31998.050590 45673.947095 26415.316116 0.00000000e+000 0.00000000e+000 0.00000000e+000 0.00000000e+000 0.00000000e+000 0.00000000e+000 0.00000000e+000 0.00000000e+000 0.00000000e+000 0.00000000e+000 0.00000000e+000 0.00000000e+000 0.00000000e+000 0.00000000e+000 0.00000000e+000 0.00000000e+000 0.00000000e+000 0.00000000e+000 0.00000000e+000 0.00000000e+000 0.00000000e+000
61431.94777851 -35649.153125 47105.604015 27228.805938 0.00000000e+000 0.00000000e+000 0.00000000e+000 0.00000000e+000 0.00000000e+000 0.00000000e+000 0.00000000e+000 0.00000000e+000 0.00000000e+000 0.00000000e+000 0.00000000e+000 0.00000000e+000 0.00000000e+000 0.00000000e+000 0.00000000e+000 0.00000000e+000 0.00000000e+000 0.00000000e+000 0.00000000e+000 0.00000000e+000 0.00000000e+000
61431.96280698 -39479.047376 48529.251897 28036.649694 0.00000000e+000 0.00000000e+000 0.00000000e+000 0.00000000e+000 0.00000000e+000 0.00000000e+000 0.00000000e+000 0.00000000e+000 0.00000000e+000 0.00000000e+000 0.00000000e+000 0.00000000e+000 0.00000000e+000 0.00000000e+000 0.00000000e+000 0.00000000e+000 0.00000000e+000 0.00000000e+000 0.00000000e+000 0.00000000e+000 0.00000000e+000
61431.97930722 -43589.336317 49975.958785 28856.377319 0.00000000e+000 0.00000000e+000 0.00000000e+000 0.00000000e+000 0.00000000e+000 0.00000000e+000 0.00000000e+000 0.00000000e+000 0.00000000e+000 0.00000000e+000 0.00000000e+000 0.00000000e+000 0.00000000e+000 0.00000000e+000 0.00000000e+000 0.00000000e+000 0.00000000e+000 0.00000000e+000 0.00000000e+000 0.00000000e+000 0.00000000e+000
61431.99665116 -47809.241884 51381.254588 29651.390293 0.00000000e+000 0.00000000e+000 0.00000000e+000 0.00000000e+000 0.00000000e+000 0.00000000e+000 0.00000000e+000 0.00000000e+000 0.00000000e+000 0.00000000e+000 0.00000000e+000 0.00000000e+000 0.00000000e+000 0.00000000e+000 0.00000000e+000 0.00000000e+000 0.00000000e+000 0.00000000e+000 0.00000000e+000 0.00000000e+000 0.00000000e+000
61432.01465213 -52086.743112 52729.762074 30413.020764 0.00000000e+000 0.00000000e+000 0.00000000e+000 0.00000000e+000 0.00000000e+000 0.00000000e+000 0.00000000e+000 0.00000000e+000 0.00000000e+000 0.00000000e+000 0.00000000e+000 0.00000000e+000 0.00000000e+000 0.00000000e+000 0.00000000e+000 0.00000000e+000 0.00000000e+000 0.00000000e+000 0.00000000e+000 0.00000000e+000 0.00000000e+000
61432.03472073 -56740.675597 54116.892162 31195.066308 0.00000000e+000 0.00000000e+000 0.00000000e+000 0.00000000e+000 0.00000000e+000 0.00000000e+000 0.00000000e+000 0.00000000e+000 0.00000000e+000 0.00000000e+000 0.00000000e+000 0.00000000e+000 0.00000000e+000 0.00000000e+000 0.00000000e+000 0.00000000e+000 0.00000000e+000 0.00000000e+000 0.00000000e+000 0.00000000e+000 0.00000000e+000
61432.05633005 -61625.563605 55489.968184 31967.655132 0.00000000e+000 0.00000000e+000 0.00000000e+000 0.00000000e+000 0.00000000e+000 0.00000000e+000 0.00000000e+000 0.00000000e+000 0.00000000e+000 0.00000000e+000 0.00000000e+000 0.00000000e+000 0.00000000e+000 0.00000000e+000 0.00000000e+000 0.00000000e+000 0.00000000e+000 0.00000000e+000 0.00000000e+000 0.00000000e+000 0.00000000e+000
61432.07963422 -66757.082471 56847.771818 32729.989889 0.00000000e+000 0.00000000e+000 0.00000000e+000 0.00000000e+000 0.00000000e+000 0.00000000e+000 0.00000000e+000 0.00000000e+000 0.00000000e+000 0.00000000e+000 0.00000000e+000 0.00000000e+000 0.00000000e+000 0.00000000e+000 0.00000000e+000 0.00000000e+000 0.00000000e+000 0.00000000e+000 0.00000000e+000 0.00000000e+000 0.00000000e+000
61432.10478522 -72147.845591 58187.578313 33480.412442 0.00000000e+000 0.00000000e+000 0.00000000e+000 0.00000000e+000 0.00000000e+000 0.00000000e+000 0.00000000e+000 0.00000000e+000 0.00000000e+000 0.00000000e+000 0.00000000e+000 0.00000000e+000 0.00000000e+000 0.00000000e+000 0.00000000e+000 0.00000000e+000 0.00000000e+000 0.00000000e+000 0.00000000e+000 0.00000000e+000 0.00000000e+000
61432.13194944 -77810.993677 59506.223191 34217.005057 0.00000000e+000 0.00000000e+000 0.00000000e+000 0.00000000e+000 0.00000000e+000 0.00000000e+000 0.00000000e+000 0.00000000e+000 0.00000000e+000 0.00000000e+000 0.00000000e+000 0.00000000e+000 0.00000000e+000 0.00000000e+000 0.00000000e+000 0.00000000e+000 0.00000000e+000 0.00000000e+000 0.00000000e+000 0.00000000e+000 0.00000000e+000
61432.16130868 -83760.070500 60800.037840 34937.553417 0.00000000e+000 0.00000000e+000 0.00000000e+000 0.00000000e+000 0.00000000e+000 0.00000000e+000 0.00000000e+000 0.00000000e+000 0.00000000e+000 0.00000000e+000 0.00000000e+000 0.00000000e+000 0.00000000e+000 0.00000000e+000 0.00000000e+000 0.00000000e+000 0.00000000e+000 0.00000000e+000 0.00000000e+000 0.00000000e+000 0.00000000e+000
61432.19300115 -89997.273482 62062.524603 35638.257499 0.00000000e+000 0.00000000e+000 0.00000000e+000 0.00000000e+000 0.00000000e+000 0.00000000e+000 0.00000000e+000 0.00000000e+000 0.00000000e+000 0.00000000e+000 0.00000000e+000 0.00000000e+000 0.00000000e+000 0.00000000e+000 0.00000000e+000 0.00000000e+000 0.00000000e+000 0.00000000e+000 0.00000000e+000 0.00000000e+000 0.00000000e+000
61432.22719831 -96529.306140 63288.039505 36315.788329 0.00000000e+000 0.00000000e+000 0.00000000e+000 0.00000000e+000 0.00000000e+000 0.00000000e+000 0.00000000e+000 0.00000000e+000 0.00000000e+000 0.00000000e+000 0.00000000e+000 0.00000000e+000 0.00000000e+000 0.00000000e+000 0.00000000e+000 0.00000000e+000 0.00000000e+000 0.00000000e+000 0.00000000e+000 0.00000000e+000 0.00000000e+000
61432.26410505 -103366.579889 64471.292614 36967.001135 0.00000000e+000 0.00000000e+000 0.00000000e+000 0.00000000e+000 0.00000000e+000 0.00000000e+000 0.00000000e+000 0.00000000e+000 0.00000000e+000 0.00000000e+000 0.00000000e+000 0.00000000e+000 0.00000000e+000 0.00000000e+000 0.00000000e+000 0.00000000e+000 0.00000000e+000 0.00000000e+000 0.00000000e+000 0.00000000e+000 0.00000000e+000
61432.30394166 -110519.228760 65606.445439 37588.431415 0.00000000e+000 0.00000000e+000 0.00000000e+000 0.00000000e+000 0.00000000e+000 0.00000000e+000 0.00000000e+000 0.00000000e+000 0.00000000e+000 0.00000000e+000 0.00000000e+000 0.00000000e+000 0.00000000e+000 0.00000000e+000 0.00000000e+000 0.00000000e+000 0.00000000e+000 0.00000000e+000 0.00000000e+000 0.00000000e+000 0.00000000e+000
61432.34694535 -117997.086135 66687.094690 38176.285196 0.00000000e+000 0.00000000e+000 0.00000000e+000 0.00000000e+000 0.00000000e+000 0.00000000e+000 0.00000000e+000 0.00000000e+000 0.00000000e+000 0.00000000e+000 0.00000000e+000 0.00000000e+000 0.00000000e+000 0.00000000e+000 0.00000000e+000 0.00000000e+000 0.00000000e+000 0.00000000e+000 0.00000000e+000 0.00000000e+000 0.00000000e+000
61432.39337235 -125809.727738 67706.257717 38726.429816 0.00000000e+000 0.00000000e+000 0.00000000e+000 0.00000000e+000 0.00000000e+000 0.00000000e+000 0.00000000e+000 0.00000000e+000 0.00000000e+000 0.00000000e+000 0.00000000e+000 0.00000000e+000 0.00000000e+000 0.00000000e+000 0.00000000e+000 0.00000000e+000 0.00000000e+000 0.00000000e+000 0.00000000e+000 0.00000000e+000 0.00000000e+000
61432.44349859 -133966.229619 68656.313670 39234.360407 0.00000000e+000 0.00000000e+000 0.00000000e+000 0.00000000e+000 0.00000000e+000 0.00000000e+000 0.00000000e+000 0.00000000e+000 0.00000000e+000 0.00000000e+000 0.00000000e+000 0.00000000e+000 0.00000000e+000 0.00000000e+000 0.00000000e+000 0.00000000e+000 0.00000000e+000 0.00000000e+000 0.00000000e+000 0.00000000e+000 0.00000000e+000
61432.49762079 -142474.981212 69528.959464 39695.174609 0.00000000e+000 0.00000000e+000 0.00000000e+000 0.00000000e+000 0.00000000e+000 0.00000000e+000 0.00000000e+000 0.00000000e+000 0.00000000e+000 0.00000000e+000 0.00000000e+000 0.00000000e+000 0.00000000e+000 0.00000000e+000 0.00000000e+000 0.00000000e+000 0.00000000e+000 0.00000000e+000 0.00000000e+000 0.00000000e+000 0.00000000e+000
61432.55605924 -151343.723278 70315.187334 40103.558503 0.00000000e+000 0.00000000e+000 0.00000000e+000 0.00000000e+000 0.00000000e+000 0.00000000e+000 0.00000000e+000 0.00000000e+000 0.00000000e+000 0.00000000e+000 0.00000000e+000 0.00000000e+000 0.00000000e+000 0.00000000e+000 0.00000000e+000 0.00000000e+000 0.00000000e+000 0.00000000e+000 0.00000000e+000 0.00000000e+000 0.00000000e+000
61432.61915747 -160579.063661 71005.209701 40453.744661 0.00000000e+000 0.00000000e+000 0.00000000e+000 0.00000000e+000 0.00000000e+000 0.00000000e+000 0.00000000e+000 0.00000000e+000 0.00000000e+000 0.00000000e+000 0.00000000e+000 0.00000000e+000 0.00000000e+000 0.00000000e+000 0.00000000e+000 0.00000000e+000 0.00000000e+000 0.00000000e+000 0.00000000e+000 0.00000000e+000 0.00000000e+000
61432.68728510 -170186.454775 71588.433290 40739.496249 0.00000000e+000 0.00000000e+000 0.00000000e+000 0.00000000e+000 0.00000000e+000 0.00000000e+000 0.00000000e+000 0.00000000e+000 0.00000000e+000 0.00000000e+000 0.00000000e+000 0.00000000e+000 0.00000000e+000 0.00000000e+000 0.00000000e+000 0.00000000e+000 0.00000000e+000 0.00000000e+000 0.00000000e+000 0.00000000e+000 0.00000000e+000
61432.76083995 -180169.983554 72053.409474 40954.078265 0.00000000e+000 0.00000000e+000 0.00000000e+000 0.00000000e+000 0.00000000e+000 0.00000000e+000 0.00000000e+000 0.00000000e+000 0.00000000e+000 0.00000000e+000 0.00000000e+000 0.00000000e+000 0.00000000e+000 0.00000000e+000 0.00000000e+000 0.00000000e+000 0.00000000e+000 0.00000000e+000 0.00000000e+000 0.00000000e+000 0.00000000e+000
61432.84024801 -190531.840684 72387.773561 41090.224148 0.00000000e+000 0.00000000e+000 0.00000000e+000 0.00000000e+000 0.00000000e+000 0.00000000e+000 0.00000000e+000 0.00000000e+000 0.00000000e+000 0.00000000e+000 0.00000000e+000 0.00000000e+000 0.00000000e+000 0.00000000e+000 0.00000000e+000 0.00000000e+000 0.00000000e+000 0.00000000e+000 0.00000000e+000 0.00000000e+000 0.00000000e+000
61432.92596730 -201272.261341 72578.211484 41140.115777 0.00000000e+000 0.00000000e+000 0.00000000e+000 0.00000000e+000 0.00000000e+000 0.00000000e+000 0.00000000e+000 0.00000000e+000 0.00000000e+000 0.00000000e+000 0.00000000e+000 0.00000000e+000 0.00000000e+000 0.00000000e+000 0.00000000e+000 0.00000000e+000 0.00000000e+000 0.00000000e+000 0.00000000e+000 0.00000000e+000 0.00000000e+000
61433.01848692 -212388.778606 72610.408656 41095.357133 0.00000000e+000 0.00000000e+000 0.00000000e+000 0.00000000e+000 0.00000000e+000 0.00000000e+000 0.00000000e+000 0.00000000e+000 0.00000000e+000 0.00000000e+000 0.00000000e+000 0.00000000e+000 0.00000000e+000 0.00000000e+000 0.00000000e+000 0.00000000e+000 0.00000000e+000 0.00000000e+000 0.00000000e+000 0.00000000e+000 0.00000000e+000
61433.11833072 -223876.031472 72469.025759 40946.960776 0.00000000e+000 0.00000000e+000 0.00000000e+000 0.00000000e+000 0.00000000e+000 0.00000000e+000 0.00000000e+000 0.00000000e+000 0.00000000e+000 0.00000000e+000 0.00000000e+000 0.00000000e+000 0.00000000e+000 0.00000000e+000 0.00000000e+000 0.00000000e+000 0.00000000e+000 0.00000000e+000 0.00000000e+000 0.00000000e+000 0.00000000e+000
61433.22605766 -235725.087850 72137.677700 40685.339268 0.00000000e+000 0.00000000e+000 0.00000000e+000 0.00000000e+000 0.00000000e+000 0.00000000e+000 0.00000000e+000 0.00000000e+000 0.00000000e+000 0.00000000e+000 0.00000000e+000 0.00000000e+000 0.00000000e+000 0.00000000e+000 0.00000000e+000 0.00000000e+000 0.00000000e+000 0.00000000e+000 0.00000000e+000 0.00000000e+000 0.00000000e+000
61433.34226184 -247922.707593 71598.944070 40300.315672 0.00000000e+000 0.00000000e+000 0.00000000e+000 0.00000000e+000 0.00000000e+000 0.00000000e+000 0.00000000e+000 0.00000000e+000 0.00000000e+000 0.00000000e+000 0.00000000e+000 0.00000000e+000 0.00000000e+000 0.00000000e+000 0.00000000e+000 0.00000000e+000 0.00000000e+000 0.00000000e+000 0.00000000e+000 0.00000000e+000 0.00000000e+000
61433.46757485 -260450.819903 70834.397874 39781.143763 0.00000000e+000 0.00000000e+000 0.00000000e+000 0.00000000e+000 0.00000000e+000 0.00000000e+000 0.00000000e+000 0.00000000e+000 0.00000000e+000 0.00000000e+000 0.00000000e+000 0.00000000e+000 0.00000000e+000 0.00000000e+000 0.00000000e+000 0.00000000e+000 0.00000000e+000 0.00000000e+000 0.00000000e+000 0.00000000e+000 0.00000000e+000
61433.60266853 -273285.936137 69824.648237 39116.536808 0.00000000e+000 0.00000000e+000 0.00000000e+000 0.00000000e+000 0.00000000e+000 0.00000000e+000 0.00000000e+000 0.00000000e+000 0.00000000e+000 0.00000000e+000 0.00000000e+000 0.00000000e+000 0.00000000e+000 0.00000000e+000 0.00000000e+000 0.00000000e+000 0.00000000e+000 0.00000000e+000 0.00000000e+000 0.00000000e+000 0.00000000e+000
61433.74825840 -286398.514353 68549.395667 38294.703655 0.00000000e+000 0.00000000e+000 0.00000000e+000 0.00000000e+000 0.00000000e+000 0.00000000e+000 0.00000000e+000 0.00000000e+000 0.00000000e+000 0.00000000e+000 0.00000000e+000 0.00000000e+000 0.00000000e+000 0.00000000e+000 0.00000000e+000 0.00000000e+000 0.00000000e+000 0.00000000e+000 0.00000000e+000 0.00000000e+000 0.00000000e+000
61433.90511367 -299752.729126 66987.436625 37303.352015 0.00000000e+000 0.00000000e+000 0.00000000e+000 0.00000000e+000 0.00000000e+000 0.00000000e+000 0.00000000e+000 0.00000000e+000 0.00000000e+000 0.00000000e+000 0.00000000e+000 0.00000000e+000 0.00000000e+000 0.00000000e+000 0.00000000e+000 0.00000000e+000 0.00000000e+000 0.00000000e+000 0.00000000e+000 0.00000000e+000 0.00000000e+000
