# Ae9Ap9 Model output file: MoonBEAM_trajectory_trade/Rp18408_COM_8per90prop30inc_Sci.AP9.output_mc_flux_009.txt
# Ae9Ap9 Software Version:  1.50.001
#
# Model type:               AP9
# Particle species:         H+
# Flux type:                1PtDiff
# Flux direction:           Omnidirectional
# Energy levels (MeV):       0.1 0.2 0.4 0.6 0.8 1 2 4 6 8 10 15 20 30 50 60 80 100 150 200 300 400 700 1200 2000
#
# Time format:              Modified Julian Date
# Coordinate system:        GEI (Geocentric Equatorial Inertial) Cartesian in km
# Data Delimiter:           space
#
# datetime(mjd),posx(km),posy(km),posz(km),flux,flux,flux,flux,flux,flux,flux,flux,flux,flux,flux,flux,flux,flux,flux,flux,flux,flux,flux,flux,flux,flux,flux,flux,flux(#/cm^2/s/MeV)
61429.46949573 -304181.640280 -80019.908149 -48268.149155 0.00000000e+000 0.00000000e+000 0.00000000e+000 0.00000000e+000 0.00000000e+000 0.00000000e+000 0.00000000e+000 0.00000000e+000 0.00000000e+000 0.00000000e+000 0.00000000e+000 0.00000000e+000 0.00000000e+000 0.00000000e+000 0.00000000e+000 0.00000000e+000 0.00000000e+000 0.00000000e+000 0.00000000e+000 0.00000000e+000 0.00000000e+000 0.00000000e+000 0.00000000e+000 0.00000000e+000 0.00000000e+000
61429.66048586 -288432.736372 -81391.796844 -48968.293303 0.00000000e+000 0.00000000e+000 0.00000000e+000 0.00000000e+000 0.00000000e+000 0.00000000e+000 0.00000000e+000 0.00000000e+000 0.00000000e+000 0.00000000e+000 0.00000000e+000 0.00000000e+000 0.00000000e+000 0.00000000e+000 0.00000000e+000 0.00000000e+000 0.00000000e+000 0.00000000e+000 0.00000000e+000 0.00000000e+000 0.00000000e+000 0.00000000e+000 0.00000000e+000 0.00000000e+000 0.00000000e+000
61429.83554417 -273010.020262 -82357.483670 -49436.342914 0.00000000e+000 0.00000000e+000 0.00000000e+000 0.00000000e+000 0.00000000e+000 0.00000000e+000 0.00000000e+000 0.00000000e+000 0.00000000e+000 0.00000000e+000 0.00000000e+000 0.00000000e+000 0.00000000e+000 0.00000000e+000 0.00000000e+000 0.00000000e+000 0.00000000e+000 0.00000000e+000 0.00000000e+000 0.00000000e+000 0.00000000e+000 0.00000000e+000 0.00000000e+000 0.00000000e+000 0.00000000e+000
61429.99606503 -257962.515504 -82957.629171 -49695.942067 0.00000000e+000 0.00000000e+000 0.00000000e+000 0.00000000e+000 0.00000000e+000 0.00000000e+000 0.00000000e+000 0.00000000e+000 0.00000000e+000 0.00000000e+000 0.00000000e+000 0.00000000e+000 0.00000000e+000 0.00000000e+000 0.00000000e+000 0.00000000e+000 0.00000000e+000 0.00000000e+000 0.00000000e+000 0.00000000e+000 0.00000000e+000 0.00000000e+000 0.00000000e+000 0.00000000e+000 0.00000000e+000
61430.14332375 -243325.313087 -83229.370856 -49768.584099 0.00000000e+000 0.00000000e+000 0.00000000e+000 0.00000000e+000 0.00000000e+000 0.00000000e+000 0.00000000e+000 0.00000000e+000 0.00000000e+000 0.00000000e+000 0.00000000e+000 0.00000000e+000 0.00000000e+000 0.00000000e+000 0.00000000e+000 0.00000000e+000 0.00000000e+000 0.00000000e+000 0.00000000e+000 0.00000000e+000 0.00000000e+000 0.00000000e+000 0.00000000e+000 0.00000000e+000 0.00000000e+000
61430.27841426 -229129.707830 -83206.426949 -49673.748906 0.00000000e+000 0.00000000e+000 0.00000000e+000 0.00000000e+000 0.00000000e+000 0.00000000e+000 0.00000000e+000 0.00000000e+000 0.00000000e+000 0.00000000e+000 0.00000000e+000 0.00000000e+000 0.00000000e+000 0.00000000e+000 0.00000000e+000 0.00000000e+000 0.00000000e+000 0.00000000e+000 0.00000000e+000 0.00000000e+000 0.00000000e+000 0.00000000e+000 0.00000000e+000 0.00000000e+000 0.00000000e+000
61430.40228940 -215403.737884 -82919.837530 -49429.352360 0.00000000e+000 0.00000000e+000 0.00000000e+000 0.00000000e+000 0.00000000e+000 0.00000000e+000 0.00000000e+000 0.00000000e+000 0.00000000e+000 0.00000000e+000 0.00000000e+000 0.00000000e+000 0.00000000e+000 0.00000000e+000 0.00000000e+000 0.00000000e+000 0.00000000e+000 0.00000000e+000 0.00000000e+000 0.00000000e+000 0.00000000e+000 0.00000000e+000 0.00000000e+000 0.00000000e+000 0.00000000e+000
61430.51580883 -202170.399177 -82398.415302 -49052.011790 0.00000000e+000 0.00000000e+000 0.00000000e+000 0.00000000e+000 0.00000000e+000 0.00000000e+000 0.00000000e+000 0.00000000e+000 0.00000000e+000 0.00000000e+000 0.00000000e+000 0.00000000e+000 0.00000000e+000 0.00000000e+000 0.00000000e+000 0.00000000e+000 0.00000000e+000 0.00000000e+000 0.00000000e+000 0.00000000e+000 0.00000000e+000 0.00000000e+000 0.00000000e+000 0.00000000e+000 0.00000000e+000
61430.61977333 -189445.885593 -81668.859664 -48557.111969 0.00000000e+000 0.00000000e+000 0.00000000e+000 0.00000000e+000 0.00000000e+000 0.00000000e+000 0.00000000e+000 0.00000000e+000 0.00000000e+000 0.00000000e+000 0.00000000e+000 0.00000000e+000 0.00000000e+000 0.00000000e+000 0.00000000e+000 0.00000000e+000 0.00000000e+000 0.00000000e+000 0.00000000e+000 0.00000000e+000 0.00000000e+000 0.00000000e+000 0.00000000e+000 0.00000000e+000 0.00000000e+000
61430.71493913 -177239.203290 -80755.717461 -47958.784592 0.00000000e+000 0.00000000e+000 0.00000000e+000 0.00000000e+000 0.00000000e+000 0.00000000e+000 0.00000000e+000 0.00000000e+000 0.00000000e+000 0.00000000e+000 0.00000000e+000 0.00000000e+000 0.00000000e+000 0.00000000e+000 0.00000000e+000 0.00000000e+000 0.00000000e+000 0.00000000e+000 0.00000000e+000 0.00000000e+000 0.00000000e+000 0.00000000e+000 0.00000000e+000 0.00000000e+000 0.00000000e+000
61430.80201861 -165553.095089 -79681.378917 -47269.910770 0.00000000e+000 0.00000000e+000 0.00000000e+000 0.00000000e+000 0.00000000e+000 0.00000000e+000 0.00000000e+000 0.00000000e+000 0.00000000e+000 0.00000000e+000 0.00000000e+000 0.00000000e+000 0.00000000e+000 0.00000000e+000 0.00000000e+000 0.00000000e+000 0.00000000e+000 0.00000000e+000 0.00000000e+000 0.00000000e+000 0.00000000e+000 0.00000000e+000 0.00000000e+000 0.00000000e+000 0.00000000e+000
61430.88167676 -154385.502613 -78466.176697 -46502.183187 0.00000000e+000 0.00000000e+000 0.00000000e+000 0.00000000e+000 0.00000000e+000 0.00000000e+000 0.00000000e+000 0.00000000e+000 0.00000000e+000 0.00000000e+000 0.00000000e+000 0.00000000e+000 0.00000000e+000 0.00000000e+000 0.00000000e+000 0.00000000e+000 0.00000000e+000 0.00000000e+000 0.00000000e+000 0.00000000e+000 0.00000000e+000 0.00000000e+000 0.00000000e+000 0.00000000e+000 0.00000000e+000
61430.95453120 -143730.591781 -77128.516026 -45666.182304 0.00000000e+000 0.00000000e+000 0.00000000e+000 0.00000000e+000 0.00000000e+000 0.00000000e+000 0.00000000e+000 0.00000000e+000 0.00000000e+000 0.00000000e+000 0.00000000e+000 0.00000000e+000 0.00000000e+000 0.00000000e+000 0.00000000e+000 0.00000000e+000 0.00000000e+000 0.00000000e+000 0.00000000e+000 0.00000000e+000 0.00000000e+000 0.00000000e+000 0.00000000e+000 0.00000000e+000 0.00000000e+000
61431.02115235 -133579.751094 -75685.045112 -44771.475483 0.00000000e+000 0.00000000e+000 0.00000000e+000 0.00000000e+000 0.00000000e+000 0.00000000e+000 0.00000000e+000 0.00000000e+000 0.00000000e+000 0.00000000e+000 0.00000000e+000 0.00000000e+000 0.00000000e+000 0.00000000e+000 0.00000000e+000 0.00000000e+000 0.00000000e+000 0.00000000e+000 0.00000000e+000 0.00000000e+000 0.00000000e+000 0.00000000e+000 0.00000000e+000 0.00000000e+000 0.00000000e+000
61431.08206661 -123922.090855 -74150.787180 -43826.691445 0.00000000e+000 0.00000000e+000 0.00000000e+000 0.00000000e+000 0.00000000e+000 0.00000000e+000 0.00000000e+000 0.00000000e+000 0.00000000e+000 0.00000000e+000 0.00000000e+000 0.00000000e+000 0.00000000e+000 0.00000000e+000 0.00000000e+000 0.00000000e+000 0.00000000e+000 0.00000000e+000 0.00000000e+000 0.00000000e+000 0.00000000e+000 0.00000000e+000 0.00000000e+000 0.00000000e+000 0.00000000e+000
61431.13775961 -114744.842966 -72539.255136 -42839.584784 0.00000000e+000 0.00000000e+000 0.00000000e+000 0.00000000e+000 0.00000000e+000 0.00000000e+000 0.00000000e+000 0.00000000e+000 0.00000000e+000 0.00000000e+000 0.00000000e+000 0.00000000e+000 0.00000000e+000 0.00000000e+000 0.00000000e+000 0.00000000e+000 0.00000000e+000 0.00000000e+000 0.00000000e+000 0.00000000e+000 0.00000000e+000 0.00000000e+000 0.00000000e+000 0.00000000e+000 0.00000000e+000
61431.18867788 -106033.925911 -70862.596598 -41817.119832 0.00000000e+000 0.00000000e+000 0.00000000e+000 0.00000000e+000 0.00000000e+000 0.00000000e+000 0.00000000e+000 0.00000000e+000 0.00000000e+000 0.00000000e+000 0.00000000e+000 0.00000000e+000 0.00000000e+000 0.00000000e+000 0.00000000e+000 0.00000000e+000 0.00000000e+000 0.00000000e+000 0.00000000e+000 0.00000000e+000 0.00000000e+000 0.00000000e+000 0.00000000e+000 0.00000000e+000 0.00000000e+000
61431.23513819 -97791.164519 -69135.393878 -40767.771557 0.00000000e+000 0.00000000e+000 0.00000000e+000 0.00000000e+000 0.00000000e+000 0.00000000e+000 0.00000000e+000 0.00000000e+000 0.00000000e+000 0.00000000e+000 0.00000000e+000 0.00000000e+000 0.00000000e+000 0.00000000e+000 0.00000000e+000 0.00000000e+000 0.00000000e+000 0.00000000e+000 0.00000000e+000 0.00000000e+000 0.00000000e+000 0.00000000e+000 0.00000000e+000 0.00000000e+000 0.00000000e+000
61431.27743281 -90018.360808 -67372.421130 -39700.132733 0.00000000e+000 0.00000000e+000 0.00000000e+000 0.00000000e+000 0.00000000e+000 0.00000000e+000 0.00000000e+000 0.00000000e+000 0.00000000e+000 0.00000000e+000 0.00000000e+000 0.00000000e+000 0.00000000e+000 0.00000000e+000 0.00000000e+000 0.00000000e+000 0.00000000e+000 0.00000000e+000 0.00000000e+000 0.00000000e+000 0.00000000e+000 0.00000000e+000 0.00000000e+000 0.00000000e+000 0.00000000e+000
61431.31596339 -82691.844157 -65582.343558 -38619.109235 0.00000000e+000 0.00000000e+000 0.00000000e+000 0.00000000e+000 0.00000000e+000 0.00000000e+000 0.00000000e+000 0.00000000e+000 0.00000000e+000 0.00000000e+000 0.00000000e+000 0.00000000e+000 0.00000000e+000 0.00000000e+000 0.00000000e+000 0.00000000e+000 0.00000000e+000 0.00000000e+000 0.00000000e+000 0.00000000e+000 0.00000000e+000 0.00000000e+000 0.00000000e+000 0.00000000e+000 0.00000000e+000
61431.35109535 -75787.741705 -63772.423078 -37528.792685 0.00000000e+000 0.00000000e+000 0.00000000e+000 0.00000000e+000 0.00000000e+000 0.00000000e+000 0.00000000e+000 0.00000000e+000 0.00000000e+000 0.00000000e+000 0.00000000e+000 0.00000000e+000 0.00000000e+000 0.00000000e+000 0.00000000e+000 0.00000000e+000 0.00000000e+000 0.00000000e+000 0.00000000e+000 0.00000000e+000 0.00000000e+000 0.00000000e+000 0.00000000e+000 0.00000000e+000 0.00000000e+000
61431.38315644 -69283.119910 -61948.876330 -36432.673884 0.00000000e+000 0.00000000e+000 0.00000000e+000 0.00000000e+000 0.00000000e+000 0.00000000e+000 0.00000000e+000 0.00000000e+000 0.00000000e+000 0.00000000e+000 0.00000000e+000 0.00000000e+000 0.00000000e+000 0.00000000e+000 0.00000000e+000 0.00000000e+000 0.00000000e+000 0.00000000e+000 0.00000000e+000 0.00000000e+000 0.00000000e+000 0.00000000e+000 0.00000000e+000 0.00000000e+000 0.00000000e+000
61431.41244163 -63155.874443 -60116.950926 -35333.685850 0.00000000e+000 0.00000000e+000 0.00000000e+000 0.00000000e+000 0.00000000e+000 0.00000000e+000 0.00000000e+000 0.00000000e+000 0.00000000e+000 0.00000000e+000 0.00000000e+000 0.00000000e+000 0.00000000e+000 0.00000000e+000 0.00000000e+000 0.00000000e+000 0.00000000e+000 0.00000000e+000 0.00000000e+000 0.00000000e+000 0.00000000e+000 0.00000000e+000 0.00000000e+000 0.00000000e+000 0.00000000e+000
61431.43921602 -57384.902802 -58281.066994 -34234.286578 0.00000000e+000 0.00000000e+000 0.00000000e+000 0.00000000e+000 0.00000000e+000 0.00000000e+000 0.00000000e+000 0.00000000e+000 0.00000000e+000 0.00000000e+000 0.00000000e+000 0.00000000e+000 0.00000000e+000 0.00000000e+000 0.00000000e+000 0.00000000e+000 0.00000000e+000 0.00000000e+000 0.00000000e+000 0.00000000e+000 0.00000000e+000 0.00000000e+000 0.00000000e+000 0.00000000e+000 0.00000000e+000
61431.46371848 -51950.009894 -56444.873818 -33136.491117 0.00000000e+000 0.00000000e+000 0.00000000e+000 0.00000000e+000 0.00000000e+000 0.00000000e+000 0.00000000e+000 0.00000000e+000 0.00000000e+000 0.00000000e+000 0.00000000e+000 0.00000000e+000 0.00000000e+000 0.00000000e+000 0.00000000e+000 0.00000000e+000 0.00000000e+000 0.00000000e+000 0.00000000e+000 0.00000000e+000 0.00000000e+000 0.00000000e+000 0.00000000e+000 0.00000000e+000 0.00000000e+000
61431.48616410 -46832.005709 -54611.356613 -32041.933955 0.00000000e+000 0.00000000e+000 0.00000000e+000 0.00000000e+000 0.00000000e+000 0.00000000e+000 0.00000000e+000 0.00000000e+000 0.00000000e+000 0.00000000e+000 0.00000000e+000 0.00000000e+000 0.00000000e+000 0.00000000e+000 0.00000000e+000 0.00000000e+000 0.00000000e+000 0.00000000e+000 0.00000000e+000 0.00000000e+000 0.00000000e+000 0.00000000e+000 0.00000000e+000 0.00000000e+000 0.00000000e+000
61431.50674721 -42012.562069 -52782.853828 -30951.878132 1.30988828e+003 3.63395304e+002 4.96133009e+001 4.15506129e+000 3.73156569e-001 1.11941475e-002 0.00000000e+000 0.00000000e+000 0.00000000e+000 0.00000000e+000 0.00000000e+000 0.00000000e+000 0.00000000e+000 0.00000000e+000 0.00000000e+000 0.00000000e+000 0.00000000e+000 0.00000000e+000 0.00000000e+000 0.00000000e+000 0.00000000e+000 0.00000000e+000 0.00000000e+000 0.00000000e+000 0.00000000e+000
61431.52564326 -37474.288399 -50961.140176 -29867.263822 3.18966952e+003 8.32702238e+002 1.10939542e+002 1.28988964e+001 1.65939322e+000 4.68438746e-002 5.90867114e-007 0.00000000e+000 0.00000000e+000 0.00000000e+000 0.00000000e+000 0.00000000e+000 0.00000000e+000 0.00000000e+000 0.00000000e+000 0.00000000e+000 0.00000000e+000 0.00000000e+000 0.00000000e+000 0.00000000e+000 0.00000000e+000 0.00000000e+000 0.00000000e+000 0.00000000e+000 0.00000000e+000
61431.54301094 -33200.670830 -49147.454626 -28788.724199 9.02584710e+003 2.33286993e+003 2.74282915e+002 4.40859970e+001 7.92835024e+000 2.67634615e-001 3.36989458e-004 0.00000000e+000 0.00000000e+000 0.00000000e+000 0.00000000e+000 0.00000000e+000 0.00000000e+000 0.00000000e+000 0.00000000e+000 0.00000000e+000 0.00000000e+000 0.00000000e+000 0.00000000e+000 0.00000000e+000 0.00000000e+000 0.00000000e+000 0.00000000e+000 0.00000000e+000 0.00000000e+000
61431.55899419 -29175.977304 -47342.499611 -27716.584394 2.59698198e+004 6.90515988e+003 7.14272257e+002 1.34214964e+002 3.33692074e+001 1.50691304e+000 6.82541197e-003 0.00000000e+000 0.00000000e+000 0.00000000e+000 0.00000000e+000 0.00000000e+000 0.00000000e+000 0.00000000e+000 0.00000000e+000 0.00000000e+000 0.00000000e+000 0.00000000e+000 0.00000000e+000 0.00000000e+000 0.00000000e+000 0.00000000e+000 0.00000000e+000 0.00000000e+000 0.00000000e+000
61431.57372376 -25385.242279 -45546.459765 -26650.872266 7.30383373e+004 2.01820722e+004 2.11047412e+003 3.73514109e+002 1.15888789e+002 7.93895574e+000 4.56430562e-002 0.00000000e+000 0.00000000e+000 0.00000000e+000 0.00000000e+000 0.00000000e+000 0.00000000e+000 0.00000000e+000 0.00000000e+000 0.00000000e+000 0.00000000e+000 0.00000000e+000 0.00000000e+000 0.00000000e+000 0.00000000e+000 0.00000000e+000 0.00000000e+000 0.00000000e+000 0.00000000e+000
61431.58731852 -21814.254303 -43759.013391 -25591.324964 1.84749741e+005 5.21787097e+004 5.78086178e+003 9.54622261e+002 3.24047434e+002 3.33517725e+001 2.19988697e-001 2.13997317e-004 0.00000000e+000 0.00000000e+000 0.00000000e+000 0.00000000e+000 0.00000000e+000 0.00000000e+000 0.00000000e+000 0.00000000e+000 0.00000000e+000 0.00000000e+000 0.00000000e+000 0.00000000e+000 0.00000000e+000 0.00000000e+000 0.00000000e+000 0.00000000e+000 0.00000000e+000
61431.59988725 -18449.387632 -41979.249760 -24537.339856 4.24286910e+005 1.20276071e+005 1.41858445e+004 2.28800590e+003 7.73924246e+002 1.17851865e+002 8.50057608e-001 1.41680096e-003 0.00000000e+000 0.00000000e+000 0.00000000e+000 0.00000000e+000 0.00000000e+000 0.00000000e+000 0.00000000e+000 0.00000000e+000 0.00000000e+000 0.00000000e+000 0.00000000e+000 0.00000000e+000 0.00000000e+000 0.00000000e+000 0.00000000e+000 0.00000000e+000 0.00000000e+000
61431.61152972 -15277.586574 -40205.633901 -23487.953927 9.60724714e+005 2.63952539e+005 3.14037321e+004 5.33282445e+003 1.77806610e+003 3.72611089e+002 4.10128883e+000 7.96949164e-003 0.00000000e+000 0.00000000e+000 0.00000000e+000 0.00000000e+000 0.00000000e+000 0.00000000e+000 0.00000000e+000 0.00000000e+000 0.00000000e+000 0.00000000e+000 0.00000000e+000 0.00000000e+000 0.00000000e+000 0.00000000e+000 0.00000000e+000 0.00000000e+000 0.00000000e+000
61431.62233831 -12286.188991 -38435.853595 -22441.753733 1.96391041e+006 5.19003841e+005 6.07609631e+004 1.08429680e+004 3.74201289e+003 8.83021877e+002 1.54854598e+001 2.95455171e-002 0.00000000e+000 0.00000000e+000 0.00000000e+000 0.00000000e+000 0.00000000e+000 0.00000000e+000 0.00000000e+000 0.00000000e+000 0.00000000e+000 0.00000000e+000 0.00000000e+000 0.00000000e+000 0.00000000e+000 0.00000000e+000 0.00000000e+000 0.00000000e+000 0.00000000e+000
61431.63239924 -9462.809850 -36666.643592 -21396.772434 3.63519586e+006 9.24743203e+005 1.05665615e+005 1.96294219e+004 7.08624320e+003 1.77505575e+003 4.50633453e+001 8.25831523e-002 0.00000000e+000 0.00000000e+000 0.00000000e+000 0.00000000e+000 0.00000000e+000 0.00000000e+000 0.00000000e+000 0.00000000e+000 0.00000000e+000 0.00000000e+000 0.00000000e+000 0.00000000e+000 0.00000000e+000 0.00000000e+000 0.00000000e+000 0.00000000e+000 0.00000000e+000
61431.64167470 -6829.232722 -34916.830106 -20364.085756 6.20470690e+006 1.52410231e+006 1.68500333e+005 3.19489841e+004 1.19627848e+004 3.10015328e+003 1.02601966e+002 1.89275612e-001 0.00000000e+000 0.00000000e+000 0.00000000e+000 0.00000000e+000 0.00000000e+000 0.00000000e+000 0.00000000e+000 0.00000000e+000 0.00000000e+000 0.00000000e+000 0.00000000e+000 0.00000000e+000 0.00000000e+000 0.00000000e+000 0.00000000e+000 0.00000000e+000 0.00000000e+000
61431.64917141 -4682.035821 -33408.405228 -19474.508369 9.33027376e+006 2.23779052e+006 2.38199710e+005 4.45453187e+004 1.70964099e+004 4.50426586e+003 1.86859496e+002 3.60676545e-001 0.00000000e+000 0.00000000e+000 0.00000000e+000 0.00000000e+000 0.00000000e+000 0.00000000e+000 0.00000000e+000 0.00000000e+000 0.00000000e+000 0.00000000e+000 0.00000000e+000 0.00000000e+000 0.00000000e+000 0.00000000e+000 0.00000000e+000 0.00000000e+000 0.00000000e+000
61431.65591118 -2740.314228 -31971.793818 -18627.826499 1.44162445e+007 3.53359569e+006 3.63599082e+005 6.31836583e+004 2.27591862e+004 5.95017778e+003 2.96613564e+002 6.49730837e-001 1.87912406e-003 0.00000000e+000 0.00000000e+000 0.00000000e+000 0.00000000e+000 0.00000000e+000 0.00000000e+000 0.00000000e+000 0.00000000e+000 0.00000000e+000 0.00000000e+000 0.00000000e+000 0.00000000e+000 0.00000000e+000 0.00000000e+000 0.00000000e+000 0.00000000e+000
61431.66186836 -1017.971230 -30631.769911 -17838.537559 2.07748244e+007 5.27401399e+006 5.40077906e+005 8.87531474e+004 2.96912310e+004 7.55334118e+003 4.24033399e+002 1.02463774e+000 3.98647308e-003 0.00000000e+000 0.00000000e+000 0.00000000e+000 0.00000000e+000 0.00000000e+000 0.00000000e+000 0.00000000e+000 0.00000000e+000 0.00000000e+000 0.00000000e+000 0.00000000e+000 0.00000000e+000 0.00000000e+000 0.00000000e+000 0.00000000e+000 0.00000000e+000
61431.66686289 428.007429 -29452.625757 -17144.375092 2.89478801e+007 7.72275178e+006 8.05190411e+005 1.26972149e+005 3.91569895e+004 9.47260302e+003 5.77786502e+002 1.55160935e+000 6.49752229e-003 0.00000000e+000 0.00000000e+000 0.00000000e+000 0.00000000e+000 0.00000000e+000 0.00000000e+000 0.00000000e+000 0.00000000e+000 0.00000000e+000 0.00000000e+000 0.00000000e+000 0.00000000e+000 0.00000000e+000 0.00000000e+000 0.00000000e+000 0.00000000e+000
61431.67114536 1667.261493 -28397.762024 -16523.662545 3.86761913e+007 1.08564047e+007 1.19297189e+006 1.84181291e+005 5.28364137e+004 1.19459878e+004 7.77919645e+002 2.33979156e+000 9.66679693e-003 0.00000000e+000 0.00000000e+000 0.00000000e+000 0.00000000e+000 0.00000000e+000 0.00000000e+000 0.00000000e+000 0.00000000e+000 0.00000000e+000 0.00000000e+000 0.00000000e+000 0.00000000e+000 0.00000000e+000 0.00000000e+000 0.00000000e+000 0.00000000e+000
61431.67543397 2905.695021 -27297.742762 -15876.662696 5.14023771e+007 1.51431364e+007 1.75625883e+006 2.67549962e+005 7.23710834e+004 1.52834552e+004 1.05213646e+003 3.49704773e+000 1.38986429e-002 0.00000000e+000 0.00000000e+000 0.00000000e+000 0.00000000e+000 0.00000000e+000 0.00000000e+000 0.00000000e+000 0.00000000e+000 0.00000000e+000 0.00000000e+000 0.00000000e+000 0.00000000e+000 0.00000000e+000 0.00000000e+000 0.00000000e+000 0.00000000e+000
61431.68030434 4305.866904 -25991.487737 -15108.731510 7.08480579e+007 2.29004917e+007 2.97807104e+006 4.58522863e+005 1.16491411e+005 2.22235571e+004 1.64013680e+003 6.41392886e+000 2.48419573e-002 0.00000000e+000 0.00000000e+000 0.00000000e+000 0.00000000e+000 0.00000000e+000 0.00000000e+000 0.00000000e+000 0.00000000e+000 0.00000000e+000 0.00000000e+000 0.00000000e+000 0.00000000e+000 0.00000000e+000 0.00000000e+000 0.00000000e+000 0.00000000e+000
61431.68529240 5728.483784 -24585.708153 -14282.734049 9.48047585e+007 3.39939781e+007 5.10465874e+006 8.24851716e+005 2.04122260e+005 3.37703813e+004 2.57497900e+003 1.19503693e+001 5.19618179e-002 2.87666006e-004 0.00000000e+000 0.00000000e+000 0.00000000e+000 0.00000000e+000 0.00000000e+000 0.00000000e+000 0.00000000e+000 0.00000000e+000 0.00000000e+000 0.00000000e+000 0.00000000e+000 0.00000000e+000 0.00000000e+000 0.00000000e+000 0.00000000e+000
61431.69026297 7128.703956 -23110.625731 -13416.502521 1.22365720e+008 4.95747878e+007 8.87632277e+006 1.55908773e+006 3.91307394e+005 5.46127113e+004 4.12135728e+003 2.33128109e+001 1.24291034e-001 1.34521339e-003 0.00000000e+000 0.00000000e+000 0.00000000e+000 0.00000000e+000 0.00000000e+000 0.00000000e+000 0.00000000e+000 0.00000000e+000 0.00000000e+000 0.00000000e+000 0.00000000e+000 0.00000000e+000 0.00000000e+000 0.00000000e+000 0.00000000e+000
61431.69513431 8476.830909 -21587.097294 -12522.336740 1.48710640e+008 7.00929999e+007 1.58013886e+007 3.21271480e+006 8.71096114e+005 1.02913346e+005 7.43964866e+003 5.43469200e+001 3.48731259e-001 4.76154399e-003 0.00000000e+000 0.00000000e+000 0.00000000e+000 0.00000000e+000 0.00000000e+000 0.00000000e+000 0.00000000e+000 0.00000000e+000 0.00000000e+000 0.00000000e+000 0.00000000e+000 0.00000000e+000 0.00000000e+000 0.00000000e+000 0.00000000e+000
61431.69977353 9730.315561 -20058.855115 -11625.923399 1.62969015e+008 9.09698963e+007 2.70757555e+007 6.62749879e+006 2.01796906e+006 2.13048873e+005 1.34208137e+004 1.38244243e+002 1.21417110e+000 2.08769169e-002 8.53175845e-004 0.00000000e+000 0.00000000e+000 0.00000000e+000 0.00000000e+000 0.00000000e+000 0.00000000e+000 0.00000000e+000 0.00000000e+000 0.00000000e+000 0.00000000e+000 0.00000000e+000 0.00000000e+000 0.00000000e+000 0.00000000e+000
61431.70408845 10861.059108 -18565.035549 -10750.197341 1.63355633e+008 1.06938703e+008 4.24848821e+007 1.26133931e+007 4.30570647e+006 4.40402827e+005 2.31187737e+004 3.22587542e+002 4.25782489e+000 1.34276630e-001 7.62957544e-003 0.00000000e+000 0.00000000e+000 0.00000000e+000 0.00000000e+000 0.00000000e+000 0.00000000e+000 0.00000000e+000 0.00000000e+000 0.00000000e+000 0.00000000e+000 0.00000000e+000 0.00000000e+000 0.00000000e+000 0.00000000e+000
61431.70811359 11876.924252 -17104.957763 -9894.720782 1.51297926e+008 1.15286745e+008 6.06268345e+007 2.17623206e+007 8.32013550e+006 8.82465657e+005 3.91119053e+004 7.49066396e+002 1.45714095e+001 7.17108775e-001 6.66376993e-002 0.00000000e+000 0.00000000e+000 0.00000000e+000 0.00000000e+000 0.00000000e+000 0.00000000e+000 0.00000000e+000 0.00000000e+000 0.00000000e+000 0.00000000e+000 0.00000000e+000 0.00000000e+000 0.00000000e+000 0.00000000e+000
61431.71188773 12787.075846 -15674.897787 -9057.277299 1.30051654e+008 1.14974230e+008 7.87760342e+007 3.37585520e+007 1.43683386e+007 1.69523470e+006 6.90725478e+004 1.75863376e+003 4.66807317e+001 3.26717315e+000 4.01911629e-001 5.73137089e-002 0.00000000e+000 0.00000000e+000 0.00000000e+000 0.00000000e+000 0.00000000e+000 0.00000000e+000 0.00000000e+000 0.00000000e+000 0.00000000e+000 0.00000000e+000 0.00000000e+000 0.00000000e+000 0.00000000e+000
61431.71544760 13600.008472 -14270.190171 -8235.105896 1.03459792e+008 1.06452458e+008 9.42153087e+007 4.77748829e+007 2.24784754e+007 3.01965284e+006 1.20467417e+005 3.72355828e+003 1.18279024e+002 9.85571615e+000 1.32886910e+000 2.65358807e-001 1.26139039e-002 2.60752099e-003 7.60810635e-004 2.53307139e-004 9.38949998e-005 1.69603360e-005 2.01752131e-006 0.00000000e+000 0.00000000e+000 0.00000000e+000 0.00000000e+000 0.00000000e+000 0.00000000e+000
61431.71882763 14323.261264 -12885.448699 -7425.031016 8.31431602e+007 9.49936905e+007 1.00733197e+008 6.03912126e+007 3.19797646e+007 5.21000319e+006 2.11986404e+005 8.71004811e+003 3.81106484e+002 4.40200457e+001 7.07987991e+000 2.24828649e+000 5.16118922e-001 1.01225582e-001 2.86866395e-002 9.48100310e-003 3.44614881e-003 6.00331505e-004 6.56590775e-005 0.00000000e+000 0.00000000e+000 0.00000000e+000 0.00000000e+000 0.00000000e+000 0.00000000e+000
61431.72206027 14963.286892 -11514.597663 -6623.481448 6.75429011e+007 8.43112383e+007 1.01232840e+008 7.00064092e+007 4.06665313e+007 7.74010540e+006 3.63968349e+005 1.81709887e+004 1.05951297e+003 1.52172572e+002 2.67220298e+001 8.44709275e+000 1.82754837e+000 3.28964926e-001 8.96806331e-002 2.74096766e-002 9.74056299e-003 1.87986809e-003 2.82780184e-004 2.97145989e-005 0.00000000e+000 0.00000000e+000 0.00000000e+000 0.00000000e+000 0.00000000e+000
61431.72517670 15525.370828 -10150.769958 -5826.431435 5.60974584e+007 7.46819473e+007 9.71362259e+007 7.68660036e+007 4.83795364e+007 1.04718991e+007 5.64255516e+005 3.13025183e+004 2.07668933e+003 3.20196201e+002 5.73365699e+001 1.78589365e+001 3.75364467e+000 6.62074452e-001 1.79390011e-001 5.31897422e-002 1.88377064e-002 3.80068877e-003 6.38771577e-004 9.08895725e-005 0.00000000e+000 0.00000000e+000 0.00000000e+000 0.00000000e+000 0.00000000e+000
61431.72820773 16013.538508 -8786.089243 -5029.274348 4.94446722e+007 6.78840065e+007 9.10007723e+007 7.87253807e+007 5.28494462e+007 1.30767688e+007 8.73331565e+005 6.04692841e+004 5.23579772e+003 8.94828253e+002 1.60025910e+002 4.51162584e+001 8.47963211e+000 1.50286278e+000 3.96625668e-001 1.13625339e-001 4.09051006e-002 8.81814971e-003 1.87189101e-003 3.31308579e-004 3.55563320e-005 0.00000000e+000 0.00000000e+000 0.00000000e+000 0.00000000e+000
61431.73118492 16430.402000 -7411.325721 -4226.623113 4.42511329e+007 6.20632458e+007 8.48368257e+007 7.93609239e+007 5.63379169e+007 1.54601656e+007 1.17725831e+006 9.02186358e+004 8.48638303e+003 1.48409911e+003 2.64759903e+002 7.26116840e+001 1.32328699e+001 2.36663195e+000 6.28786106e-001 1.79762852e-001 6.54024462e-002 1.43947268e-002 3.29631804e-003 6.12770230e-004 9.59966672e-005 0.00000000e+000 0.00000000e+000 0.00000000e+000 0.00000000e+000
61431.73414154 16776.836890 -6015.644031 -3412.165191 4.15298212e+007 5.85577799e+007 7.98628019e+007 7.79990268e+007 5.75861214e+007 1.72278838e+007 1.51976977e+006 1.31690434e+005 1.50502714e+004 2.68973918e+003 4.89769002e+002 1.27383539e+002 2.27966601e+001 4.33991485e+000 1.24298725e+000 3.89620181e-001 1.45662285e-001 3.07217904e-002 7.02100090e-003 1.34781965e-003 2.92091382e-004 3.97180259e-006 0.00000000e+000 0.00000000e+000 0.00000000e+000
61431.73711182 17051.373634 -4587.232742 -2579.032398 3.98916897e+007 5.61601319e+007 7.58884633e+007 7.62054187e+007 5.79274390e+007 1.85186748e+007 1.81688881e+006 1.69663261e+005 2.14497234e+004 3.86733759e+003 7.10790584e+002 1.80901274e+002 3.21894910e+001 6.30640900e+000 1.86912168e+000 6.09755907e-001 2.31459213e-001 4.81604890e-002 1.09483661e-002 2.12949348e-003 4.95711444e-004 1.57064861e-005 0.00000000e+000 0.00000000e+000 0.00000000e+000
61431.74000355 17243.080081 -3176.251410 -1756.488882 3.85463832e+007 5.42943893e+007 7.29259460e+007 7.44066150e+007 5.74855014e+007 1.91187649e+007 1.99151747e+006 1.92856966e+005 2.55362820e+004 4.62704039e+003 8.54272275e+002 2.15495941e+002 3.81939119e+001 7.53485671e+000 2.24609141e+000 7.39529117e-001 2.81077773e-001 5.81395344e-002 1.31580378e-002 2.56244218e-003 6.07733766e-004 1.91227565e-005 0.00000000e+000 0.00000000e+000 0.00000000e+000
61431.74281304 17354.335434 -1791.558455 -949.681058 3.75086849e+007 5.29871736e+007 7.10121996e+007 7.26893868e+007 5.63609694e+007 1.90333983e+007 2.03625512e+006 1.99972252e+005 2.70717465e+004 4.92793380e+003 9.13239698e+002 2.29365822e+002 4.04961206e+001 7.95811796e+000 2.34685455e+000 7.66458214e-001 2.88331106e-001 5.93117719e-002 1.33454629e-002 2.58444919e-003 6.11630770e-004 9.50088786e-006 0.00000000e+000 0.00000000e+000 0.00000000e+000
61431.74556248 17389.323914 -428.814487 -156.061474 3.69781475e+007 5.24124087e+007 7.02475611e+007 7.12948570e+007 5.49015940e+007 1.84389560e+007 1.97196794e+006 1.93094034e+005 2.63041048e+004 4.81188698e+003 8.96707491e+002 2.25077085e+002 3.96768161e+001 7.71864553e+000 2.22937824e+000 7.14589580e-001 2.64236190e-001 5.41728428e-002 1.20794322e-002 2.32300115e-003 5.39529579e-004 2.07678901e-006 0.00000000e+000 0.00000000e+000 0.00000000e+000
61431.74827603 17351.078403 917.958484 627.865273 3.68902387e+007 5.24323952e+007 7.04309287e+007 7.00229066e+007 5.29732904e+007 1.73403533e+007 1.80786257e+006 1.74131940e+005 2.35228322e+004 4.32741233e+003 8.10285549e+002 2.03796363e+002 3.58851296e+001 6.87307875e+000 1.93365553e+000 6.05120638e-001 2.19868171e-001 4.50944414e-002 9.94714997e-003 1.89615749e-003 4.19639536e-004 0.00000000e+000 0.00000000e+000 0.00000000e+000 0.00000000e+000
61431.75092794 17243.887464 2230.488288 1391.482273 3.73395132e+007 5.31381984e+007 7.16255053e+007 6.90640759e+007 5.08313121e+007 1.58918387e+007 1.57029458e+006 1.46077292e+005 1.91864703e+004 3.54634272e+003 6.66348568e+002 1.68625527e+002 2.96945637e+001 5.55729258e+000 1.50869486e+000 4.56653179e-001 1.62278533e-001 3.34194233e-002 7.26006470e-003 1.36636281e-003 2.74313131e-004 0.00000000e+000 0.00000000e+000 0.00000000e+000 0.00000000e+000
61431.75360282 17066.964741 3545.487653 2156.159259 3.83312245e+007 5.44920798e+007 7.37630889e+007 6.83179187e+007 4.83803466e+007 1.41074575e+007 1.27171961e+006 1.11262177e+005 1.36981016e+004 2.54178081e+003 4.76830824e+002 1.22419392e+002 2.15183787e+001 3.87065240e+000 9.97825642e-001 2.88008123e-001 9.99619727e-002 2.08492677e-002 4.43654734e-003 8.11950800e-004 1.20917243e-004 0.00000000e+000 0.00000000e+000 0.00000000e+000 0.00000000e+000
61431.75632662 16817.977830 4870.225051 2926.114254 3.99223001e+007 5.65370073e+007 7.67893312e+007 6.75359185e+007 4.53827298e+007 1.19617033e+007 9.22166934e+005 7.17254304e+004 7.44161582e+003 1.37924213e+003 2.53691475e+002 6.78337160e+001 1.17891367e+001 1.92122818e+000 4.45329909e-001 1.17850614e-001 4.03181898e-002 8.81639130e-003 1.82750540e-003 3.00684076e-004 7.57874123e-006 0.00000000e+000 0.00000000e+000 0.00000000e+000 0.00000000e+000
61431.75914362 16490.755319 6220.076285 3710.264787 4.44806569e+007 6.10008664e+007 8.01543656e+007 6.40810551e+007 4.01389371e+007 9.42730927e+006 6.34900257e+005 4.50660667e+004 4.33297840e+003 7.95362614e+002 1.47064793e+002 4.00309685e+001 7.03338733e+000 1.06959242e+000 2.34608423e-001 6.00901214e-002 2.01095916e-002 4.36230251e-003 8.19444919e-004 1.07541154e-004 0.00000000e+000 0.00000000e+000 0.00000000e+000 0.00000000e+000 0.00000000e+000
61431.76204797 16083.705693 7585.488688 4503.039061 5.03058293e+007 6.64079601e+007 8.33642295e+007 6.00706308e+007 3.47403471e+007 7.01958223e+006 3.76773825e+005 2.18950894e+004 1.67622289e+003 2.74195684e+002 5.24409219e+001 1.57896815e+001 3.10029113e+000 4.13937462e-001 8.98042675e-002 2.31732683e-002 7.44528825e-003 1.48489990e-003 1.75382481e-004 1.92711444e-006 0.00000000e+000 0.00000000e+000 0.00000000e+000 0.00000000e+000 0.00000000e+000
61431.76506150 15592.324826 8969.657572 5306.271796 6.11485384e+007 7.36634089e+007 8.21126497e+007 5.05133681e+007 2.66958105e+007 4.68771157e+006 2.21323255e+005 1.16317711e+004 7.67847998e+002 1.14805808e+002 2.12817992e+001 6.35418072e+000 1.27365030e+000 1.70868759e-001 3.77035534e-002 1.02635848e-002 3.32799688e-003 5.94311426e-004 3.38855299e-005 0.00000000e+000 0.00000000e+000 0.00000000e+000 0.00000000e+000 0.00000000e+000 0.00000000e+000
61431.76820051 15012.672331 10372.437808 6119.855917 7.55509488e+007 8.08470798e+007 7.55414851e+007 3.93488560e+007 1.88068064e+007 2.78537601e+006 1.17352714e+005 5.11692203e+003 2.40165916e+002 2.76107010e+001 4.45784558e+000 1.26855884e+000 2.65530688e-001 4.04613172e-002 9.56772546e-003 2.91405620e-003 9.59824236e-004 1.30266041e-004 0.00000000e+000 0.00000000e+000 0.00000000e+000 0.00000000e+000 0.00000000e+000 0.00000000e+000 0.00000000e+000
61431.77144661 14348.380379 11778.283121 6934.758748 9.28974408e+007 8.62415755e+007 6.29793953e+007 2.73710103e+007 1.17135821e+007 1.43762361e+006 6.17495286e+004 2.01119221e+003 6.58805316e+001 4.92546903e+000 5.91917911e-001 8.44367873e-004 0.00000000e+000 0.00000000e+000 0.00000000e+000 0.00000000e+000 0.00000000e+000 0.00000000e+000 0.00000000e+000 0.00000000e+000 0.00000000e+000 0.00000000e+000 0.00000000e+000 0.00000000e+000 0.00000000e+000
61431.77461972 13643.053890 13106.742989 7704.377087 1.09758945e+008 8.75995558e+007 4.82071344e+007 1.74290506e+007 6.73850851e+006 7.11466204e+005 3.16972995e+004 7.95800207e+002 1.99670284e+001 1.08135952e+000 9.92397536e-002 0.00000000e+000 0.00000000e+000 0.00000000e+000 0.00000000e+000 0.00000000e+000 0.00000000e+000 0.00000000e+000 0.00000000e+000 0.00000000e+000 0.00000000e+000 0.00000000e+000 0.00000000e+000 0.00000000e+000 0.00000000e+000
61431.77781155 12885.155879 14396.626784 8451.244027 1.18361336e+008 8.15304113e+007 3.44622628e+007 1.05843276e+007 3.73884553e+006 3.77794529e+005 1.95067356e+004 3.83660455e+002 7.53557956e+000 3.13741070e-001 2.01658902e-002 0.00000000e+000 0.00000000e+000 0.00000000e+000 0.00000000e+000 0.00000000e+000 0.00000000e+000 0.00000000e+000 0.00000000e+000 0.00000000e+000 0.00000000e+000 0.00000000e+000 0.00000000e+000 0.00000000e+000 0.00000000e+000
61431.78107417 12067.396662 15667.078899 9186.466136 1.20282146e+008 7.16714628e+007 2.34587571e+007 6.09868348e+006 1.95836934e+006 1.97227167e+005 1.20453870e+004 1.79812098e+002 2.55828371e+000 7.00616647e-002 2.27971899e-003 0.00000000e+000 0.00000000e+000 0.00000000e+000 0.00000000e+000 0.00000000e+000 0.00000000e+000 0.00000000e+000 0.00000000e+000 0.00000000e+000 0.00000000e+000 0.00000000e+000 0.00000000e+000 0.00000000e+000 0.00000000e+000
61431.78444324 11184.269828 16928.810403 9916.249535 1.15385906e+008 5.94435809e+007 1.51499833e+007 3.32138599e+006 9.63731425e+005 1.01971989e+005 7.24396716e+003 7.93991819e+001 7.90030770e-001 8.83298034e-003 2.38411253e-004 0.00000000e+000 0.00000000e+000 0.00000000e+000 0.00000000e+000 0.00000000e+000 0.00000000e+000 0.00000000e+000 0.00000000e+000 0.00000000e+000 0.00000000e+000 0.00000000e+000 0.00000000e+000 0.00000000e+000 0.00000000e+000
61431.78794869 10230.592453 18188.976717 10644.731894 1.03842038e+008 4.61817210e+007 9.27843376e+006 1.73107321e+006 4.50137865e+005 5.38783268e+004 4.25562769e+003 3.28546469e+001 2.50125511e-001 1.99774950e-003 0.00000000e+000 0.00000000e+000 0.00000000e+000 0.00000000e+000 0.00000000e+000 0.00000000e+000 0.00000000e+000 0.00000000e+000 0.00000000e+000 0.00000000e+000 0.00000000e+000 0.00000000e+000 0.00000000e+000 0.00000000e+000 0.00000000e+000
61431.79161829 9201.105671 19452.795081 11374.921997 8.64741548e+007 3.37432186e+007 5.57653128e+006 9.16408241e+005 2.21753926e+005 3.06647717e+004 2.38813549e+003 1.48454508e+001 9.97072423e-002 2.13134051e-004 0.00000000e+000 0.00000000e+000 0.00000000e+000 0.00000000e+000 0.00000000e+000 0.00000000e+000 0.00000000e+000 0.00000000e+000 0.00000000e+000 0.00000000e+000 0.00000000e+000 0.00000000e+000 0.00000000e+000 0.00000000e+000 0.00000000e+000
61431.79547926 8090.347888 20724.240111 12109.104030 6.81285046e+007 2.37707170e+007 3.34363843e+006 5.05605838e+005 1.19701466e+005 1.96180182e+004 1.51002318e+003 7.48700611e+000 4.04010921e-002 0.00000000e+000 0.00000000e+000 0.00000000e+000 0.00000000e+000 0.00000000e+000 0.00000000e+000 0.00000000e+000 0.00000000e+000 0.00000000e+000 0.00000000e+000 0.00000000e+000 0.00000000e+000 0.00000000e+000 0.00000000e+000 0.00000000e+000 0.00000000e+000
61431.79955911 6892.644997 22006.368342 12849.026491 5.08508611e+007 1.59695933e+007 1.93937156e+006 2.79164250e+005 6.76719516e+004 1.30452918e+004 9.50505432e+002 3.78068695e+000 1.65380976e-002 0.00000000e+000 0.00000000e+000 0.00000000e+000 0.00000000e+000 0.00000000e+000 0.00000000e+000 0.00000000e+000 0.00000000e+000 0.00000000e+000 0.00000000e+000 0.00000000e+000 0.00000000e+000 0.00000000e+000 0.00000000e+000 0.00000000e+000 0.00000000e+000
61431.80388598 5602.166113 23301.470835 13595.991353 3.57462322e+007 1.01769223e+007 1.09756107e+006 1.58511820e+005 4.13722394e+004 8.97941743e+003 5.81657366e+002 1.90503561e+000 8.91179513e-003 0.00000000e+000 0.00000000e+000 0.00000000e+000 0.00000000e+000 0.00000000e+000 0.00000000e+000 0.00000000e+000 0.00000000e+000 0.00000000e+000 0.00000000e+000 0.00000000e+000 0.00000000e+000 0.00000000e+000 0.00000000e+000 0.00000000e+000 0.00000000e+000
61431.80846444 4220.411728 24604.382544 14346.999690 2.37141474e+007 6.19060744e+006 6.15404873e+005 9.21063517e+004 2.66895690e+004 6.45531891e+003 3.63400985e+002 9.82800774e-001 4.66789877e-003 0.00000000e+000 0.00000000e+000 0.00000000e+000 0.00000000e+000 0.00000000e+000 0.00000000e+000 0.00000000e+000 0.00000000e+000 0.00000000e+000 0.00000000e+000 0.00000000e+000 0.00000000e+000 0.00000000e+000 0.00000000e+000 0.00000000e+000 0.00000000e+000
61431.81316024 2791.732774 25873.915830 15078.314535 1.58592922e+007 3.94088788e+006 3.82623615e+005 6.02286187e+004 1.91603210e+004 4.93515709e+003 2.44535663e+002 5.70243609e-001 1.29050772e-003 0.00000000e+000 0.00000000e+000 0.00000000e+000 0.00000000e+000 0.00000000e+000 0.00000000e+000 0.00000000e+000 0.00000000e+000 0.00000000e+000 0.00000000e+000 0.00000000e+000 0.00000000e+000 0.00000000e+000 0.00000000e+000 0.00000000e+000 0.00000000e+000
61431.81793764 1331.256721 27101.473609 15785.013798 1.06659653e+007 2.57864935e+006 2.53025731e+005 4.21849546e+004 1.44382396e+004 3.81778716e+003 1.61078303e+002 3.41161720e-001 2.26050233e-004 0.00000000e+000 0.00000000e+000 0.00000000e+000 0.00000000e+000 0.00000000e+000 0.00000000e+000 0.00000000e+000 0.00000000e+000 0.00000000e+000 0.00000000e+000 0.00000000e+000 0.00000000e+000 0.00000000e+000 0.00000000e+000 0.00000000e+000 0.00000000e+000
61431.82271715 -132.863050 28270.003054 16457.323768 7.11079900e+006 1.70015612e+006 1.72590943e+005 3.02899521e+004 1.08586189e+004 2.87884029e+003 9.86292308e+001 1.98021246e-001 0.00000000e+000 0.00000000e+000 0.00000000e+000 0.00000000e+000 0.00000000e+000 0.00000000e+000 0.00000000e+000 0.00000000e+000 0.00000000e+000 0.00000000e+000 0.00000000e+000 0.00000000e+000 0.00000000e+000 0.00000000e+000 0.00000000e+000 0.00000000e+000 0.00000000e+000
61431.82632672 -1238.604464 29115.853042 16943.728155 5.49915435e+006 1.32254855e+006 1.36923421e+005 2.41449296e+004 8.60176832e+003 2.24810506e+003 6.41802840e+001 1.28166105e-001 0.00000000e+000 0.00000000e+000 0.00000000e+000 0.00000000e+000 0.00000000e+000 0.00000000e+000 0.00000000e+000 0.00000000e+000 0.00000000e+000 0.00000000e+000 0.00000000e+000 0.00000000e+000 0.00000000e+000 0.00000000e+000 0.00000000e+000 0.00000000e+000 0.00000000e+000
61431.82992903 -2340.885842 29930.610128 17412.047911 4.14325870e+006 1.00544904e+006 1.06320021e+005 1.87205176e+004 6.61452069e+003 1.69633383e+003 3.86924658e+001 7.72052428e-002 0.00000000e+000 0.00000000e+000 0.00000000e+000 0.00000000e+000 0.00000000e+000 0.00000000e+000 0.00000000e+000 0.00000000e+000 0.00000000e+000 0.00000000e+000 0.00000000e+000 0.00000000e+000 0.00000000e+000 0.00000000e+000 0.00000000e+000 0.00000000e+000 0.00000000e+000
61431.83485771 -3845.392967 31000.875833 18026.921973 2.73420183e+006 6.77919186e+005 7.28299788e+004 1.24098032e+004 4.30189071e+003 1.06707611e+003 1.93619259e+001 4.10691795e-002 0.00000000e+000 0.00000000e+000 0.00000000e+000 0.00000000e+000 0.00000000e+000 0.00000000e+000 0.00000000e+000 0.00000000e+000 0.00000000e+000 0.00000000e+000 0.00000000e+000 0.00000000e+000 0.00000000e+000 0.00000000e+000 0.00000000e+000 0.00000000e+000 0.00000000e+000
61431.84039466 -5528.481211 32146.404059 18684.634356 1.67172143e+006 4.24203940e+005 4.62878312e+004 7.65700924e+003 2.60041519e+003 6.13464344e+002 8.20595518e+000 1.84714274e-002 0.00000000e+000 0.00000000e+000 0.00000000e+000 0.00000000e+000 0.00000000e+000 0.00000000e+000 0.00000000e+000 0.00000000e+000 0.00000000e+000 0.00000000e+000 0.00000000e+000 0.00000000e+000 0.00000000e+000 0.00000000e+000 0.00000000e+000 0.00000000e+000 0.00000000e+000
61431.84656392 -7392.570845 33357.878280 19379.747426 8.78468754e+005 2.29794178e+005 2.52378998e+004 4.04397480e+003 1.34457708e+003 2.80740829e+002 2.26774324e+000 5.04788601e-003 0.00000000e+000 0.00000000e+000 0.00000000e+000 0.00000000e+000 0.00000000e+000 0.00000000e+000 0.00000000e+000 0.00000000e+000 0.00000000e+000 0.00000000e+000 0.00000000e+000 0.00000000e+000 0.00000000e+000 0.00000000e+000 0.00000000e+000 0.00000000e+000 0.00000000e+000
61431.85334700 -9426.187745 34618.093839 20102.307241 4.46784402e+005 1.18932215e+005 1.29978046e+004 2.00567298e+003 7.10617370e+002 1.06548563e+002 7.33251952e-001 1.18642222e-003 0.00000000e+000 0.00000000e+000 0.00000000e+000 0.00000000e+000 0.00000000e+000 0.00000000e+000 0.00000000e+000 0.00000000e+000 0.00000000e+000 0.00000000e+000 0.00000000e+000 0.00000000e+000 0.00000000e+000 0.00000000e+000 0.00000000e+000 0.00000000e+000 0.00000000e+000
61431.86075890 -11627.132498 35917.376250 20846.693215 2.03047021e+005 5.44568560e+004 5.71511967e+003 9.14375816e+002 3.26365112e+002 3.09996646e+001 1.79592711e-001 8.92548674e-005 0.00000000e+000 0.00000000e+000 0.00000000e+000 0.00000000e+000 0.00000000e+000 0.00000000e+000 0.00000000e+000 0.00000000e+000 0.00000000e+000 0.00000000e+000 0.00000000e+000 0.00000000e+000 0.00000000e+000 0.00000000e+000 0.00000000e+000 0.00000000e+000 0.00000000e+000
61431.86882834 -13996.419265 37248.833897 21608.887382 7.49223410e+004 1.99324184e+004 1.97276825e+003 3.57214059e+002 1.10713014e+002 5.75006996e+000 2.98739653e-002 0.00000000e+000 0.00000000e+000 0.00000000e+000 0.00000000e+000 0.00000000e+000 0.00000000e+000 0.00000000e+000 0.00000000e+000 0.00000000e+000 0.00000000e+000 0.00000000e+000 0.00000000e+000 0.00000000e+000 0.00000000e+000 0.00000000e+000 0.00000000e+000 0.00000000e+000 0.00000000e+000
61431.87759450 -16537.208130 38607.293226 22385.860293 2.22869356e+004 5.78291304e+003 6.29929522e+002 1.15233019e+002 2.51558980e+001 9.43085074e-001 4.12532724e-003 0.00000000e+000 0.00000000e+000 0.00000000e+000 0.00000000e+000 0.00000000e+000 0.00000000e+000 0.00000000e+000 0.00000000e+000 0.00000000e+000 0.00000000e+000 0.00000000e+000 0.00000000e+000 0.00000000e+000 0.00000000e+000 0.00000000e+000 0.00000000e+000 0.00000000e+000 0.00000000e+000
61431.88710493 -19254.100778 39988.619182 23175.179202 7.20337337e+003 1.86176210e+003 2.43822285e+002 3.37760223e+001 5.72370517e+000 1.71481467e-001 3.75837711e-004 0.00000000e+000 0.00000000e+000 0.00000000e+000 0.00000000e+000 0.00000000e+000 0.00000000e+000 0.00000000e+000 0.00000000e+000 0.00000000e+000 0.00000000e+000 0.00000000e+000 0.00000000e+000 0.00000000e+000 0.00000000e+000 0.00000000e+000 0.00000000e+000 0.00000000e+000 0.00000000e+000
61431.89741499 -22152.855767 41389.368105 23974.807532 2.68986419e+003 7.32082533e+002 1.03064777e+002 1.10634988e+001 1.35060469e+000 3.58219507e-002 5.79567700e-005 0.00000000e+000 0.00000000e+000 0.00000000e+000 0.00000000e+000 0.00000000e+000 0.00000000e+000 0.00000000e+000 0.00000000e+000 0.00000000e+000 0.00000000e+000 0.00000000e+000 0.00000000e+000 0.00000000e+000 0.00000000e+000 0.00000000e+000 0.00000000e+000 0.00000000e+000 0.00000000e+000
61431.90858727 -25240.101887 42806.500961 24782.939467 1.27943010e+003 3.78118417e+002 5.02225861e+001 4.43289094e+000 4.15327690e-001 1.12517718e-002 7.13823021e-006 0.00000000e+000 0.00000000e+000 0.00000000e+000 0.00000000e+000 0.00000000e+000 0.00000000e+000 0.00000000e+000 0.00000000e+000 0.00000000e+000 0.00000000e+000 0.00000000e+000 0.00000000e+000 0.00000000e+000 0.00000000e+000 0.00000000e+000 0.00000000e+000 0.00000000e+000 0.00000000e+000
61431.92069223 -28523.376135 44237.289298 25597.944972 8.19840190e+002 2.55869651e+002 3.15770519e+001 2.26260256e+000 1.61411744e-001 5.28973674e-003 0.00000000e+000 0.00000000e+000 0.00000000e+000 0.00000000e+000 0.00000000e+000 0.00000000e+000 0.00000000e+000 0.00000000e+000 0.00000000e+000 0.00000000e+000 0.00000000e+000 0.00000000e+000 0.00000000e+000 0.00000000e+000 0.00000000e+000 0.00000000e+000 0.00000000e+000 0.00000000e+000 0.00000000e+000
61431.93375916 -31998.050590 45673.947095 26415.316116 0.00000000e+000 0.00000000e+000 0.00000000e+000 0.00000000e+000 0.00000000e+000 0.00000000e+000 0.00000000e+000 0.00000000e+000 0.00000000e+000 0.00000000e+000 0.00000000e+000 0.00000000e+000 0.00000000e+000 0.00000000e+000 0.00000000e+000 0.00000000e+000 0.00000000e+000 0.00000000e+000 0.00000000e+000 0.00000000e+000 0.00000000e+000 0.00000000e+000 0.00000000e+000 0.00000000e+000 0.00000000e+000
61431.94777851 -35649.153125 47105.604015 27228.805938 0.00000000e+000 0.00000000e+000 0.00000000e+000 0.00000000e+000 0.00000000e+000 0.00000000e+000 0.00000000e+000 0.00000000e+000 0.00000000e+000 0.00000000e+000 0.00000000e+000 0.00000000e+000 0.00000000e+000 0.00000000e+000 0.00000000e+000 0.00000000e+000 0.00000000e+000 0.00000000e+000 0.00000000e+000 0.00000000e+000 0.00000000e+000 0.00000000e+000 0.00000000e+000 0.00000000e+000 0.00000000e+000
61431.96280698 -39479.047376 48529.251897 28036.649694 0.00000000e+000 0.00000000e+000 0.00000000e+000 0.00000000e+000 0.00000000e+000 0.00000000e+000 0.00000000e+000 0.00000000e+000 0.00000000e+000 0.00000000e+000 0.00000000e+000 0.00000000e+000 0.00000000e+000 0.00000000e+000 0.00000000e+000 0.00000000e+000 0.00000000e+000 0.00000000e+000 0.00000000e+000 0.00000000e+000 0.00000000e+000 0.00000000e+000 0.00000000e+000 0.00000000e+000 0.00000000e+000
61431.97930722 -43589.336317 49975.958785 28856.377319 0.00000000e+000 0.00000000e+000 0.00000000e+000 0.00000000e+000 0.00000000e+000 0.00000000e+000 0.00000000e+000 0.00000000e+000 0.00000000e+000 0.00000000e+000 0.00000000e+000 0.00000000e+000 0.00000000e+000 0.00000000e+000 0.00000000e+000 0.00000000e+000 0.00000000e+000 0.00000000e+000 0.00000000e+000 0.00000000e+000 0.00000000e+000 0.00000000e+000 0.00000000e+000 0.00000000e+000 0.00000000e+000
61431.99665116 -47809.241884 51381.254588 29651.390293 0.00000000e+000 0.00000000e+000 0.00000000e+000 0.00000000e+000 0.00000000e+000 0.00000000e+000 0.00000000e+000 0.00000000e+000 0.00000000e+000 0.00000000e+000 0.00000000e+000 0.00000000e+000 0.00000000e+000 0.00000000e+000 0.00000000e+000 0.00000000e+000 0.00000000e+000 0.00000000e+000 0.00000000e+000 0.00000000e+000 0.00000000e+000 0.00000000e+000 0.00000000e+000 0.00000000e+000 0.00000000e+000
61432.01465213 -52086.743112 52729.762074 30413.020764 0.00000000e+000 0.00000000e+000 0.00000000e+000 0.00000000e+000 0.00000000e+000 0.00000000e+000 0.00000000e+000 0.00000000e+000 0.00000000e+000 0.00000000e+000 0.00000000e+000 0.00000000e+000 0.00000000e+000 0.00000000e+000 0.00000000e+000 0.00000000e+000 0.00000000e+000 0.00000000e+000 0.00000000e+000 0.00000000e+000 0.00000000e+000 0.00000000e+000 0.00000000e+000 0.00000000e+000 0.00000000e+000
61432.03472073 -56740.675597 54116.892162 31195.066308 0.00000000e+000 0.00000000e+000 0.00000000e+000 0.00000000e+000 0.00000000e+000 0.00000000e+000 0.00000000e+000 0.00000000e+000 0.00000000e+000 0.00000000e+000 0.00000000e+000 0.00000000e+000 0.00000000e+000 0.00000000e+000 0.00000000e+000 0.00000000e+000 0.00000000e+000 0.00000000e+000 0.00000000e+000 0.00000000e+000 0.00000000e+000 0.00000000e+000 0.00000000e+000 0.00000000e+000 0.00000000e+000
61432.05633005 -61625.563605 55489.968184 31967.655132 0.00000000e+000 0.00000000e+000 0.00000000e+000 0.00000000e+000 0.00000000e+000 0.00000000e+000 0.00000000e+000 0.00000000e+000 0.00000000e+000 0.00000000e+000 0.00000000e+000 0.00000000e+000 0.00000000e+000 0.00000000e+000 0.00000000e+000 0.00000000e+000 0.00000000e+000 0.00000000e+000 0.00000000e+000 0.00000000e+000 0.00000000e+000 0.00000000e+000 0.00000000e+000 0.00000000e+000 0.00000000e+000
61432.07963422 -66757.082471 56847.771818 32729.989889 0.00000000e+000 0.00000000e+000 0.00000000e+000 0.00000000e+000 0.00000000e+000 0.00000000e+000 0.00000000e+000 0.00000000e+000 0.00000000e+000 0.00000000e+000 0.00000000e+000 0.00000000e+000 0.00000000e+000 0.00000000e+000 0.00000000e+000 0.00000000e+000 0.00000000e+000 0.00000000e+000 0.00000000e+000 0.00000000e+000 0.00000000e+000 0.00000000e+000 0.00000000e+000 0.00000000e+000 0.00000000e+000
61432.10478522 -72147.845591 58187.578313 33480.412442 0.00000000e+000 0.00000000e+000 0.00000000e+000 0.00000000e+000 0.00000000e+000 0.00000000e+000 0.00000000e+000 0.00000000e+000 0.00000000e+000 0.00000000e+000 0.00000000e+000 0.00000000e+000 0.00000000e+000 0.00000000e+000 0.00000000e+000 0.00000000e+000 0.00000000e+000 0.00000000e+000 0.00000000e+000 0.00000000e+000 0.00000000e+000 0.00000000e+000 0.00000000e+000 0.00000000e+000 0.00000000e+000
61432.13194944 -77810.993677 59506.223191 34217.005057 0.00000000e+000 0.00000000e+000 0.00000000e+000 0.00000000e+000 0.00000000e+000 0.00000000e+000 0.00000000e+000 0.00000000e+000 0.00000000e+000 0.00000000e+000 0.00000000e+000 0.00000000e+000 0.00000000e+000 0.00000000e+000 0.00000000e+000 0.00000000e+000 0.00000000e+000 0.00000000e+000 0.00000000e+000 0.00000000e+000 0.00000000e+000 0.00000000e+000 0.00000000e+000 0.00000000e+000 0.00000000e+000
61432.16130868 -83760.070500 60800.037840 34937.553417 0.00000000e+000 0.00000000e+000 0.00000000e+000 0.00000000e+000 0.00000000e+000 0.00000000e+000 0.00000000e+000 0.00000000e+000 0.00000000e+000 0.00000000e+000 0.00000000e+000 0.00000000e+000 0.00000000e+000 0.00000000e+000 0.00000000e+000 0.00000000e+000 0.00000000e+000 0.00000000e+000 0.00000000e+000 0.00000000e+000 0.00000000e+000 0.00000000e+000 0.00000000e+000 0.00000000e+000 0.00000000e+000
61432.19300115 -89997.273482 62062.524603 35638.257499 0.00000000e+000 0.00000000e+000 0.00000000e+000 0.00000000e+000 0.00000000e+000 0.00000000e+000 0.00000000e+000 0.00000000e+000 0.00000000e+000 0.00000000e+000 0.00000000e+000 0.00000000e+000 0.00000000e+000 0.00000000e+000 0.00000000e+000 0.00000000e+000 0.00000000e+000 0.00000000e+000 0.00000000e+000 0.00000000e+000 0.00000000e+000 0.00000000e+000 0.00000000e+000 0.00000000e+000 0.00000000e+000
61432.22719831 -96529.306140 63288.039505 36315.788329 0.00000000e+000 0.00000000e+000 0.00000000e+000 0.00000000e+000 0.00000000e+000 0.00000000e+000 0.00000000e+000 0.00000000e+000 0.00000000e+000 0.00000000e+000 0.00000000e+000 0.00000000e+000 0.00000000e+000 0.00000000e+000 0.00000000e+000 0.00000000e+000 0.00000000e+000 0.00000000e+000 0.00000000e+000 0.00000000e+000 0.00000000e+000 0.00000000e+000 0.00000000e+000 0.00000000e+000 0.00000000e+000
61432.26410505 -103366.579889 64471.292614 36967.001135 0.00000000e+000 0.00000000e+000 0.00000000e+000 0.00000000e+000 0.00000000e+000 0.00000000e+000 0.00000000e+000 0.00000000e+000 0.00000000e+000 0.00000000e+000 0.00000000e+000 0.00000000e+000 0.00000000e+000 0.00000000e+000 0.00000000e+000 0.00000000e+000 0.00000000e+000 0.00000000e+000 0.00000000e+000 0.00000000e+000 0.00000000e+000 0.00000000e+000 0.00000000e+000 0.00000000e+000 0.00000000e+000
61432.30394166 -110519.228760 65606.445439 37588.431415 0.00000000e+000 0.00000000e+000 0.00000000e+000 0.00000000e+000 0.00000000e+000 0.00000000e+000 0.00000000e+000 0.00000000e+000 0.00000000e+000 0.00000000e+000 0.00000000e+000 0.00000000e+000 0.00000000e+000 0.00000000e+000 0.00000000e+000 0.00000000e+000 0.00000000e+000 0.00000000e+000 0.00000000e+000 0.00000000e+000 0.00000000e+000 0.00000000e+000 0.00000000e+000 0.00000000e+000 0.00000000e+000
61432.34694535 -117997.086135 66687.094690 38176.285196 0.00000000e+000 0.00000000e+000 0.00000000e+000 0.00000000e+000 0.00000000e+000 0.00000000e+000 0.00000000e+000 0.00000000e+000 0.00000000e+000 0.00000000e+000 0.00000000e+000 0.00000000e+000 0.00000000e+000 0.00000000e+000 0.00000000e+000 0.00000000e+000 0.00000000e+000 0.00000000e+000 0.00000000e+000 0.00000000e+000 0.00000000e+000 0.00000000e+000 0.00000000e+000 0.00000000e+000 0.00000000e+000
61432.39337235 -125809.727738 67706.257717 38726.429816 0.00000000e+000 0.00000000e+000 0.00000000e+000 0.00000000e+000 0.00000000e+000 0.00000000e+000 0.00000000e+000 0.00000000e+000 0.00000000e+000 0.00000000e+000 0.00000000e+000 0.00000000e+000 0.00000000e+000 0.00000000e+000 0.00000000e+000 0.00000000e+000 0.00000000e+000 0.00000000e+000 0.00000000e+000 0.00000000e+000 0.00000000e+000 0.00000000e+000 0.00000000e+000 0.00000000e+000 0.00000000e+000
61432.44349859 -133966.229619 68656.313670 39234.360407 0.00000000e+000 0.00000000e+000 0.00000000e+000 0.00000000e+000 0.00000000e+000 0.00000000e+000 0.00000000e+000 0.00000000e+000 0.00000000e+000 0.00000000e+000 0.00000000e+000 0.00000000e+000 0.00000000e+000 0.00000000e+000 0.00000000e+000 0.00000000e+000 0.00000000e+000 0.00000000e+000 0.00000000e+000 0.00000000e+000 0.00000000e+000 0.00000000e+000 0.00000000e+000 0.00000000e+000 0.00000000e+000
61432.49762079 -142474.981212 69528.959464 39695.174609 0.00000000e+000 0.00000000e+000 0.00000000e+000 0.00000000e+000 0.00000000e+000 0.00000000e+000 0.00000000e+000 0.00000000e+000 0.00000000e+000 0.00000000e+000 0.00000000e+000 0.00000000e+000 0.00000000e+000 0.00000000e+000 0.00000000e+000 0.00000000e+000 0.00000000e+000 0.00000000e+000 0.00000000e+000 0.00000000e+000 0.00000000e+000 0.00000000e+000 0.00000000e+000 0.00000000e+000 0.00000000e+000
61432.55605924 -151343.723278 70315.187334 40103.558503 0.00000000e+000 0.00000000e+000 0.00000000e+000 0.00000000e+000 0.00000000e+000 0.00000000e+000 0.00000000e+000 0.00000000e+000 0.00000000e+000 0.00000000e+000 0.00000000e+000 0.00000000e+000 0.00000000e+000 0.00000000e+000 0.00000000e+000 0.00000000e+000 0.00000000e+000 0.00000000e+000 0.00000000e+000 0.00000000e+000 0.00000000e+000 0.00000000e+000 0.00000000e+000 0.00000000e+000 0.00000000e+000
61432.61915747 -160579.063661 71005.209701 40453.744661 0.00000000e+000 0.00000000e+000 0.00000000e+000 0.00000000e+000 0.00000000e+000 0.00000000e+000 0.00000000e+000 0.00000000e+000 0.00000000e+000 0.00000000e+000 0.00000000e+000 0.00000000e+000 0.00000000e+000 0.00000000e+000 0.00000000e+000 0.00000000e+000 0.00000000e+000 0.00000000e+000 0.00000000e+000 0.00000000e+000 0.00000000e+000 0.00000000e+000 0.00000000e+000 0.00000000e+000 0.00000000e+000
61432.68728510 -170186.454775 71588.433290 40739.496249 0.00000000e+000 0.00000000e+000 0.00000000e+000 0.00000000e+000 0.00000000e+000 0.00000000e+000 0.00000000e+000 0.00000000e+000 0.00000000e+000 0.00000000e+000 0.00000000e+000 0.00000000e+000 0.00000000e+000 0.00000000e+000 0.00000000e+000 0.00000000e+000 0.00000000e+000 0.00000000e+000 0.00000000e+000 0.00000000e+000 0.00000000e+000 0.00000000e+000 0.00000000e+000 0.00000000e+000 0.00000000e+000
61432.76083995 -180169.983554 72053.409474 40954.078265 0.00000000e+000 0.00000000e+000 0.00000000e+000 0.00000000e+000 0.00000000e+000 0.00000000e+000 0.00000000e+000 0.00000000e+000 0.00000000e+000 0.00000000e+000 0.00000000e+000 0.00000000e+000 0.00000000e+000 0.00000000e+000 0.00000000e+000 0.00000000e+000 0.00000000e+000 0.00000000e+000 0.00000000e+000 0.00000000e+000 0.00000000e+000 0.00000000e+000 0.00000000e+000 0.00000000e+000 0.00000000e+000
61432.84024801 -190531.840684 72387.773561 41090.224148 0.00000000e+000 0.00000000e+000 0.00000000e+000 0.00000000e+000 0.00000000e+000 0.00000000e+000 0.00000000e+000 0.00000000e+000 0.00000000e+000 0.00000000e+000 0.00000000e+000 0.00000000e+000 0.00000000e+000 0.00000000e+000 0.00000000e+000 0.00000000e+000 0.00000000e+000 0.00000000e+000 0.00000000e+000 0.00000000e+000 0.00000000e+000 0.00000000e+000 0.00000000e+000 0.00000000e+000 0.00000000e+000
61432.92596730 -201272.261341 72578.211484 41140.115777 0.00000000e+000 0.00000000e+000 0.00000000e+000 0.00000000e+000 0.00000000e+000 0.00000000e+000 0.00000000e+000 0.00000000e+000 0.00000000e+000 0.00000000e+000 0.00000000e+000 0.00000000e+000 0.00000000e+000 0.00000000e+000 0.00000000e+000 0.00000000e+000 0.00000000e+000 0.00000000e+000 0.00000000e+000 0.00000000e+000 0.00000000e+000 0.00000000e+000 0.00000000e+000 0.00000000e+000 0.00000000e+000
61433.01848692 -212388.778606 72610.408656 41095.357133 0.00000000e+000 0.00000000e+000 0.00000000e+000 0.00000000e+000 0.00000000e+000 0.00000000e+000 0.00000000e+000 0.00000000e+000 0.00000000e+000 0.00000000e+000 0.00000000e+000 0.00000000e+000 0.00000000e+000 0.00000000e+000 0.00000000e+000 0.00000000e+000 0.00000000e+000 0.00000000e+000 0.00000000e+000 0.00000000e+000 0.00000000e+000 0.00000000e+000 0.00000000e+000 0.00000000e+000 0.00000000e+000
61433.11833072 -223876.031472 72469.025759 40946.960776 0.00000000e+000 0.00000000e+000 0.00000000e+000 0.00000000e+000 0.00000000e+000 0.00000000e+000 0.00000000e+000 0.00000000e+000 0.00000000e+000 0.00000000e+000 0.00000000e+000 0.00000000e+000 0.00000000e+000 0.00000000e+000 0.00000000e+000 0.00000000e+000 0.00000000e+000 0.00000000e+000 0.00000000e+000 0.00000000e+000 0.00000000e+000 0.00000000e+000 0.00000000e+000 0.00000000e+000 0.00000000e+000
61433.22605766 -235725.087850 72137.677700 40685.339268 0.00000000e+000 0.00000000e+000 0.00000000e+000 0.00000000e+000 0.00000000e+000 0.00000000e+000 0.00000000e+000 0.00000000e+000 0.00000000e+000 0.00000000e+000 0.00000000e+000 0.00000000e+000 0.00000000e+000 0.00000000e+000 0.00000000e+000 0.00000000e+000 0.00000000e+000 0.00000000e+000 0.00000000e+000 0.00000000e+000 0.00000000e+000 0.00000000e+000 0.00000000e+000 0.00000000e+000 0.00000000e+000
61433.34226184 -247922.707593 71598.944070 40300.315672 0.00000000e+000 0.00000000e+000 0.00000000e+000 0.00000000e+000 0.00000000e+000 0.00000000e+000 0.00000000e+000 0.00000000e+000 0.00000000e+000 0.00000000e+000 0.00000000e+000 0.00000000e+000 0.00000000e+000 0.00000000e+000 0.00000000e+000 0.00000000e+000 0.00000000e+000 0.00000000e+000 0.00000000e+000 0.00000000e+000 0.00000000e+000 0.00000000e+000 0.00000000e+000 0.00000000e+000 0.00000000e+000
61433.46757485 -260450.819903 70834.397874 39781.143763 0.00000000e+000 0.00000000e+000 0.00000000e+000 0.00000000e+000 0.00000000e+000 0.00000000e+000 0.00000000e+000 0.00000000e+000 0.00000000e+000 0.00000000e+000 0.00000000e+000 0.00000000e+000 0.00000000e+000 0.00000000e+000 0.00000000e+000 0.00000000e+000 0.00000000e+000 0.00000000e+000 0.00000000e+000 0.00000000e+000 0.00000000e+000 0.00000000e+000 0.00000000e+000 0.00000000e+000 0.00000000e+000
61433.60266853 -273285.936137 69824.648237 39116.536808 0.00000000e+000 0.00000000e+000 0.00000000e+000 0.00000000e+000 0.00000000e+000 0.00000000e+000 0.00000000e+000 0.00000000e+000 0.00000000e+000 0.00000000e+000 0.00000000e+000 0.00000000e+000 0.00000000e+000 0.00000000e+000 0.00000000e+000 0.00000000e+000 0.00000000e+000 0.00000000e+000 0.00000000e+000 0.00000000e+000 0.00000000e+000 0.00000000e+000 0.00000000e+000 0.00000000e+000 0.00000000e+000
61433.74825840 -286398.514353 68549.395667 38294.703655 0.00000000e+000 0.00000000e+000 0.00000000e+000 0.00000000e+000 0.00000000e+000 0.00000000e+000 0.00000000e+000 0.00000000e+000 0.00000000e+000 0.00000000e+000 0.00000000e+000 0.00000000e+000 0.00000000e+000 0.00000000e+000 0.00000000e+000 0.00000000e+000 0.00000000e+000 0.00000000e+000 0.00000000e+000 0.00000000e+000 0.00000000e+000 0.00000000e+000 0.00000000e+000 0.00000000e+000 0.00000000e+000
61433.90511367 -299752.729126 66987.436625 37303.352015 0.00000000e+000 0.00000000e+000 0.00000000e+000 0.00000000e+000 0.00000000e+000 0.00000000e+000 0.00000000e+000 0.00000000e+000 0.00000000e+000 0.00000000e+000 0.00000000e+000 0.00000000e+000 0.00000000e+000 0.00000000e+000 0.00000000e+000 0.00000000e+000 0.00000000e+000 0.00000000e+000 0.00000000e+000 0.00000000e+000 0.00000000e+000 0.00000000e+000 0.00000000e+000 0.00000000e+000 0.00000000e+000
