# Ae9Ap9 Model output file: MoonBEAM_trajectory_trade/Rp18408_COM_8per90prop30inc_Tran.AE9.output_mc_fluxIntvAvg_037.txt
# Ae9Ap9 Software Version:  1.50.001
#
# Model type:               AE9
# Particle species:         e-
# Flux type:                1PtDiff
# Flux direction:           Omnidirectional
# Energy levels (MeV):       0.04 0.07 0.1 0.25 0.5 0.75 1 1.5 2 2.5 3 3.5 4 4.5 5 5.5 6 6.5 7 8.5 10
#
# Accumulation mode:        Interval, length = 13997 seconds (0.162002 days)
#
# Time format:              Modified Julian Date
# Coordinate system:        GEI (Geocentric Equatorial Inertial) Cartesian in km
# Data Delimiter:           space
#
# datetime(mjd),posx(km),posy(km),posz(km),flux,flux,flux,flux,flux,flux,flux,flux,flux,flux,flux,flux,flux,flux,flux,flux,flux,flux,flux,flux,flux(#/cm^2/s/MeV)
61411.87033565 0.000000 0.000000 0.000000 3.76040330e+008 2.75232521e+008 1.35558694e+008 3.30790203e+007 1.12704355e+007 4.43773114e+006 2.03622678e+006 9.03685995e+005 4.70311995e+005 2.00076175e+005 8.56562515e+004 3.82508213e+004 1.61773859e+004 6.80907138e+003 2.78249718e+003 1.29226497e+003 6.98949705e+002 4.53389176e+002 2.74540705e+002 1.46051482e+002 9.91610436e+001
61412.03233796 0.000000 0.000000 0.000000 3.37367879e+008 2.08922665e+008 7.04994183e+007 8.52356322e+006 1.56046859e+006 4.66466012e+005 1.68686957e+005 7.19959539e+004 3.05448807e+004 1.23632881e+004 5.24420236e+003 2.03379420e+003 8.33219745e+002 3.39451368e+002 1.42673446e+002 6.24050411e+001 3.17732583e+001 1.74654124e+001 7.79263144e+000 2.54063504e+000 1.25625052e+000
61412.19434028 0.000000 0.000000 0.000000 1.16665369e+008 7.88755925e+007 3.44208405e+007 5.06665275e+006 1.85573524e+006 1.05278761e+006 7.79443714e+005 7.10719243e+005 4.44336017e+005 1.81709644e+005 8.11084828e+004 3.82931354e+004 1.77706354e+004 7.94235626e+003 3.06499478e+003 1.23933833e+003 6.29066980e+002 4.21950245e+002 2.93410619e+002 1.72772327e+002 1.21120885e+002
61412.35634259 0.000000 0.000000 0.000000 1.48931786e+008 9.50291888e+007 3.27572964e+007 3.76363960e+006 8.06607777e+005 2.80459381e+005 1.08987020e+005 6.71167158e+004 4.73646983e+004 2.17879193e+004 8.75851133e+003 3.63600161e+003 1.54089085e+003 5.96764885e+002 2.13854535e+002 8.31644560e+001 4.02716087e+001 2.41500877e+001 1.32392600e+001 6.13582237e+000 3.98243850e+000
61412.51834491 0.000000 0.000000 0.000000 1.16561771e+008 8.06091744e+007 2.43499752e+007 1.82841759e+006 1.64655306e+005 3.48086112e+004 1.10272593e+004 3.51784203e+003 1.13806597e+003 4.07387117e+002 2.09286784e+002 1.10110581e+002 5.39216046e+001 2.07186876e+001 7.69590233e+000 3.05123645e+000 1.69506405e+000 1.03529729e+000 4.91039376e-001 1.61296766e-001 7.96822840e-002
61412.68034722 0.000000 0.000000 0.000000 1.19303336e+008 6.91389330e+007 2.32563858e+007 4.24003646e+006 2.48842423e+006 1.20765079e+006 5.98034344e+005 3.65788597e+005 2.50621407e+005 1.17508283e+005 5.35725777e+004 2.56789873e+004 1.15412412e+004 4.99426683e+003 2.00648388e+003 8.94502206e+002 4.77398020e+002 3.14330006e+002 1.95671895e+002 1.05029065e+002 6.99738990e+001
61412.84234954 0.000000 0.000000 0.000000 4.25776772e+008 3.43592520e+008 1.93347390e+008 4.07384006e+007 6.22633899e+006 1.62133980e+006 7.96316298e+005 4.31809381e+005 2.45565181e+005 1.01636101e+005 4.47722404e+004 2.07818005e+004 9.21117297e+003 4.17641361e+003 1.86508045e+003 9.35469544e+002 5.15024550e+002 3.28609955e+002 1.96042308e+002 1.04617502e+002 6.99531382e+001
61413.00435185 0.000000 0.000000 0.000000 9.03664117e+007 5.60752779e+007 1.49217430e+007 7.23747379e+005 6.51194187e+004 1.35953162e+004 4.00576256e+003 1.37036520e+003 5.00312652e+002 2.12636984e+002 1.23468131e+002 7.25651352e+001 4.13127351e+001 1.90145241e+001 8.16056365e+000 3.47202070e+000 1.89419971e+000 1.14094124e+000 5.34111775e-001 1.92882035e-001 1.02788144e-001
61413.16635417 0.000000 0.000000 0.000000 1.73552424e+007 1.10672267e+007 2.31368414e+006 5.14263431e+004 1.58088545e+003 1.97015693e+002 4.93961712e+001 1.62088849e+001 4.69472012e+000 1.49193599e+000 7.63616622e-001 4.61385350e-001 2.90230056e-001 1.43774530e-001 6.35285552e-002 2.48764578e-002 1.34621721e-002 9.84228411e-003 5.47538097e-003 1.02121771e-003 1.38791721e-006
61413.32835648 0.000000 0.000000 0.000000 9.46979544e+007 5.54588853e+007 1.29397672e+007 3.40855906e+005 1.81865266e+004 2.39740902e+003 5.13136876e+002 1.17989666e+002 2.94536695e+001 1.13733451e+001 8.78675369e+000 8.17207479e+000 6.62734735e+000 3.50260514e+000 1.62758977e+000 7.58692662e-001 5.10727612e-001 3.76345115e-001 2.07136961e-001 1.02216712e-001 6.19048235e-002
61413.49035880 0.000000 0.000000 0.000000 2.44288823e+008 2.06205830e+008 1.05216883e+008 2.05279440e+007 2.42616379e+006 4.13451814e+005 1.32782815e+005 3.79144172e+004 1.30315573e+004 4.02319330e+003 1.41519355e+003 5.27711331e+002 2.18050379e+002 1.00241649e+002 4.78963248e+001 2.22816274e+001 1.06511060e+001 5.60210084e+000 2.56317154e+000 1.05846815e+000 6.24798846e-001
61413.65236111 0.000000 0.000000 0.000000 1.36479157e+008 8.21945365e+007 2.32646081e+007 2.29662573e+006 5.31310533e+005 2.09311727e+005 7.71470582e+004 2.31938767e+004 8.43318899e+003 2.63515337e+003 9.29409664e+002 3.51186767e+002 1.49889153e+002 6.88022710e+001 3.20305813e+001 1.44000155e+001 6.81281971e+000 3.62236587e+000 1.65484564e+000 6.86211602e-001 4.08931006e-001
61413.81436343 0.000000 0.000000 0.000000 6.89505664e+006 3.94972563e+006 8.08970967e+005 1.90193350e+004 5.48156025e+002 5.64451346e+001 1.23011398e+001 3.46077634e+000 1.17513330e+000 5.18214869e-001 4.20295051e-001 3.45128993e-001 2.49427670e-001 1.30755626e-001 6.34398592e-002 3.00659994e-002 2.06937843e-002 1.69939841e-002 1.07770097e-002 6.90406188e-003 2.98000654e-003
61413.97636574 0.000000 0.000000 0.000000 0.00000000e+000 0.00000000e+000 0.00000000e+000 0.00000000e+000 0.00000000e+000 0.00000000e+000 0.00000000e+000 0.00000000e+000 0.00000000e+000 0.00000000e+000 0.00000000e+000 0.00000000e+000 0.00000000e+000 0.00000000e+000 0.00000000e+000 0.00000000e+000 0.00000000e+000 0.00000000e+000 0.00000000e+000 0.00000000e+000 0.00000000e+000
61414.13836806 0.000000 0.000000 0.000000 0.00000000e+000 0.00000000e+000 0.00000000e+000 0.00000000e+000 0.00000000e+000 0.00000000e+000 0.00000000e+000 0.00000000e+000 0.00000000e+000 0.00000000e+000 0.00000000e+000 0.00000000e+000 0.00000000e+000 0.00000000e+000 0.00000000e+000 0.00000000e+000 0.00000000e+000 0.00000000e+000 0.00000000e+000 0.00000000e+000 0.00000000e+000
61414.30037037 0.000000 0.000000 0.000000 2.11794126e+007 1.13594159e+007 2.19551505e+006 1.32436129e+005 5.52478048e+003 5.98239772e+002 1.30186572e+002 3.99073053e+001 1.58875274e+001 7.14797630e+000 5.06749401e+000 3.53163588e+000 2.11515517e+000 9.95027736e-001 4.62306225e-001 2.11764560e-001 1.33275188e-001 1.08734800e-001 7.16739211e-002 4.12643424e-002 8.19493372e-003
61414.46237269 0.000000 0.000000 0.000000 1.82463534e+008 1.13717159e+008 3.45016704e+007 5.32691688e+006 1.31582222e+006 5.08053664e+005 1.67792030e+005 4.21525326e+004 1.70419843e+004 5.67926054e+003 2.00853545e+003 7.52227123e+002 2.87732153e+002 1.12263278e+002 4.51172619e+001 1.80039998e+001 7.68689698e+000 3.66320679e+000 1.52910002e+000 5.54415736e-001 3.21976507e-001
61414.62437500 0.000000 0.000000 0.000000 2.88816236e+008 2.51886118e+008 1.43813724e+008 2.99984785e+007 3.08867708e+006 5.21639676e+005 1.60535267e+005 4.45097871e+004 1.69310045e+004 5.08976963e+003 1.63878295e+003 5.75601866e+002 2.17670725e+002 8.48839594e+001 3.39091994e+001 1.34538555e+001 5.77923021e+000 2.79099480e+000 1.15133398e+000 3.81327688e-001 1.94359899e-001
61414.78637731 0.000000 0.000000 0.000000 1.58965998e+007 1.07713271e+007 2.93843935e+006 3.81251646e+005 2.38536553e+004 2.90654847e+003 6.11934098e+002 1.40665948e+002 4.10902206e+001 1.32964554e+001 7.20258802e+000 4.22620382e+000 2.34903781e+000 1.04602328e+000 4.49427444e-001 2.00971588e-001 1.27026451e-001 9.27332137e-002 5.33317122e-002 2.59041793e-002 1.35973653e-002
61414.94837963 0.000000 0.000000 0.000000 0.00000000e+000 0.00000000e+000 0.00000000e+000 0.00000000e+000 0.00000000e+000 0.00000000e+000 0.00000000e+000 0.00000000e+000 0.00000000e+000 0.00000000e+000 0.00000000e+000 0.00000000e+000 0.00000000e+000 0.00000000e+000 0.00000000e+000 0.00000000e+000 0.00000000e+000 0.00000000e+000 0.00000000e+000 0.00000000e+000 0.00000000e+000
61415.11038194 0.000000 0.000000 0.000000 0.00000000e+000 0.00000000e+000 0.00000000e+000 0.00000000e+000 0.00000000e+000 0.00000000e+000 0.00000000e+000 0.00000000e+000 0.00000000e+000 0.00000000e+000 0.00000000e+000 0.00000000e+000 0.00000000e+000 0.00000000e+000 0.00000000e+000 0.00000000e+000 0.00000000e+000 0.00000000e+000 0.00000000e+000 0.00000000e+000 0.00000000e+000
61415.27238426 0.000000 0.000000 0.000000 0.00000000e+000 0.00000000e+000 0.00000000e+000 0.00000000e+000 0.00000000e+000 0.00000000e+000 0.00000000e+000 0.00000000e+000 0.00000000e+000 0.00000000e+000 0.00000000e+000 0.00000000e+000 0.00000000e+000 0.00000000e+000 0.00000000e+000 0.00000000e+000 0.00000000e+000 0.00000000e+000 0.00000000e+000 0.00000000e+000 0.00000000e+000
61415.43438657 0.000000 0.000000 0.000000 0.00000000e+000 0.00000000e+000 0.00000000e+000 0.00000000e+000 0.00000000e+000 0.00000000e+000 0.00000000e+000 0.00000000e+000 0.00000000e+000 0.00000000e+000 0.00000000e+000 0.00000000e+000 0.00000000e+000 0.00000000e+000 0.00000000e+000 0.00000000e+000 0.00000000e+000 0.00000000e+000 0.00000000e+000 0.00000000e+000 0.00000000e+000
61415.59638889 0.000000 0.000000 0.000000 0.00000000e+000 0.00000000e+000 0.00000000e+000 0.00000000e+000 0.00000000e+000 0.00000000e+000 0.00000000e+000 0.00000000e+000 0.00000000e+000 0.00000000e+000 0.00000000e+000 0.00000000e+000 0.00000000e+000 0.00000000e+000 0.00000000e+000 0.00000000e+000 0.00000000e+000 0.00000000e+000 0.00000000e+000 0.00000000e+000 0.00000000e+000
61415.75839120 0.000000 0.000000 0.000000 7.62151099e+006 8.07963735e+006 2.54612038e+006 3.31985849e+005 1.20572947e+004 9.98885981e+002 1.72924828e+002 2.86836179e+001 4.27370110e+000 6.67015483e-001 1.54280662e-001 5.34369533e-002 2.46136001e-002 9.21931155e-003 3.47671847e-003 6.88363928e-004 -1.45590259e-005 -7.89842092e-006 -2.69902607e-006 0.00000000e+000 0.00000000e+000
61415.92039352 0.000000 0.000000 0.000000 2.38766853e+008 2.25464224e+008 1.03257230e+008 3.36001847e+007 5.72519293e+006 1.67339032e+006 6.71880603e+005 2.04690623e+005 3.63582900e+004 5.91248062e+003 1.35615902e+003 4.33052212e+002 1.81894271e+002 8.18045145e+001 3.77618306e+001 1.78290770e+001 9.62621238e+000 5.70264421e+000 2.69494159e+000 8.16668191e-001 3.32410713e-001
61416.08239583 0.000000 0.000000 0.000000 5.02254680e+008 4.45679091e+008 2.29973196e+008 5.88637742e+007 1.14226847e+007 3.81274842e+006 1.65931263e+006 4.77167273e+005 8.46851884e+004 1.33871280e+004 2.78421531e+003 8.07531660e+002 3.05019887e+002 1.30198909e+002 5.91902750e+001 2.74367609e+001 1.42133662e+001 8.26959942e+000 3.94857963e+000 1.41404479e+000 6.64826713e-001
61416.24439815 0.000000 0.000000 0.000000 1.01020338e+008 9.37816398e+007 3.49128165e+007 6.31809220e+006 4.85067975e+005 6.17318040e+004 1.29204291e+004 2.32904390e+003 4.12225749e+002 7.53405575e+001 2.00789949e+001 7.31187195e+000 3.54266370e+000 1.54333055e+000 6.33155350e-001 2.59649680e-001 1.39428719e-001 7.87882205e-002 3.30594327e-002 5.20112891e-003 1.10099700e-003
61416.40640046 0.000000 0.000000 0.000000 0.00000000e+000 0.00000000e+000 0.00000000e+000 0.00000000e+000 0.00000000e+000 0.00000000e+000 0.00000000e+000 0.00000000e+000 0.00000000e+000 0.00000000e+000 0.00000000e+000 0.00000000e+000 0.00000000e+000 0.00000000e+000 0.00000000e+000 0.00000000e+000 0.00000000e+000 0.00000000e+000 0.00000000e+000 0.00000000e+000 0.00000000e+000
61416.56840278 0.000000 0.000000 0.000000 0.00000000e+000 0.00000000e+000 0.00000000e+000 0.00000000e+000 0.00000000e+000 0.00000000e+000 0.00000000e+000 0.00000000e+000 0.00000000e+000 0.00000000e+000 0.00000000e+000 0.00000000e+000 0.00000000e+000 0.00000000e+000 0.00000000e+000 0.00000000e+000 0.00000000e+000 0.00000000e+000 0.00000000e+000 0.00000000e+000 0.00000000e+000
61416.73040509 0.000000 0.000000 0.000000 0.00000000e+000 0.00000000e+000 0.00000000e+000 0.00000000e+000 0.00000000e+000 0.00000000e+000 0.00000000e+000 0.00000000e+000 0.00000000e+000 0.00000000e+000 0.00000000e+000 0.00000000e+000 0.00000000e+000 0.00000000e+000 0.00000000e+000 0.00000000e+000 0.00000000e+000 0.00000000e+000 0.00000000e+000 0.00000000e+000 0.00000000e+000
61416.89240741 0.000000 0.000000 0.000000 0.00000000e+000 0.00000000e+000 0.00000000e+000 0.00000000e+000 0.00000000e+000 0.00000000e+000 0.00000000e+000 0.00000000e+000 0.00000000e+000 0.00000000e+000 0.00000000e+000 0.00000000e+000 0.00000000e+000 0.00000000e+000 0.00000000e+000 0.00000000e+000 0.00000000e+000 0.00000000e+000 0.00000000e+000 0.00000000e+000 0.00000000e+000
61417.05440972 0.000000 0.000000 0.000000 0.00000000e+000 0.00000000e+000 0.00000000e+000 0.00000000e+000 0.00000000e+000 0.00000000e+000 0.00000000e+000 0.00000000e+000 0.00000000e+000 0.00000000e+000 0.00000000e+000 0.00000000e+000 0.00000000e+000 0.00000000e+000 0.00000000e+000 0.00000000e+000 0.00000000e+000 0.00000000e+000 0.00000000e+000 0.00000000e+000 0.00000000e+000
61417.21641204 0.000000 0.000000 0.000000 0.00000000e+000 0.00000000e+000 0.00000000e+000 0.00000000e+000 0.00000000e+000 0.00000000e+000 0.00000000e+000 0.00000000e+000 0.00000000e+000 0.00000000e+000 0.00000000e+000 0.00000000e+000 0.00000000e+000 0.00000000e+000 0.00000000e+000 0.00000000e+000 0.00000000e+000 0.00000000e+000 0.00000000e+000 0.00000000e+000 0.00000000e+000
61417.37841435 0.000000 0.000000 0.000000 0.00000000e+000 0.00000000e+000 0.00000000e+000 0.00000000e+000 0.00000000e+000 0.00000000e+000 0.00000000e+000 0.00000000e+000 0.00000000e+000 0.00000000e+000 0.00000000e+000 0.00000000e+000 0.00000000e+000 0.00000000e+000 0.00000000e+000 0.00000000e+000 0.00000000e+000 0.00000000e+000 0.00000000e+000 0.00000000e+000 0.00000000e+000
61417.54041667 0.000000 0.000000 0.000000 0.00000000e+000 0.00000000e+000 0.00000000e+000 0.00000000e+000 0.00000000e+000 0.00000000e+000 0.00000000e+000 0.00000000e+000 0.00000000e+000 0.00000000e+000 0.00000000e+000 0.00000000e+000 0.00000000e+000 0.00000000e+000 0.00000000e+000 0.00000000e+000 0.00000000e+000 0.00000000e+000 0.00000000e+000 0.00000000e+000 0.00000000e+000
61417.70241898 0.000000 0.000000 0.000000 0.00000000e+000 0.00000000e+000 0.00000000e+000 0.00000000e+000 0.00000000e+000 0.00000000e+000 0.00000000e+000 0.00000000e+000 0.00000000e+000 0.00000000e+000 0.00000000e+000 0.00000000e+000 0.00000000e+000 0.00000000e+000 0.00000000e+000 0.00000000e+000 0.00000000e+000 0.00000000e+000 0.00000000e+000 0.00000000e+000 0.00000000e+000
61417.86442130 0.000000 0.000000 0.000000 0.00000000e+000 0.00000000e+000 0.00000000e+000 0.00000000e+000 0.00000000e+000 0.00000000e+000 0.00000000e+000 0.00000000e+000 0.00000000e+000 0.00000000e+000 0.00000000e+000 0.00000000e+000 0.00000000e+000 0.00000000e+000 0.00000000e+000 0.00000000e+000 0.00000000e+000 0.00000000e+000 0.00000000e+000 0.00000000e+000 0.00000000e+000
61418.02642361 0.000000 0.000000 0.000000 0.00000000e+000 0.00000000e+000 0.00000000e+000 0.00000000e+000 0.00000000e+000 0.00000000e+000 0.00000000e+000 0.00000000e+000 0.00000000e+000 0.00000000e+000 0.00000000e+000 0.00000000e+000 0.00000000e+000 0.00000000e+000 0.00000000e+000 0.00000000e+000 0.00000000e+000 0.00000000e+000 0.00000000e+000 0.00000000e+000 0.00000000e+000
61418.18842593 0.000000 0.000000 0.000000 2.22623484e+004 7.64792525e+003 -1.41320259e+003 -1.06419384e+003 -1.04775659e+002 -1.12316764e+001 -2.13930919e+000 -3.69125975e-001 -6.13939874e-002 -1.14084764e-002 -1.11558142e-002 -1.48671133e-003 -8.93991716e-004 0.00000000e+000 0.00000000e+000 0.00000000e+000 0.00000000e+000 0.00000000e+000 0.00000000e+000 0.00000000e+000 0.00000000e+000
61418.35042824 0.000000 0.000000 0.000000 2.91525064e+008 2.64886876e+008 1.12829914e+008 3.19371238e+007 3.79506245e+006 8.07649761e+005 2.64619708e+005 8.25161401e+004 2.09898761e+004 4.13701421e+003 8.81754891e+002 2.65175063e+002 1.24875530e+002 6.10463812e+001 3.00019006e+001 1.56497976e+001 1.02971991e+001 7.49471927e+000 4.64181509e+000 2.68033879e+000 1.95324349e+000
61418.51243056 0.000000 0.000000 0.000000 4.43337718e+008 3.87179762e+008 2.22022371e+008 6.58705337e+007 1.13750068e+007 2.98354275e+006 1.23026230e+006 4.35862999e+005 9.64311628e+004 1.83201372e+004 5.04385376e+003 1.71567009e+003 6.83069069e+002 3.13191060e+002 1.57323801e+002 8.37462738e+001 4.83081106e+001 3.15691651e+001 1.84068667e+001 1.14836804e+001 9.21994439e+000
61418.67443287 0.000000 0.000000 0.000000 1.09235114e+008 1.04098992e+008 4.64467696e+007 1.46988834e+007 1.69468194e+006 3.20094555e+005 9.84962795e+004 2.66923746e+004 6.36165568e+003 1.38037578e+003 3.85903482e+002 1.45004284e+002 7.57326566e+001 3.85421519e+001 1.94877191e+001 1.04852001e+001 7.10333780e+000 5.34551503e+000 3.49446170e+000 2.18134124e+000 1.61367017e+000
61418.83643519 0.000000 0.000000 0.000000 0.00000000e+000 0.00000000e+000 0.00000000e+000 0.00000000e+000 0.00000000e+000 0.00000000e+000 0.00000000e+000 0.00000000e+000 0.00000000e+000 0.00000000e+000 0.00000000e+000 0.00000000e+000 0.00000000e+000 0.00000000e+000 0.00000000e+000 0.00000000e+000 0.00000000e+000 0.00000000e+000 0.00000000e+000 0.00000000e+000 0.00000000e+000
61418.99843750 0.000000 0.000000 0.000000 0.00000000e+000 0.00000000e+000 0.00000000e+000 0.00000000e+000 0.00000000e+000 0.00000000e+000 0.00000000e+000 0.00000000e+000 0.00000000e+000 0.00000000e+000 0.00000000e+000 0.00000000e+000 0.00000000e+000 0.00000000e+000 0.00000000e+000 0.00000000e+000 0.00000000e+000 0.00000000e+000 0.00000000e+000 0.00000000e+000 0.00000000e+000
61419.16043981 0.000000 0.000000 0.000000 0.00000000e+000 0.00000000e+000 0.00000000e+000 0.00000000e+000 0.00000000e+000 0.00000000e+000 0.00000000e+000 0.00000000e+000 0.00000000e+000 0.00000000e+000 0.00000000e+000 0.00000000e+000 0.00000000e+000 0.00000000e+000 0.00000000e+000 0.00000000e+000 0.00000000e+000 0.00000000e+000 0.00000000e+000 0.00000000e+000 0.00000000e+000
61419.32244213 0.000000 0.000000 0.000000 0.00000000e+000 0.00000000e+000 0.00000000e+000 0.00000000e+000 0.00000000e+000 0.00000000e+000 0.00000000e+000 0.00000000e+000 0.00000000e+000 0.00000000e+000 0.00000000e+000 0.00000000e+000 0.00000000e+000 0.00000000e+000 0.00000000e+000 0.00000000e+000 0.00000000e+000 0.00000000e+000 0.00000000e+000 0.00000000e+000 0.00000000e+000
61419.48444444 0.000000 0.000000 0.000000 0.00000000e+000 0.00000000e+000 0.00000000e+000 0.00000000e+000 0.00000000e+000 0.00000000e+000 0.00000000e+000 0.00000000e+000 0.00000000e+000 0.00000000e+000 0.00000000e+000 0.00000000e+000 0.00000000e+000 0.00000000e+000 0.00000000e+000 0.00000000e+000 0.00000000e+000 0.00000000e+000 0.00000000e+000 0.00000000e+000 0.00000000e+000
61419.64644676 0.000000 0.000000 0.000000 0.00000000e+000 0.00000000e+000 0.00000000e+000 0.00000000e+000 0.00000000e+000 0.00000000e+000 0.00000000e+000 0.00000000e+000 0.00000000e+000 0.00000000e+000 0.00000000e+000 0.00000000e+000 0.00000000e+000 0.00000000e+000 0.00000000e+000 0.00000000e+000 0.00000000e+000 0.00000000e+000 0.00000000e+000 0.00000000e+000 0.00000000e+000
61419.80844907 0.000000 0.000000 0.000000 0.00000000e+000 0.00000000e+000 0.00000000e+000 0.00000000e+000 0.00000000e+000 0.00000000e+000 0.00000000e+000 0.00000000e+000 0.00000000e+000 0.00000000e+000 0.00000000e+000 0.00000000e+000 0.00000000e+000 0.00000000e+000 0.00000000e+000 0.00000000e+000 0.00000000e+000 0.00000000e+000 0.00000000e+000 0.00000000e+000 0.00000000e+000
61419.97045139 0.000000 0.000000 0.000000 0.00000000e+000 0.00000000e+000 0.00000000e+000 0.00000000e+000 0.00000000e+000 0.00000000e+000 0.00000000e+000 0.00000000e+000 0.00000000e+000 0.00000000e+000 0.00000000e+000 0.00000000e+000 0.00000000e+000 0.00000000e+000 0.00000000e+000 0.00000000e+000 0.00000000e+000 0.00000000e+000 0.00000000e+000 0.00000000e+000 0.00000000e+000
61420.13245370 0.000000 0.000000 0.000000 0.00000000e+000 0.00000000e+000 0.00000000e+000 0.00000000e+000 0.00000000e+000 0.00000000e+000 0.00000000e+000 0.00000000e+000 0.00000000e+000 0.00000000e+000 0.00000000e+000 0.00000000e+000 0.00000000e+000 0.00000000e+000 0.00000000e+000 0.00000000e+000 0.00000000e+000 0.00000000e+000 0.00000000e+000 0.00000000e+000 0.00000000e+000
61420.29445602 0.000000 0.000000 0.000000 0.00000000e+000 0.00000000e+000 0.00000000e+000 0.00000000e+000 0.00000000e+000 0.00000000e+000 0.00000000e+000 0.00000000e+000 0.00000000e+000 0.00000000e+000 0.00000000e+000 0.00000000e+000 0.00000000e+000 0.00000000e+000 0.00000000e+000 0.00000000e+000 0.00000000e+000 0.00000000e+000 0.00000000e+000 0.00000000e+000 0.00000000e+000
61420.45645833 0.000000 0.000000 0.000000 0.00000000e+000 0.00000000e+000 0.00000000e+000 0.00000000e+000 0.00000000e+000 0.00000000e+000 0.00000000e+000 0.00000000e+000 0.00000000e+000 0.00000000e+000 0.00000000e+000 0.00000000e+000 0.00000000e+000 0.00000000e+000 0.00000000e+000 0.00000000e+000 0.00000000e+000 0.00000000e+000 0.00000000e+000 0.00000000e+000 0.00000000e+000
61420.55915852 0.000000 0.000000 0.000000 0.00000000e+000 0.00000000e+000 0.00000000e+000 0.00000000e+000 0.00000000e+000 0.00000000e+000 0.00000000e+000 0.00000000e+000 0.00000000e+000 0.00000000e+000 0.00000000e+000 0.00000000e+000 0.00000000e+000 0.00000000e+000 0.00000000e+000 0.00000000e+000 0.00000000e+000 0.00000000e+000 0.00000000e+000 0.00000000e+000 0.00000000e+000
