# Ae9Ap9 Model output file: MoonBEAM_trajectory_trade/Rp18408_COM_8per90prop30inc_Sci.AE9.output_mc_fluenceIntv_053.txt
# Ae9Ap9 Software Version:  1.50.001
#
# Model type:               AE9
# Particle species:         e-
# Flux type:                1PtDiff
# Flux direction:           Omnidirectional
# Energy levels (MeV):       0.04 0.07 0.1 0.25 0.5 0.75 1 1.5 2 2.5 3 3.5 4 4.5 5 5.5 6 6.5 7 8.5 10
#
# Accumulation mode:        Interval, length = 16589 seconds (0.192002 days)
#
# Time format:              Modified Julian Date
# Coordinate system:        GEI (Geocentric Equatorial Inertial) Cartesian in km
# Data Delimiter:           space
#
# datetime(mjd),posx(km),posy(km),posz(km),fluence,fluence,fluence,fluence,fluence,fluence,fluence,fluence,fluence,fluence,fluence,fluence,fluence,fluence,fluence,fluence,fluence,fluence,fluence,fluence,fluence(#/cm^2/MeV)
61429.66149804 0.000000 0.000000 0.000000 0.00000000e+000 0.00000000e+000 0.00000000e+000 0.00000000e+000 0.00000000e+000 0.00000000e+000 0.00000000e+000 0.00000000e+000 0.00000000e+000 0.00000000e+000 0.00000000e+000 0.00000000e+000 0.00000000e+000 0.00000000e+000 0.00000000e+000 0.00000000e+000 0.00000000e+000 0.00000000e+000 0.00000000e+000 0.00000000e+000 0.00000000e+000
61429.85350036 0.000000 0.000000 0.000000 0.00000000e+000 0.00000000e+000 0.00000000e+000 0.00000000e+000 0.00000000e+000 0.00000000e+000 0.00000000e+000 0.00000000e+000 0.00000000e+000 0.00000000e+000 0.00000000e+000 0.00000000e+000 0.00000000e+000 0.00000000e+000 0.00000000e+000 0.00000000e+000 0.00000000e+000 0.00000000e+000 0.00000000e+000 0.00000000e+000 0.00000000e+000
61430.04550267 0.000000 0.000000 0.000000 0.00000000e+000 0.00000000e+000 0.00000000e+000 0.00000000e+000 0.00000000e+000 0.00000000e+000 0.00000000e+000 0.00000000e+000 0.00000000e+000 0.00000000e+000 0.00000000e+000 0.00000000e+000 0.00000000e+000 0.00000000e+000 0.00000000e+000 0.00000000e+000 0.00000000e+000 0.00000000e+000 0.00000000e+000 0.00000000e+000 0.00000000e+000
61430.23750499 0.000000 0.000000 0.000000 0.00000000e+000 0.00000000e+000 0.00000000e+000 0.00000000e+000 0.00000000e+000 0.00000000e+000 0.00000000e+000 0.00000000e+000 0.00000000e+000 0.00000000e+000 0.00000000e+000 0.00000000e+000 0.00000000e+000 0.00000000e+000 0.00000000e+000 0.00000000e+000 0.00000000e+000 0.00000000e+000 0.00000000e+000 0.00000000e+000 0.00000000e+000
61430.42950730 0.000000 0.000000 0.000000 0.00000000e+000 0.00000000e+000 0.00000000e+000 0.00000000e+000 0.00000000e+000 0.00000000e+000 0.00000000e+000 0.00000000e+000 0.00000000e+000 0.00000000e+000 0.00000000e+000 0.00000000e+000 0.00000000e+000 0.00000000e+000 0.00000000e+000 0.00000000e+000 0.00000000e+000 0.00000000e+000 0.00000000e+000 0.00000000e+000 0.00000000e+000
61430.62150962 0.000000 0.000000 0.000000 0.00000000e+000 0.00000000e+000 0.00000000e+000 0.00000000e+000 0.00000000e+000 0.00000000e+000 0.00000000e+000 0.00000000e+000 0.00000000e+000 0.00000000e+000 0.00000000e+000 0.00000000e+000 0.00000000e+000 0.00000000e+000 0.00000000e+000 0.00000000e+000 0.00000000e+000 0.00000000e+000 0.00000000e+000 0.00000000e+000 0.00000000e+000
61430.81351193 0.000000 0.000000 0.000000 0.00000000e+000 0.00000000e+000 0.00000000e+000 0.00000000e+000 0.00000000e+000 0.00000000e+000 0.00000000e+000 0.00000000e+000 0.00000000e+000 0.00000000e+000 0.00000000e+000 0.00000000e+000 0.00000000e+000 0.00000000e+000 0.00000000e+000 0.00000000e+000 0.00000000e+000 0.00000000e+000 0.00000000e+000 0.00000000e+000 0.00000000e+000
61431.00551425 0.000000 0.000000 0.000000 0.00000000e+000 0.00000000e+000 0.00000000e+000 0.00000000e+000 0.00000000e+000 0.00000000e+000 0.00000000e+000 0.00000000e+000 0.00000000e+000 0.00000000e+000 0.00000000e+000 0.00000000e+000 0.00000000e+000 0.00000000e+000 0.00000000e+000 0.00000000e+000 0.00000000e+000 0.00000000e+000 0.00000000e+000 0.00000000e+000 0.00000000e+000
61431.19751656 0.000000 0.000000 0.000000 0.00000000e+000 0.00000000e+000 0.00000000e+000 0.00000000e+000 0.00000000e+000 0.00000000e+000 0.00000000e+000 0.00000000e+000 0.00000000e+000 0.00000000e+000 0.00000000e+000 0.00000000e+000 0.00000000e+000 0.00000000e+000 0.00000000e+000 0.00000000e+000 0.00000000e+000 0.00000000e+000 0.00000000e+000 0.00000000e+000 0.00000000e+000
61431.38951888 0.000000 0.000000 0.000000 0.00000000e+000 0.00000000e+000 0.00000000e+000 0.00000000e+000 0.00000000e+000 0.00000000e+000 0.00000000e+000 0.00000000e+000 0.00000000e+000 0.00000000e+000 0.00000000e+000 0.00000000e+000 0.00000000e+000 0.00000000e+000 0.00000000e+000 0.00000000e+000 0.00000000e+000 0.00000000e+000 0.00000000e+000 0.00000000e+000 0.00000000e+000
61431.58152119 0.000000 0.000000 0.000000 9.85890103e+009 1.21717815e+010 4.85216049e+009 5.49958980e+008 4.45377921e+007 4.93467291e+006 1.00782580e+006 2.38357340e+005 6.70803486e+004 2.57492520e+004 1.44198642e+004 9.01060134e+003 6.31030442e+003 3.49938316e+003 1.78592744e+003 8.03805768e+002 9.43990437e+001 7.02354776e+001 4.83545298e+001 -8.42913130e+000 0.00000000e+000
61431.77352351 0.000000 0.000000 0.000000 9.13066593e+011 7.20338638e+011 2.74689279e+011 5.71787882e+010 1.24875384e+010 3.87239677e+009 1.49355444e+009 5.94601475e+008 1.93534034e+008 6.65990014e+007 2.58396023e+007 1.03182603e+007 4.60449593e+006 2.14974672e+006 1.08339977e+006 5.86932642e+005 3.65449130e+005 2.51488347e+005 1.57603444e+005 8.91079139e+004 6.15514683e+004
61431.96552582 0.000000 0.000000 0.000000 1.17023092e+012 1.02419268e+012 4.33086574e+011 8.42436546e+010 1.75073751e+010 5.37160835e+009 2.05650881e+009 8.20514240e+008 2.61865668e+008 9.04249280e+007 3.52125761e+007 1.41314082e+007 6.40985104e+006 3.00728361e+006 1.50881802e+006 8.04700773e+005 4.97256075e+005 3.41924089e+005 2.13858815e+005 1.20449251e+005 8.29097765e+004
61432.15752814 0.000000 0.000000 0.000000 1.17023092e+012 1.02419268e+012 4.33086574e+011 8.42436546e+010 1.75073751e+010 5.37160835e+009 2.05650881e+009 8.20514240e+008 2.61865668e+008 9.04249280e+007 3.52125761e+007 1.41314082e+007 6.40985104e+006 3.00728361e+006 1.50881802e+006 8.04700773e+005 4.97256075e+005 3.41924089e+005 2.13858815e+005 1.20449251e+005 8.29097765e+004
61432.34953045 0.000000 0.000000 0.000000 1.17023092e+012 1.02419268e+012 4.33086574e+011 8.42436546e+010 1.75073751e+010 5.37160835e+009 2.05650881e+009 8.20514240e+008 2.61865668e+008 9.04249280e+007 3.52125761e+007 1.41314082e+007 6.40985104e+006 3.00728361e+006 1.50881802e+006 8.04700773e+005 4.97256075e+005 3.41924089e+005 2.13858815e+005 1.20449251e+005 8.29097765e+004
61432.54153277 0.000000 0.000000 0.000000 1.17023092e+012 1.02419268e+012 4.33086574e+011 8.42436546e+010 1.75073751e+010 5.37160835e+009 2.05650881e+009 8.20514240e+008 2.61865668e+008 9.04249280e+007 3.52125761e+007 1.41314082e+007 6.40985104e+006 3.00728361e+006 1.50881802e+006 8.04700773e+005 4.97256075e+005 3.41924089e+005 2.13858815e+005 1.20449251e+005 8.29097765e+004
61432.73353508 0.000000 0.000000 0.000000 1.17023092e+012 1.02419268e+012 4.33086574e+011 8.42436546e+010 1.75073751e+010 5.37160835e+009 2.05650881e+009 8.20514240e+008 2.61865668e+008 9.04249280e+007 3.52125761e+007 1.41314082e+007 6.40985104e+006 3.00728361e+006 1.50881802e+006 8.04700773e+005 4.97256075e+005 3.41924089e+005 2.13858815e+005 1.20449251e+005 8.29097765e+004
61432.92553740 0.000000 0.000000 0.000000 1.17023092e+012 1.02419268e+012 4.33086574e+011 8.42436546e+010 1.75073751e+010 5.37160835e+009 2.05650881e+009 8.20514240e+008 2.61865668e+008 9.04249280e+007 3.52125761e+007 1.41314082e+007 6.40985104e+006 3.00728361e+006 1.50881802e+006 8.04700773e+005 4.97256075e+005 3.41924089e+005 2.13858815e+005 1.20449251e+005 8.29097765e+004
61433.11753971 0.000000 0.000000 0.000000 1.17023092e+012 1.02419268e+012 4.33086574e+011 8.42436546e+010 1.75073751e+010 5.37160835e+009 2.05650881e+009 8.20514240e+008 2.61865668e+008 9.04249280e+007 3.52125761e+007 1.41314082e+007 6.40985104e+006 3.00728361e+006 1.50881802e+006 8.04700773e+005 4.97256075e+005 3.41924089e+005 2.13858815e+005 1.20449251e+005 8.29097765e+004
61433.30954203 0.000000 0.000000 0.000000 1.17023092e+012 1.02419268e+012 4.33086574e+011 8.42436546e+010 1.75073751e+010 5.37160835e+009 2.05650881e+009 8.20514240e+008 2.61865668e+008 9.04249280e+007 3.52125761e+007 1.41314082e+007 6.40985104e+006 3.00728361e+006 1.50881802e+006 8.04700773e+005 4.97256075e+005 3.41924089e+005 2.13858815e+005 1.20449251e+005 8.29097765e+004
61433.50154434 0.000000 0.000000 0.000000 1.17023092e+012 1.02419268e+012 4.33086574e+011 8.42436546e+010 1.75073751e+010 5.37160835e+009 2.05650881e+009 8.20514240e+008 2.61865668e+008 9.04249280e+007 3.52125761e+007 1.41314082e+007 6.40985104e+006 3.00728361e+006 1.50881802e+006 8.04700773e+005 4.97256075e+005 3.41924089e+005 2.13858815e+005 1.20449251e+005 8.29097765e+004
61433.69354666 0.000000 0.000000 0.000000 1.17023092e+012 1.02419268e+012 4.33086574e+011 8.42436546e+010 1.75073751e+010 5.37160835e+009 2.05650881e+009 8.20514240e+008 2.61865668e+008 9.04249280e+007 3.52125761e+007 1.41314082e+007 6.40985104e+006 3.00728361e+006 1.50881802e+006 8.04700773e+005 4.97256075e+005 3.41924089e+005 2.13858815e+005 1.20449251e+005 8.29097765e+004
61433.88554897 0.000000 0.000000 0.000000 1.17023092e+012 1.02419268e+012 4.33086574e+011 8.42436546e+010 1.75073751e+010 5.37160835e+009 2.05650881e+009 8.20514240e+008 2.61865668e+008 9.04249280e+007 3.52125761e+007 1.41314082e+007 6.40985104e+006 3.00728361e+006 1.50881802e+006 8.04700773e+005 4.97256075e+005 3.41924089e+005 2.13858815e+005 1.20449251e+005 8.29097765e+004
61433.90511367 0.000000 0.000000 0.000000 1.17023092e+012 1.02419268e+012 4.33086574e+011 8.42436546e+010 1.75073751e+010 5.37160835e+009 2.05650881e+009 8.20514240e+008 2.61865668e+008 9.04249280e+007 3.52125761e+007 1.41314082e+007 6.40985104e+006 3.00728361e+006 1.50881802e+006 8.04700773e+005 4.97256075e+005 3.41924089e+005 2.13858815e+005 1.20449251e+005 8.29097765e+004
