# Ae9Ap9 Model output file: MoonBEAM_trajectory_trade/Rp18408_COM_8per90prop30inc_Sci.AE9.output_mc_fluenceIntv_018.txt
# Ae9Ap9 Software Version:  1.50.001
#
# Model type:               AE9
# Particle species:         e-
# Flux type:                1PtDiff
# Flux direction:           Omnidirectional
# Energy levels (MeV):       0.04 0.07 0.1 0.25 0.5 0.75 1 1.5 2 2.5 3 3.5 4 4.5 5 5.5 6 6.5 7 8.5 10
#
# Accumulation mode:        Interval, length = 16589 seconds (0.192002 days)
#
# Time format:              Modified Julian Date
# Coordinate system:        GEI (Geocentric Equatorial Inertial) Cartesian in km
# Data Delimiter:           space
#
# datetime(mjd),posx(km),posy(km),posz(km),fluence,fluence,fluence,fluence,fluence,fluence,fluence,fluence,fluence,fluence,fluence,fluence,fluence,fluence,fluence,fluence,fluence,fluence,fluence,fluence,fluence(#/cm^2/MeV)
61429.66149804 0.000000 0.000000 0.000000 0.00000000e+000 0.00000000e+000 0.00000000e+000 0.00000000e+000 0.00000000e+000 0.00000000e+000 0.00000000e+000 0.00000000e+000 0.00000000e+000 0.00000000e+000 0.00000000e+000 0.00000000e+000 0.00000000e+000 0.00000000e+000 0.00000000e+000 0.00000000e+000 0.00000000e+000 0.00000000e+000 0.00000000e+000 0.00000000e+000 0.00000000e+000
61429.85350036 0.000000 0.000000 0.000000 0.00000000e+000 0.00000000e+000 0.00000000e+000 0.00000000e+000 0.00000000e+000 0.00000000e+000 0.00000000e+000 0.00000000e+000 0.00000000e+000 0.00000000e+000 0.00000000e+000 0.00000000e+000 0.00000000e+000 0.00000000e+000 0.00000000e+000 0.00000000e+000 0.00000000e+000 0.00000000e+000 0.00000000e+000 0.00000000e+000 0.00000000e+000
61430.04550267 0.000000 0.000000 0.000000 0.00000000e+000 0.00000000e+000 0.00000000e+000 0.00000000e+000 0.00000000e+000 0.00000000e+000 0.00000000e+000 0.00000000e+000 0.00000000e+000 0.00000000e+000 0.00000000e+000 0.00000000e+000 0.00000000e+000 0.00000000e+000 0.00000000e+000 0.00000000e+000 0.00000000e+000 0.00000000e+000 0.00000000e+000 0.00000000e+000 0.00000000e+000
61430.23750499 0.000000 0.000000 0.000000 0.00000000e+000 0.00000000e+000 0.00000000e+000 0.00000000e+000 0.00000000e+000 0.00000000e+000 0.00000000e+000 0.00000000e+000 0.00000000e+000 0.00000000e+000 0.00000000e+000 0.00000000e+000 0.00000000e+000 0.00000000e+000 0.00000000e+000 0.00000000e+000 0.00000000e+000 0.00000000e+000 0.00000000e+000 0.00000000e+000 0.00000000e+000
61430.42950730 0.000000 0.000000 0.000000 0.00000000e+000 0.00000000e+000 0.00000000e+000 0.00000000e+000 0.00000000e+000 0.00000000e+000 0.00000000e+000 0.00000000e+000 0.00000000e+000 0.00000000e+000 0.00000000e+000 0.00000000e+000 0.00000000e+000 0.00000000e+000 0.00000000e+000 0.00000000e+000 0.00000000e+000 0.00000000e+000 0.00000000e+000 0.00000000e+000 0.00000000e+000
61430.62150962 0.000000 0.000000 0.000000 0.00000000e+000 0.00000000e+000 0.00000000e+000 0.00000000e+000 0.00000000e+000 0.00000000e+000 0.00000000e+000 0.00000000e+000 0.00000000e+000 0.00000000e+000 0.00000000e+000 0.00000000e+000 0.00000000e+000 0.00000000e+000 0.00000000e+000 0.00000000e+000 0.00000000e+000 0.00000000e+000 0.00000000e+000 0.00000000e+000 0.00000000e+000
61430.81351193 0.000000 0.000000 0.000000 0.00000000e+000 0.00000000e+000 0.00000000e+000 0.00000000e+000 0.00000000e+000 0.00000000e+000 0.00000000e+000 0.00000000e+000 0.00000000e+000 0.00000000e+000 0.00000000e+000 0.00000000e+000 0.00000000e+000 0.00000000e+000 0.00000000e+000 0.00000000e+000 0.00000000e+000 0.00000000e+000 0.00000000e+000 0.00000000e+000 0.00000000e+000
61431.00551425 0.000000 0.000000 0.000000 0.00000000e+000 0.00000000e+000 0.00000000e+000 0.00000000e+000 0.00000000e+000 0.00000000e+000 0.00000000e+000 0.00000000e+000 0.00000000e+000 0.00000000e+000 0.00000000e+000 0.00000000e+000 0.00000000e+000 0.00000000e+000 0.00000000e+000 0.00000000e+000 0.00000000e+000 0.00000000e+000 0.00000000e+000 0.00000000e+000 0.00000000e+000
61431.19751656 0.000000 0.000000 0.000000 0.00000000e+000 0.00000000e+000 0.00000000e+000 0.00000000e+000 0.00000000e+000 0.00000000e+000 0.00000000e+000 0.00000000e+000 0.00000000e+000 0.00000000e+000 0.00000000e+000 0.00000000e+000 0.00000000e+000 0.00000000e+000 0.00000000e+000 0.00000000e+000 0.00000000e+000 0.00000000e+000 0.00000000e+000 0.00000000e+000 0.00000000e+000
61431.38951888 0.000000 0.000000 0.000000 0.00000000e+000 0.00000000e+000 0.00000000e+000 0.00000000e+000 0.00000000e+000 0.00000000e+000 0.00000000e+000 0.00000000e+000 0.00000000e+000 0.00000000e+000 0.00000000e+000 0.00000000e+000 0.00000000e+000 0.00000000e+000 0.00000000e+000 0.00000000e+000 0.00000000e+000 0.00000000e+000 0.00000000e+000 0.00000000e+000 0.00000000e+000
61431.58152119 0.000000 0.000000 0.000000 8.84664300e+009 1.42432404e+010 7.56224213e+009 2.23747534e+009 2.02471258e+008 2.13870792e+007 4.20402047e+006 8.02261353e+005 1.63331746e+005 4.93275790e+004 2.30574856e+004 1.30108880e+004 9.06069899e+003 5.26147980e+003 3.07228110e+003 1.48543036e+003 1.59104459e+002 1.31071517e+002 9.83927189e+001 -1.90299350e+001 0.00000000e+000
61431.77352351 0.000000 0.000000 0.000000 1.80907064e+012 1.10164817e+012 3.06947397e+011 6.83695857e+010 9.25963999e+009 1.57866000e+009 4.10238419e+008 1.14339506e+008 1.67420112e+007 2.21239018e+006 5.72663547e+005 2.87747565e+005 2.17941511e+005 1.42688213e+005 8.20408446e+004 4.37464018e+004 2.85369352e+004 2.22711789e+004 1.44201903e+004 9.87241858e+003 6.57815629e+003
61431.96552582 0.000000 0.000000 0.000000 2.17448276e+012 1.44369375e+012 4.58717765e+011 9.28129657e+010 1.20138468e+010 2.05830854e+009 5.21760097e+008 1.40257787e+008 2.00724140e+007 2.72434865e+006 7.35699210e+005 3.74471121e+005 2.84462358e+005 1.86732308e+005 1.07279662e+005 5.65541347e+004 3.67277002e+004 2.84804066e+004 1.82437937e+004 1.27314316e+004 8.64259550e+003
61432.15752814 0.000000 0.000000 0.000000 2.17448276e+012 1.44369375e+012 4.58717765e+011 9.28129657e+010 1.20138468e+010 2.05830854e+009 5.21760097e+008 1.40257787e+008 2.00724140e+007 2.72434865e+006 7.35699210e+005 3.74471121e+005 2.84462358e+005 1.86732308e+005 1.07279662e+005 5.65541347e+004 3.67277002e+004 2.84804066e+004 1.82437937e+004 1.27314316e+004 8.64259550e+003
61432.34953045 0.000000 0.000000 0.000000 2.17448276e+012 1.44369375e+012 4.58717765e+011 9.28129657e+010 1.20138468e+010 2.05830854e+009 5.21760097e+008 1.40257787e+008 2.00724140e+007 2.72434865e+006 7.35699210e+005 3.74471121e+005 2.84462358e+005 1.86732308e+005 1.07279662e+005 5.65541347e+004 3.67277002e+004 2.84804066e+004 1.82437937e+004 1.27314316e+004 8.64259550e+003
61432.54153277 0.000000 0.000000 0.000000 2.17448276e+012 1.44369375e+012 4.58717765e+011 9.28129657e+010 1.20138468e+010 2.05830854e+009 5.21760097e+008 1.40257787e+008 2.00724140e+007 2.72434865e+006 7.35699210e+005 3.74471121e+005 2.84462358e+005 1.86732308e+005 1.07279662e+005 5.65541347e+004 3.67277002e+004 2.84804066e+004 1.82437937e+004 1.27314316e+004 8.64259550e+003
61432.73353508 0.000000 0.000000 0.000000 2.17448276e+012 1.44369375e+012 4.58717765e+011 9.28129657e+010 1.20138468e+010 2.05830854e+009 5.21760097e+008 1.40257787e+008 2.00724140e+007 2.72434865e+006 7.35699210e+005 3.74471121e+005 2.84462358e+005 1.86732308e+005 1.07279662e+005 5.65541347e+004 3.67277002e+004 2.84804066e+004 1.82437937e+004 1.27314316e+004 8.64259550e+003
61432.92553740 0.000000 0.000000 0.000000 2.17448276e+012 1.44369375e+012 4.58717765e+011 9.28129657e+010 1.20138468e+010 2.05830854e+009 5.21760097e+008 1.40257787e+008 2.00724140e+007 2.72434865e+006 7.35699210e+005 3.74471121e+005 2.84462358e+005 1.86732308e+005 1.07279662e+005 5.65541347e+004 3.67277002e+004 2.84804066e+004 1.82437937e+004 1.27314316e+004 8.64259550e+003
61433.11753971 0.000000 0.000000 0.000000 2.17448276e+012 1.44369375e+012 4.58717765e+011 9.28129657e+010 1.20138468e+010 2.05830854e+009 5.21760097e+008 1.40257787e+008 2.00724140e+007 2.72434865e+006 7.35699210e+005 3.74471121e+005 2.84462358e+005 1.86732308e+005 1.07279662e+005 5.65541347e+004 3.67277002e+004 2.84804066e+004 1.82437937e+004 1.27314316e+004 8.64259550e+003
61433.30954203 0.000000 0.000000 0.000000 2.17448276e+012 1.44369375e+012 4.58717765e+011 9.28129657e+010 1.20138468e+010 2.05830854e+009 5.21760097e+008 1.40257787e+008 2.00724140e+007 2.72434865e+006 7.35699210e+005 3.74471121e+005 2.84462358e+005 1.86732308e+005 1.07279662e+005 5.65541347e+004 3.67277002e+004 2.84804066e+004 1.82437937e+004 1.27314316e+004 8.64259550e+003
61433.50154434 0.000000 0.000000 0.000000 2.17448276e+012 1.44369375e+012 4.58717765e+011 9.28129657e+010 1.20138468e+010 2.05830854e+009 5.21760097e+008 1.40257787e+008 2.00724140e+007 2.72434865e+006 7.35699210e+005 3.74471121e+005 2.84462358e+005 1.86732308e+005 1.07279662e+005 5.65541347e+004 3.67277002e+004 2.84804066e+004 1.82437937e+004 1.27314316e+004 8.64259550e+003
61433.69354666 0.000000 0.000000 0.000000 2.17448276e+012 1.44369375e+012 4.58717765e+011 9.28129657e+010 1.20138468e+010 2.05830854e+009 5.21760097e+008 1.40257787e+008 2.00724140e+007 2.72434865e+006 7.35699210e+005 3.74471121e+005 2.84462358e+005 1.86732308e+005 1.07279662e+005 5.65541347e+004 3.67277002e+004 2.84804066e+004 1.82437937e+004 1.27314316e+004 8.64259550e+003
61433.88554897 0.000000 0.000000 0.000000 2.17448276e+012 1.44369375e+012 4.58717765e+011 9.28129657e+010 1.20138468e+010 2.05830854e+009 5.21760097e+008 1.40257787e+008 2.00724140e+007 2.72434865e+006 7.35699210e+005 3.74471121e+005 2.84462358e+005 1.86732308e+005 1.07279662e+005 5.65541347e+004 3.67277002e+004 2.84804066e+004 1.82437937e+004 1.27314316e+004 8.64259550e+003
61433.90511367 0.000000 0.000000 0.000000 2.17448276e+012 1.44369375e+012 4.58717765e+011 9.28129657e+010 1.20138468e+010 2.05830854e+009 5.21760097e+008 1.40257787e+008 2.00724140e+007 2.72434865e+006 7.35699210e+005 3.74471121e+005 2.84462358e+005 1.86732308e+005 1.07279662e+005 5.65541347e+004 3.67277002e+004 2.84804066e+004 1.82437937e+004 1.27314316e+004 8.64259550e+003
