# Ae9Ap9 Model output file: MoonBEAM_trajectory_trade/Rp18408_COM_8per90prop30inc_Tran.AP9.output_mc_fluenceIntv_020.txt
# Ae9Ap9 Software Version:  1.50.001
#
# Model type:               AP9
# Particle species:         H+
# Flux type:                1PtDiff
# Flux direction:           Omnidirectional
# Energy levels (MeV):       0.1 0.2 0.4 0.6 0.8 1 2 4 6 8 10 15 20 30 50 60 80 100 150 200 300 400 700 1200 2000
#
# Accumulation mode:        Interval, length = 13997 seconds (0.162002 days)
#
# Time format:              Modified Julian Date
# Coordinate system:        GEI (Geocentric Equatorial Inertial) Cartesian in km
# Data Delimiter:           space
#
# datetime(mjd),posx(km),posy(km),posz(km),fluence,fluence,fluence,fluence,fluence,fluence,fluence,fluence,fluence,fluence,fluence,fluence,fluence,fluence,fluence,fluence,fluence,fluence,fluence,fluence,fluence,fluence,fluence,fluence,fluence(#/cm^2/MeV)
61411.87033565 0.000000 0.000000 0.000000 1.47457486e+012 6.93097127e+011 2.51136794e+011 1.17739162e+011 6.19022552e+010 1.32248348e+010 1.30760146e+009 1.40776659e+008 2.91328653e+007 9.47941016e+006 3.44997666e+006 1.43057480e+006 5.05408383e+005 1.75462381e+005 8.00609927e+004 4.35933607e+004 2.87067471e+004 1.38958974e+004 5.80618963e+003 1.72996361e+003 5.64040571e+002 4.48070137e+001 1.14055137e+000 1.54111680e-003 0.00000000e+000
61412.03233796 0.000000 0.000000 0.000000 1.80170469e+012 7.72025243e+011 2.58470045e+011 1.19010943e+011 6.23027490e+010 1.32943937e+010 1.31118580e+009 1.40788627e+008 2.91328903e+007 9.47941016e+006 3.44997666e+006 1.43057480e+006 5.05408383e+005 1.75462381e+005 8.00609927e+004 4.35933607e+004 2.87067471e+004 1.38958974e+004 5.80618963e+003 1.72996361e+003 5.64040571e+002 4.48070137e+001 1.14055137e+000 1.54111680e-003 0.00000000e+000
61412.19434028 0.000000 0.000000 0.000000 2.58043319e+012 1.07795392e+012 3.30702821e+011 1.39522897e+011 6.94100141e+010 1.44127562e+010 1.40815482e+009 1.51668850e+008 3.18185604e+007 1.06253571e+007 3.96012519e+006 1.65443187e+006 5.79541369e+005 1.97769530e+005 8.88996763e+004 4.78274837e+004 3.09597428e+004 1.47164715e+004 6.11823379e+003 1.82334379e+003 5.98147363e+002 4.63550995e+001 1.15400190e+000 1.54111680e-003 0.00000000e+000
61412.35634259 0.000000 0.000000 0.000000 2.88152035e+012 1.16047503e+012 3.39816793e+011 1.40965832e+011 6.97785302e+010 1.44668568e+010 1.41118636e+009 1.51682922e+008 3.18186278e+007 1.06253573e+007 3.96012519e+006 1.65443187e+006 5.79541369e+005 1.97769530e+005 8.88996763e+004 4.78274837e+004 3.09597428e+004 1.47164715e+004 6.11823379e+003 1.82334379e+003 5.98147363e+002 4.63550995e+001 1.15400190e+000 1.54111680e-003 0.00000000e+000
61412.51834491 0.000000 0.000000 0.000000 2.92546883e+012 1.17256556e+012 3.41390066e+011 1.41261393e+011 6.98679253e+010 1.44849193e+010 1.41159329e+009 1.51683568e+008 3.18186278e+007 1.06253573e+007 3.96012519e+006 1.65443187e+006 5.79541369e+005 1.97769530e+005 8.88996763e+004 4.78274837e+004 3.09597428e+004 1.47164715e+004 6.11823379e+003 1.82334379e+003 5.98147363e+002 4.63550995e+001 1.15400190e+000 1.54111680e-003 0.00000000e+000
61412.68034722 0.000000 0.000000 0.000000 4.07513204e+012 1.66562722e+012 4.88864414e+011 1.96221069e+011 9.36850269e+010 1.76130442e+010 1.52982302e+009 1.56050280e+008 3.20188764e+007 1.06525396e+007 3.96488698e+006 1.65659538e+006 5.80288924e+005 1.97922826e+005 8.89525150e+004 4.78505179e+004 3.09698435e+004 1.47183542e+004 6.11832591e+003 1.82333455e+003 5.98147363e+002 4.63550995e+001 1.15400190e+000 1.54111680e-003 0.00000000e+000
61412.84234954 0.000000 0.000000 0.000000 5.12470218e+012 2.19492722e+012 7.13790367e+011 3.16407450e+011 1.61731985e+011 3.47943551e+010 3.70008907e+009 4.32676874e+008 9.71377830e+007 3.47135551e+007 1.40845840e+007 6.35940669e+006 2.43598927e+006 8.69531082e+005 3.96328322e+005 2.21232289e+005 1.52864506e+005 8.11705919e+004 3.79262085e+004 1.26097917e+004 3.98531609e+003 3.41301497e+002 1.37516836e+001 1.43913465e-001 0.00000000e+000
61413.00435185 0.000000 0.000000 0.000000 5.18044382e+012 2.20906804e+012 7.15384723e+011 3.16707812e+011 1.61828281e+011 3.48120541e+010 3.70073627e+009 4.32678447e+008 9.71377850e+007 3.47135551e+007 1.40845840e+007 6.35940669e+006 2.43598927e+006 8.69531082e+005 3.96328322e+005 2.21232289e+005 1.52864506e+005 8.11705919e+004 3.79262085e+004 1.26097917e+004 3.98531609e+003 3.41301497e+002 1.37516836e+001 1.43913465e-001 0.00000000e+000
61413.16635417 0.000000 0.000000 0.000000 5.18149148e+012 2.20935572e+012 7.15414429e+011 3.16713002e+011 1.61830017e+011 3.48121660e+010 3.70073691e+009 4.32678447e+008 9.71377850e+007 3.47135551e+007 1.40845840e+007 6.35940669e+006 2.43598927e+006 8.69531082e+005 3.96328322e+005 2.21232289e+005 1.52864506e+005 8.11705919e+004 3.79262085e+004 1.26097917e+004 3.98531609e+003 3.41301497e+002 1.37516836e+001 1.43913465e-001 0.00000000e+000
61413.32835648 0.000000 0.000000 0.000000 5.21379876e+012 2.21791831e+012 7.16489962e+011 3.16917532e+011 1.61894300e+011 3.48244841e+010 3.70107382e+009 4.32679024e+008 9.71377850e+007 3.47135551e+007 1.40845840e+007 6.35940669e+006 2.43598927e+006 8.69531082e+005 3.96328322e+005 2.21232289e+005 1.52864506e+005 8.11705919e+004 3.79262085e+004 1.26097917e+004 3.98531609e+003 3.41301497e+002 1.37516836e+001 1.43913465e-001 0.00000000e+000
61413.49035880 0.000000 0.000000 0.000000 6.12478389e+012 2.63740939e+012 8.62824456e+011 3.80241802e+011 1.92589235e+011 4.13412039e+010 4.47728767e+009 5.27809013e+008 1.19765058e+008 4.34722269e+007 1.79926361e+007 8.19530950e+006 3.13706976e+006 1.12140852e+006 5.12159127e+005 2.86143054e+005 1.97283258e+005 1.04322190e+005 4.87193576e+004 1.62641928e+004 5.12638749e+003 4.37786473e+002 1.76935472e+001 1.78672313e-001 0.00000000e+000
61413.65236111 0.000000 0.000000 0.000000 6.74735452e+012 2.90499440e+012 9.47011450e+011 4.14348011e+011 2.08396879e+011 4.39281931e+010 4.62361499e+009 5.36875149e+008 1.20743004e+008 4.36651481e+007 1.80345659e+007 8.20846191e+006 3.14011754e+006 1.12206867e+006 5.12352903e+005 2.86210310e+005 1.97310508e+005 1.04329110e+005 4.87207286e+004 1.62643231e+004 5.12638749e+003 4.37786473e+002 1.76935472e+001 1.78672313e-001 0.00000000e+000
61413.81436343 0.000000 0.000000 0.000000 6.74815138e+012 2.90522032e+012 9.47038896e+011 4.14352369e+011 2.08398238e+011 4.39284021e+010 4.62361646e+009 5.36875152e+008 1.20743004e+008 4.36651481e+007 1.80345659e+007 8.20846191e+006 3.14011754e+006 1.12206867e+006 5.12352903e+005 2.86210310e+005 1.97310508e+005 1.04329110e+005 4.87207286e+004 1.62643231e+004 5.12638749e+003 4.37786473e+002 1.76935472e+001 1.78672313e-001 0.00000000e+000
61413.97636574 0.000000 0.000000 0.000000 6.74815138e+012 2.90522032e+012 9.47038896e+011 4.14352369e+011 2.08398238e+011 4.39284021e+010 4.62361646e+009 5.36875152e+008 1.20743004e+008 4.36651481e+007 1.80345659e+007 8.20846191e+006 3.14011754e+006 1.12206867e+006 5.12352903e+005 2.86210310e+005 1.97310508e+005 1.04329110e+005 4.87207286e+004 1.62643231e+004 5.12638749e+003 4.37786473e+002 1.76935472e+001 1.78672313e-001 0.00000000e+000
61414.13836806 0.000000 0.000000 0.000000 6.74815138e+012 2.90522032e+012 9.47038896e+011 4.14352369e+011 2.08398238e+011 4.39284021e+010 4.62361646e+009 5.36875152e+008 1.20743004e+008 4.36651481e+007 1.80345659e+007 8.20846191e+006 3.14011754e+006 1.12206867e+006 5.12352903e+005 2.86210310e+005 1.97310508e+005 1.04329110e+005 4.87207286e+004 1.62643231e+004 5.12638749e+003 4.37786473e+002 1.76935472e+001 1.78672313e-001 0.00000000e+000
61414.30037037 0.000000 0.000000 0.000000 6.75002645e+012 2.90577782e+012 9.47111728e+011 4.14364332e+011 2.08401914e+011 4.39289469e+010 4.62362035e+009 5.36875159e+008 1.20743004e+008 4.36651481e+007 1.80345659e+007 8.20846191e+006 3.14011754e+006 1.12206867e+006 5.12352903e+005 2.86210310e+005 1.97310508e+005 1.04329110e+005 4.87207286e+004 1.62643231e+004 5.12638749e+003 4.37786473e+002 1.76935472e+001 1.78672313e-001 0.00000000e+000
61414.46237269 0.000000 0.000000 0.000000 7.54265616e+012 3.26825754e+012 1.06970912e+012 4.65875356e+011 2.32624892e+011 4.80769970e+010 4.90140500e+009 5.56394985e+008 1.23365879e+008 4.42411174e+007 1.81756835e+007 8.25566652e+006 3.15111905e+006 1.12452243e+006 5.13130160e+005 2.86475073e+005 1.97424622e+005 1.04357084e+005 4.87253596e+004 1.62647044e+004 5.12638749e+003 4.37786473e+002 1.76935472e+001 1.78672313e-001 0.00000000e+000
61414.62437500 0.000000 0.000000 0.000000 8.13372393e+012 3.53973034e+012 1.16768513e+012 5.12145182e+011 2.56807026e+011 5.37401581e+010 5.66490758e+009 6.52920144e+008 1.46266488e+008 5.30832095e+007 2.21109973e+007 1.01060134e+007 3.85970459e+006 1.37949625e+006 6.30759302e+005 3.52655325e+005 2.42791718e+005 1.27896590e+005 5.95837552e+004 1.99091336e+004 6.27061143e+003 5.34752113e+002 2.15673403e+001 2.09860834e-001 0.00000000e+000
61414.78637731 0.000000 0.000000 0.000000 8.13604356e+012 3.54038641e+012 1.16776993e+012 5.12159615e+011 2.56811382e+011 5.37409759e+010 5.66491734e+009 6.52920162e+008 1.46266488e+008 5.30832095e+007 2.21109973e+007 1.01060134e+007 3.85970459e+006 1.37949625e+006 6.30759302e+005 3.52655325e+005 2.42791718e+005 1.27896590e+005 5.95837552e+004 1.99091336e+004 6.27061143e+003 5.34752113e+002 2.15673403e+001 2.09860834e-001 0.00000000e+000
61414.94837963 0.000000 0.000000 0.000000 8.13604356e+012 3.54038641e+012 1.16776993e+012 5.12159615e+011 2.56811382e+011 5.37409759e+010 5.66491734e+009 6.52920162e+008 1.46266488e+008 5.30832095e+007 2.21109973e+007 1.01060134e+007 3.85970459e+006 1.37949625e+006 6.30759302e+005 3.52655325e+005 2.42791718e+005 1.27896590e+005 5.95837552e+004 1.99091336e+004 6.27061143e+003 5.34752113e+002 2.15673403e+001 2.09860834e-001 0.00000000e+000
61415.11038194 0.000000 0.000000 0.000000 8.13604356e+012 3.54038641e+012 1.16776993e+012 5.12159615e+011 2.56811382e+011 5.37409759e+010 5.66491734e+009 6.52920162e+008 1.46266488e+008 5.30832095e+007 2.21109973e+007 1.01060134e+007 3.85970459e+006 1.37949625e+006 6.30759302e+005 3.52655325e+005 2.42791718e+005 1.27896590e+005 5.95837552e+004 1.99091336e+004 6.27061143e+003 5.34752113e+002 2.15673403e+001 2.09860834e-001 0.00000000e+000
61415.27238426 0.000000 0.000000 0.000000 8.13604356e+012 3.54038641e+012 1.16776993e+012 5.12159615e+011 2.56811382e+011 5.37409759e+010 5.66491734e+009 6.52920162e+008 1.46266488e+008 5.30832095e+007 2.21109973e+007 1.01060134e+007 3.85970459e+006 1.37949625e+006 6.30759302e+005 3.52655325e+005 2.42791718e+005 1.27896590e+005 5.95837552e+004 1.99091336e+004 6.27061143e+003 5.34752113e+002 2.15673403e+001 2.09860834e-001 0.00000000e+000
61415.43438657 0.000000 0.000000 0.000000 8.13604356e+012 3.54038641e+012 1.16776993e+012 5.12159615e+011 2.56811382e+011 5.37409759e+010 5.66491734e+009 6.52920162e+008 1.46266488e+008 5.30832095e+007 2.21109973e+007 1.01060134e+007 3.85970459e+006 1.37949625e+006 6.30759302e+005 3.52655325e+005 2.42791718e+005 1.27896590e+005 5.95837552e+004 1.99091336e+004 6.27061143e+003 5.34752113e+002 2.15673403e+001 2.09860834e-001 0.00000000e+000
61415.59638889 0.000000 0.000000 0.000000 8.13604356e+012 3.54038641e+012 1.16776993e+012 5.12159615e+011 2.56811382e+011 5.37409759e+010 5.66491734e+009 6.52920162e+008 1.46266488e+008 5.30832095e+007 2.21109973e+007 1.01060134e+007 3.85970459e+006 1.37949625e+006 6.30759302e+005 3.52655325e+005 2.42791718e+005 1.27896590e+005 5.95837552e+004 1.99091336e+004 6.27061143e+003 5.34752113e+002 2.15673403e+001 2.09860834e-001 0.00000000e+000
61415.75839120 0.000000 0.000000 0.000000 8.13607266e+012 3.54039286e+012 1.16777066e+012 5.12159749e+011 2.56811406e+011 5.37409766e+010 5.66491734e+009 6.52920162e+008 1.46266488e+008 5.30832095e+007 2.21109973e+007 1.01060134e+007 3.85970459e+006 1.37949625e+006 6.30759302e+005 3.52655325e+005 2.42791718e+005 1.27896590e+005 5.95837552e+004 1.99091336e+004 6.27061143e+003 5.34752113e+002 2.15673403e+001 2.09860834e-001 0.00000000e+000
61415.92039352 0.000000 0.000000 0.000000 8.28837230e+012 3.58351247e+012 1.17243839e+012 5.12860470e+011 2.56981875e+011 5.37653852e+010 5.66629924e+009 6.52926870e+008 1.46266525e+008 5.30832096e+007 2.21109973e+007 1.01060134e+007 3.85970459e+006 1.37949625e+006 6.30759302e+005 3.52655325e+005 2.42791718e+005 1.27896590e+005 5.95837552e+004 1.99091336e+004 6.27061143e+003 5.34752113e+002 2.15673403e+001 2.09860834e-001 0.00000000e+000
61416.08239583 0.000000 0.000000 0.000000 8.87039279e+012 3.85770877e+012 1.26773455e+012 5.53245893e+011 2.75952325e+011 5.75956209e+010 6.11383538e+009 7.05366387e+008 1.58366987e+008 5.79794102e+007 2.44031488e+007 1.11813714e+007 4.25540161e+006 1.52253764e+006 6.99036669e+005 3.92365355e+005 2.69952735e+005 1.41304129e+005 6.55669777e+004 2.20117955e+004 7.04032747e+003 6.14595082e+002 2.56851583e+001 2.32378108e-001 0.00000000e+000
61416.24439815 0.000000 0.000000 0.000000 8.87240884e+012 3.85827425e+012 1.26780648e+012 5.53258028e+011 2.75956021e+011 5.75962857e+010 6.11384266e+009 7.05366401e+008 1.58366987e+008 5.79794102e+007 2.44031488e+007 1.11813714e+007 4.25540161e+006 1.52253764e+006 6.99036669e+005 3.92365355e+005 2.69952735e+005 1.41304129e+005 6.55669777e+004 2.20117955e+004 7.04032747e+003 6.14595082e+002 2.56851583e+001 2.32378108e-001 0.00000000e+000
61416.40640046 0.000000 0.000000 0.000000 8.87240884e+012 3.85827425e+012 1.26780648e+012 5.53258028e+011 2.75956021e+011 5.75962857e+010 6.11384266e+009 7.05366401e+008 1.58366987e+008 5.79794102e+007 2.44031488e+007 1.11813714e+007 4.25540161e+006 1.52253764e+006 6.99036669e+005 3.92365355e+005 2.69952735e+005 1.41304129e+005 6.55669777e+004 2.20117955e+004 7.04032747e+003 6.14595082e+002 2.56851583e+001 2.32378108e-001 0.00000000e+000
61416.56840278 0.000000 0.000000 0.000000 8.87240884e+012 3.85827425e+012 1.26780648e+012 5.53258028e+011 2.75956021e+011 5.75962857e+010 6.11384266e+009 7.05366401e+008 1.58366987e+008 5.79794102e+007 2.44031488e+007 1.11813714e+007 4.25540161e+006 1.52253764e+006 6.99036669e+005 3.92365355e+005 2.69952735e+005 1.41304129e+005 6.55669777e+004 2.20117955e+004 7.04032747e+003 6.14595082e+002 2.56851583e+001 2.32378108e-001 0.00000000e+000
61416.73040509 0.000000 0.000000 0.000000 8.87240884e+012 3.85827425e+012 1.26780648e+012 5.53258028e+011 2.75956021e+011 5.75962857e+010 6.11384266e+009 7.05366401e+008 1.58366987e+008 5.79794102e+007 2.44031488e+007 1.11813714e+007 4.25540161e+006 1.52253764e+006 6.99036669e+005 3.92365355e+005 2.69952735e+005 1.41304129e+005 6.55669777e+004 2.20117955e+004 7.04032747e+003 6.14595082e+002 2.56851583e+001 2.32378108e-001 0.00000000e+000
61416.89240741 0.000000 0.000000 0.000000 8.87240884e+012 3.85827425e+012 1.26780648e+012 5.53258028e+011 2.75956021e+011 5.75962857e+010 6.11384266e+009 7.05366401e+008 1.58366987e+008 5.79794102e+007 2.44031488e+007 1.11813714e+007 4.25540161e+006 1.52253764e+006 6.99036669e+005 3.92365355e+005 2.69952735e+005 1.41304129e+005 6.55669777e+004 2.20117955e+004 7.04032747e+003 6.14595082e+002 2.56851583e+001 2.32378108e-001 0.00000000e+000
61417.05440972 0.000000 0.000000 0.000000 8.87240884e+012 3.85827425e+012 1.26780648e+012 5.53258028e+011 2.75956021e+011 5.75962857e+010 6.11384266e+009 7.05366401e+008 1.58366987e+008 5.79794102e+007 2.44031488e+007 1.11813714e+007 4.25540161e+006 1.52253764e+006 6.99036669e+005 3.92365355e+005 2.69952735e+005 1.41304129e+005 6.55669777e+004 2.20117955e+004 7.04032747e+003 6.14595082e+002 2.56851583e+001 2.32378108e-001 0.00000000e+000
61417.21641204 0.000000 0.000000 0.000000 8.87240884e+012 3.85827425e+012 1.26780648e+012 5.53258028e+011 2.75956021e+011 5.75962857e+010 6.11384266e+009 7.05366401e+008 1.58366987e+008 5.79794102e+007 2.44031488e+007 1.11813714e+007 4.25540161e+006 1.52253764e+006 6.99036669e+005 3.92365355e+005 2.69952735e+005 1.41304129e+005 6.55669777e+004 2.20117955e+004 7.04032747e+003 6.14595082e+002 2.56851583e+001 2.32378108e-001 0.00000000e+000
61417.37841435 0.000000 0.000000 0.000000 8.87240884e+012 3.85827425e+012 1.26780648e+012 5.53258028e+011 2.75956021e+011 5.75962857e+010 6.11384266e+009 7.05366401e+008 1.58366987e+008 5.79794102e+007 2.44031488e+007 1.11813714e+007 4.25540161e+006 1.52253764e+006 6.99036669e+005 3.92365355e+005 2.69952735e+005 1.41304129e+005 6.55669777e+004 2.20117955e+004 7.04032747e+003 6.14595082e+002 2.56851583e+001 2.32378108e-001 0.00000000e+000
61417.54041667 0.000000 0.000000 0.000000 8.87240884e+012 3.85827425e+012 1.26780648e+012 5.53258028e+011 2.75956021e+011 5.75962857e+010 6.11384266e+009 7.05366401e+008 1.58366987e+008 5.79794102e+007 2.44031488e+007 1.11813714e+007 4.25540161e+006 1.52253764e+006 6.99036669e+005 3.92365355e+005 2.69952735e+005 1.41304129e+005 6.55669777e+004 2.20117955e+004 7.04032747e+003 6.14595082e+002 2.56851583e+001 2.32378108e-001 0.00000000e+000
61417.70241898 0.000000 0.000000 0.000000 8.87240884e+012 3.85827425e+012 1.26780648e+012 5.53258028e+011 2.75956021e+011 5.75962857e+010 6.11384266e+009 7.05366401e+008 1.58366987e+008 5.79794102e+007 2.44031488e+007 1.11813714e+007 4.25540161e+006 1.52253764e+006 6.99036669e+005 3.92365355e+005 2.69952735e+005 1.41304129e+005 6.55669777e+004 2.20117955e+004 7.04032747e+003 6.14595082e+002 2.56851583e+001 2.32378108e-001 0.00000000e+000
61417.86442130 0.000000 0.000000 0.000000 8.87240884e+012 3.85827425e+012 1.26780648e+012 5.53258028e+011 2.75956021e+011 5.75962857e+010 6.11384266e+009 7.05366401e+008 1.58366987e+008 5.79794102e+007 2.44031488e+007 1.11813714e+007 4.25540161e+006 1.52253764e+006 6.99036669e+005 3.92365355e+005 2.69952735e+005 1.41304129e+005 6.55669777e+004 2.20117955e+004 7.04032747e+003 6.14595082e+002 2.56851583e+001 2.32378108e-001 0.00000000e+000
61418.02642361 0.000000 0.000000 0.000000 8.87240884e+012 3.85827425e+012 1.26780648e+012 5.53258028e+011 2.75956021e+011 5.75962857e+010 6.11384266e+009 7.05366401e+008 1.58366987e+008 5.79794102e+007 2.44031488e+007 1.11813714e+007 4.25540161e+006 1.52253764e+006 6.99036669e+005 3.92365355e+005 2.69952735e+005 1.41304129e+005 6.55669777e+004 2.20117955e+004 7.04032747e+003 6.14595082e+002 2.56851583e+001 2.32378108e-001 0.00000000e+000
61418.18842593 0.000000 0.000000 0.000000 8.87240880e+012 3.85827425e+012 1.26780648e+012 5.53258028e+011 2.75956021e+011 5.75962857e+010 6.11384266e+009 7.05366401e+008 1.58366987e+008 5.79794102e+007 2.44031488e+007 1.11813714e+007 4.25540161e+006 1.52253764e+006 6.99036669e+005 3.92365355e+005 2.69952735e+005 1.41304129e+005 6.55669777e+004 2.20117955e+004 7.04032747e+003 6.14595082e+002 2.56851583e+001 2.32378108e-001 0.00000000e+000
61418.35042824 0.000000 0.000000 0.000000 8.91575388e+012 3.86898698e+012 1.26890084e+012 5.53455974e+011 2.76019660e+011 5.76079383e+010 6.11431768e+009 7.05367717e+008 1.58366989e+008 5.79794102e+007 2.44031488e+007 1.11813714e+007 4.25540161e+006 1.52253764e+006 6.99036669e+005 3.92365355e+005 2.69952735e+005 1.41304129e+005 6.55669777e+004 2.20117955e+004 7.04032747e+003 6.14595082e+002 2.56851583e+001 2.32378108e-001 0.00000000e+000
61418.51243056 0.000000 0.000000 0.000000 9.73744216e+012 4.26734056e+012 1.40892170e+012 6.17207870e+011 3.08238513e+011 6.43050229e+010 6.95605145e+009 7.98739338e+008 1.78363552e+008 6.54599970e+007 2.77877019e+007 1.28315803e+007 4.89145453e+006 1.75123168e+006 8.03674127e+005 4.51731885e+005 3.10858317e+005 1.62689839e+005 7.56268739e+004 2.54313672e+004 8.12913555e+003 7.13400458e+002 3.02823880e+001 2.72135815e-001 0.00000000e+000
61418.67443287 0.000000 0.000000 0.000000 9.75102845e+012 4.27066140e+012 1.40929586e+012 6.17278649e+011 3.08261682e+011 6.43094988e+010 6.95618888e+009 7.98739635e+008 1.78363552e+008 6.54599970e+007 2.77877019e+007 1.28315803e+007 4.89145453e+006 1.75123168e+006 8.03674127e+005 4.51731885e+005 3.10858317e+005 1.62689839e+005 7.56268739e+004 2.54313672e+004 8.12913555e+003 7.13400458e+002 3.02823880e+001 2.72135815e-001 0.00000000e+000
61418.83643519 0.000000 0.000000 0.000000 9.75102845e+012 4.27066140e+012 1.40929586e+012 6.17278649e+011 3.08261682e+011 6.43094988e+010 6.95618888e+009 7.98739635e+008 1.78363552e+008 6.54599970e+007 2.77877019e+007 1.28315803e+007 4.89145453e+006 1.75123168e+006 8.03674127e+005 4.51731885e+005 3.10858317e+005 1.62689839e+005 7.56268739e+004 2.54313672e+004 8.12913555e+003 7.13400458e+002 3.02823880e+001 2.72135815e-001 0.00000000e+000
61418.99843750 0.000000 0.000000 0.000000 9.75102845e+012 4.27066140e+012 1.40929586e+012 6.17278649e+011 3.08261682e+011 6.43094988e+010 6.95618888e+009 7.98739635e+008 1.78363552e+008 6.54599970e+007 2.77877019e+007 1.28315803e+007 4.89145453e+006 1.75123168e+006 8.03674127e+005 4.51731885e+005 3.10858317e+005 1.62689839e+005 7.56268739e+004 2.54313672e+004 8.12913555e+003 7.13400458e+002 3.02823880e+001 2.72135815e-001 0.00000000e+000
61419.16043981 0.000000 0.000000 0.000000 9.75102845e+012 4.27066140e+012 1.40929586e+012 6.17278649e+011 3.08261682e+011 6.43094988e+010 6.95618888e+009 7.98739635e+008 1.78363552e+008 6.54599970e+007 2.77877019e+007 1.28315803e+007 4.89145453e+006 1.75123168e+006 8.03674127e+005 4.51731885e+005 3.10858317e+005 1.62689839e+005 7.56268739e+004 2.54313672e+004 8.12913555e+003 7.13400458e+002 3.02823880e+001 2.72135815e-001 0.00000000e+000
61419.32244213 0.000000 0.000000 0.000000 9.75102845e+012 4.27066140e+012 1.40929586e+012 6.17278649e+011 3.08261682e+011 6.43094988e+010 6.95618888e+009 7.98739635e+008 1.78363552e+008 6.54599970e+007 2.77877019e+007 1.28315803e+007 4.89145453e+006 1.75123168e+006 8.03674127e+005 4.51731885e+005 3.10858317e+005 1.62689839e+005 7.56268739e+004 2.54313672e+004 8.12913555e+003 7.13400458e+002 3.02823880e+001 2.72135815e-001 0.00000000e+000
61419.48444444 0.000000 0.000000 0.000000 9.75102845e+012 4.27066140e+012 1.40929586e+012 6.17278649e+011 3.08261682e+011 6.43094988e+010 6.95618888e+009 7.98739635e+008 1.78363552e+008 6.54599970e+007 2.77877019e+007 1.28315803e+007 4.89145453e+006 1.75123168e+006 8.03674127e+005 4.51731885e+005 3.10858317e+005 1.62689839e+005 7.56268739e+004 2.54313672e+004 8.12913555e+003 7.13400458e+002 3.02823880e+001 2.72135815e-001 0.00000000e+000
61419.64644676 0.000000 0.000000 0.000000 9.75102845e+012 4.27066140e+012 1.40929586e+012 6.17278649e+011 3.08261682e+011 6.43094988e+010 6.95618888e+009 7.98739635e+008 1.78363552e+008 6.54599970e+007 2.77877019e+007 1.28315803e+007 4.89145453e+006 1.75123168e+006 8.03674127e+005 4.51731885e+005 3.10858317e+005 1.62689839e+005 7.56268739e+004 2.54313672e+004 8.12913555e+003 7.13400458e+002 3.02823880e+001 2.72135815e-001 0.00000000e+000
61419.80844907 0.000000 0.000000 0.000000 9.75102845e+012 4.27066140e+012 1.40929586e+012 6.17278649e+011 3.08261682e+011 6.43094988e+010 6.95618888e+009 7.98739635e+008 1.78363552e+008 6.54599970e+007 2.77877019e+007 1.28315803e+007 4.89145453e+006 1.75123168e+006 8.03674127e+005 4.51731885e+005 3.10858317e+005 1.62689839e+005 7.56268739e+004 2.54313672e+004 8.12913555e+003 7.13400458e+002 3.02823880e+001 2.72135815e-001 0.00000000e+000
61419.97045139 0.000000 0.000000 0.000000 9.75102845e+012 4.27066140e+012 1.40929586e+012 6.17278649e+011 3.08261682e+011 6.43094988e+010 6.95618888e+009 7.98739635e+008 1.78363552e+008 6.54599970e+007 2.77877019e+007 1.28315803e+007 4.89145453e+006 1.75123168e+006 8.03674127e+005 4.51731885e+005 3.10858317e+005 1.62689839e+005 7.56268739e+004 2.54313672e+004 8.12913555e+003 7.13400458e+002 3.02823880e+001 2.72135815e-001 0.00000000e+000
61420.13245370 0.000000 0.000000 0.000000 9.75102845e+012 4.27066140e+012 1.40929586e+012 6.17278649e+011 3.08261682e+011 6.43094988e+010 6.95618888e+009 7.98739635e+008 1.78363552e+008 6.54599970e+007 2.77877019e+007 1.28315803e+007 4.89145453e+006 1.75123168e+006 8.03674127e+005 4.51731885e+005 3.10858317e+005 1.62689839e+005 7.56268739e+004 2.54313672e+004 8.12913555e+003 7.13400458e+002 3.02823880e+001 2.72135815e-001 0.00000000e+000
61420.29445602 0.000000 0.000000 0.000000 9.75102845e+012 4.27066140e+012 1.40929586e+012 6.17278649e+011 3.08261682e+011 6.43094988e+010 6.95618888e+009 7.98739635e+008 1.78363552e+008 6.54599970e+007 2.77877019e+007 1.28315803e+007 4.89145453e+006 1.75123168e+006 8.03674127e+005 4.51731885e+005 3.10858317e+005 1.62689839e+005 7.56268739e+004 2.54313672e+004 8.12913555e+003 7.13400458e+002 3.02823880e+001 2.72135815e-001 0.00000000e+000
61420.45645833 0.000000 0.000000 0.000000 9.75102845e+012 4.27066140e+012 1.40929586e+012 6.17278649e+011 3.08261682e+011 6.43094988e+010 6.95618888e+009 7.98739635e+008 1.78363552e+008 6.54599970e+007 2.77877019e+007 1.28315803e+007 4.89145453e+006 1.75123168e+006 8.03674127e+005 4.51731885e+005 3.10858317e+005 1.62689839e+005 7.56268739e+004 2.54313672e+004 8.12913555e+003 7.13400458e+002 3.02823880e+001 2.72135815e-001 0.00000000e+000
61420.55915852 0.000000 0.000000 0.000000 9.75102845e+012 4.27066140e+012 1.40929586e+012 6.17278649e+011 3.08261682e+011 6.43094988e+010 6.95618888e+009 7.98739635e+008 1.78363552e+008 6.54599970e+007 2.77877019e+007 1.28315803e+007 4.89145453e+006 1.75123168e+006 8.03674127e+005 4.51731885e+005 3.10858317e+005 1.62689839e+005 7.56268739e+004 2.54313672e+004 8.12913555e+003 7.13400458e+002 3.02823880e+001 2.72135815e-001 0.00000000e+000
