# Ae9Ap9 Model output file: MoonBEAM_trajectory_trade/Rp18408_COM_8per90prop30inc_Tran.AE9.output_mc_fluenceIntv_092.txt
# Ae9Ap9 Software Version:  1.50.001
#
# Model type:               AE9
# Particle species:         e-
# Flux type:                1PtDiff
# Flux direction:           Omnidirectional
# Energy levels (MeV):       0.04 0.07 0.1 0.25 0.5 0.75 1 1.5 2 2.5 3 3.5 4 4.5 5 5.5 6 6.5 7 8.5 10
#
# Accumulation mode:        Interval, length = 13997 seconds (0.162002 days)
#
# Time format:              Modified Julian Date
# Coordinate system:        GEI (Geocentric Equatorial Inertial) Cartesian in km
# Data Delimiter:           space
#
# datetime(mjd),posx(km),posy(km),posz(km),fluence,fluence,fluence,fluence,fluence,fluence,fluence,fluence,fluence,fluence,fluence,fluence,fluence,fluence,fluence,fluence,fluence,fluence,fluence,fluence,fluence(#/cm^2/MeV)
61411.87033565 0.000000 0.000000 0.000000 1.04229266e+013 6.82497930e+012 2.46497260e+012 7.81632584e+011 2.25098693e+011 8.73564760e+010 3.67093264e+010 1.53067035e+010 5.78861584e+009 1.98676652e+009 6.85472257e+008 2.58044672e+008 9.95057468e+007 3.79649681e+007 1.54963650e+007 7.62921467e+006 4.55192966e+006 3.06073578e+006 1.79111429e+006 9.15129285e+005 5.81666775e+005
61412.03233796 0.000000 0.000000 0.000000 2.37607120e+013 1.89177823e+013 6.82219859e+012 2.06218572e+012 4.82484289e+011 1.66131041e+011 6.72310916e+010 2.76003303e+010 9.68297843e+009 3.12751960e+009 1.05338151e+009 3.92058984e+008 1.55782296e+008 6.17594512e+007 2.65216598e+007 1.36302867e+007 8.42997064e+006 5.73988366e+006 3.38593713e+006 1.74031545e+006 1.11322972e+006
61412.19434028 0.000000 0.000000 0.000000 2.72801300e+013 2.14066788e+013 7.81094959e+012 2.47238539e+012 6.03752744e+011 2.08560596e+011 8.50177091e+010 3.58419477e+010 1.27699379e+010 4.08360416e+009 1.39295306e+009 5.28032427e+008 2.14647909e+008 8.62248198e+007 3.66915243e+007 1.82192092e+007 1.09587638e+007 7.37975837e+006 4.36051970e+006 2.25306212e+006 1.45337304e+006
61412.35634259 0.000000 0.000000 0.000000 4.04424941e+013 3.37415782e+013 1.17396398e+013 3.35568457e+012 7.48845855e+011 2.46431684e+011 9.85753811e+010 4.12270177e+010 1.44629758e+010 4.56316049e+009 1.55564575e+009 5.91712890e+008 2.42760544e+008 9.83218123e+007 4.21419925e+007 2.10046019e+007 1.26819313e+007 8.57642196e+006 5.09053837e+006 2.65840665e+006 1.72847291e+006
61412.51834491 0.000000 0.000000 0.000000 5.73199897e+013 4.98843401e+013 1.63215782e+013 4.10740149e+012 8.30651074e+011 2.61361615e+011 1.02428828e+011 4.22100198e+010 1.46879804e+010 4.62341622e+009 1.57817521e+009 6.01465032e+008 2.48006198e+008 1.01010403e+008 4.35554402e+007 2.17970069e+007 1.32285708e+007 8.98964796e+006 5.35619739e+006 2.81356955e+006 1.83339170e+006
61412.68034722 0.000000 0.000000 0.000000 7.12519187e+013 6.18548048e+013 2.00937208e+013 4.92443883e+012 9.84035425e+011 3.04774075e+011 1.17016254e+011 4.77165865e+010 1.63976326e+010 5.11482911e+009 1.73530913e+009 6.60962242e+008 2.73799209e+008 1.12255594e+008 4.88093311e+007 2.46348724e+007 1.50660427e+007 1.02917781e+007 6.14641701e+006 3.26724158e+006 2.15107130e+006
61412.84234954 0.000000 0.000000 0.000000 8.31543048e+013 6.94585889e+013 2.25655093e+013 5.37747285e+012 1.06401314e+012 3.25502928e+011 1.23628125e+011 5.01812157e+010 1.71570466e+010 5.33055558e+009 1.80446859e+009 6.87520903e+008 2.85238515e+008 1.17270745e+008 5.11719279e+007 2.59128205e+007 1.58755034e+007 1.08538276e+007 6.48331351e+006 3.46495923e+006 2.29379705e+006
61413.00435185 0.000000 0.000000 0.000000 9.81032546e+013 8.29345340e+013 2.61099102e+013 5.85946650e+012 1.12006588e+012 3.36509501e+011 1.26499671e+011 5.10194373e+010 1.73568394e+010 5.38115822e+009 1.82005259e+009 6.93674246e+008 2.88560790e+008 1.19039467e+008 5.21381309e+007 2.64804126e+007 1.62819034e+007 1.11711373e+007 6.69214045e+006 3.59982168e+006 2.38829668e+006
61413.16635417 0.000000 0.000000 0.000000 9.91818455e+013 8.40135509e+013 2.64271153e+013 5.89750756e+012 1.12263424e+012 3.36803286e+011 1.26558699e+011 5.10334578e+010 1.73597121e+010 5.38195356e+009 1.82039718e+009 6.93858151e+008 2.88678347e+008 1.19108732e+008 5.21784409e+007 2.65019479e+007 1.62948478e+007 1.11813759e+007 6.69890224e+006 3.60145517e+006 2.38829988e+006
61413.32835648 0.000000 0.000000 0.000000 1.13893481e+014 9.55052449e+013 2.92342526e+013 6.25978865e+012 1.15992154e+012 3.42814056e+011 1.27854762e+011 5.13420318e+010 1.74231010e+010 5.39785829e+009 1.82577472e+009 6.96132477e+008 2.89940519e+008 1.19755149e+008 5.25157677e+007 2.66905027e+007 1.64269143e+007 1.12839437e+007 6.76539091e+006 3.64262649e+006 2.41463260e+006
61413.49035880 0.000000 0.000000 0.000000 1.26305601e+014 1.03203258e+014 3.14857862e+013 6.63055078e+012 1.22957636e+012 3.60397513e+011 1.33251579e+011 5.32996224e+010 1.81032734e+010 5.62418315e+009 1.90710185e+009 7.27811914e+008 3.03077737e+008 1.25213851e+008 5.49294565e+007 2.78824108e+007 1.71187264e+007 1.17348697e+007 7.02194611e+006 3.78035959e+006 2.50941116e+006
61413.65236111 0.000000 0.000000 0.000000 1.40608151e+014 1.11861357e+014 3.36139907e+013 6.97329480e+012 1.28877420e+012 3.74875765e+011 1.37530743e+011 5.48446160e+010 1.86860513e+010 5.82324722e+009 1.97913819e+009 7.55152262e+008 3.14221901e+008 1.29715776e+008 5.68460232e+007 2.87753411e+007 1.76137360e+007 1.20490558e+007 7.19691949e+006 3.87006551e+006 2.56900712e+006
61413.81436343 0.000000 0.000000 0.000000 1.41167913e+014 1.12248652e+014 3.37039963e+013 6.98558320e+012 1.28978797e+012 3.74995574e+011 1.37551406e+011 5.48484247e+010 1.86866835e+010 5.82339655e+009 1.97919410e+009 7.55176737e+008 3.14234596e+008 1.29721716e+008 5.68489259e+007 2.87768356e+007 1.76147262e+007 1.20498033e+007 7.19737920e+006 3.87031125e+006 2.56910948e+006
61413.97636574 0.000000 0.000000 0.000000 1.41167913e+014 1.12248652e+014 3.37039963e+013 6.98558320e+012 1.28978797e+012 3.74995574e+011 1.37551406e+011 5.48484247e+010 1.86866835e+010 5.82339655e+009 1.97919410e+009 7.55176737e+008 3.14234596e+008 1.29721716e+008 5.68489259e+007 2.87768356e+007 1.76147262e+007 1.20498033e+007 7.19737920e+006 3.87031125e+006 2.56910948e+006
61414.13836806 0.000000 0.000000 0.000000 1.41167913e+014 1.12248652e+014 3.37039963e+013 6.98558320e+012 1.28978797e+012 3.74995574e+011 1.37551406e+011 5.48484247e+010 1.86866835e+010 5.82339655e+009 1.97919410e+009 7.55176737e+008 3.14234596e+008 1.29721716e+008 5.68489259e+007 2.87768356e+007 1.76147262e+007 1.20498033e+007 7.19737920e+006 3.87031125e+006 2.56910948e+006
61414.30037037 0.000000 0.000000 0.000000 1.43224467e+014 1.13501164e+014 3.39627679e+013 7.01711405e+012 1.29215716e+012 3.75260051e+011 1.37588300e+011 5.48546612e+010 1.86877379e+010 5.82363658e+009 1.97927452e+009 7.55206660e+008 3.14247117e+008 1.29726327e+008 5.68507020e+007 2.87775778e+007 1.76151482e+007 1.20500862e+007 7.19753075e+006 3.87036713e+006 2.56912057e+006
61414.46237269 0.000000 0.000000 0.000000 1.66112894e+014 1.25159488e+014 3.64651722e+013 7.37301116e+012 1.36813517e+012 4.00007537e+011 1.46683285e+011 5.91034930e+010 2.11486125e+010 6.90250623e+009 2.42781895e+009 9.46192109e+008 3.95417154e+008 1.64801223e+008 7.23518527e+007 3.63671401e+007 2.18193958e+007 1.47298901e+007 8.73308983e+006 4.63743957e+006 3.05549944e+006
61414.62437500 0.000000 0.000000 0.000000 1.94770857e+014 1.40886881e+014 4.01093240e+013 7.82668368e+012 1.44636226e+012 4.22025371e+011 1.54363816e+011 6.27393942e+010 2.32564787e+010 7.79309718e+009 2.79532239e+009 1.10460216e+009 4.64283413e+008 1.95101424e+008 8.59071148e+007 4.30327970e+007 2.55254870e+007 1.71002085e+007 1.01032542e+007 5.33093625e+006 3.49930679e+006
61414.78637731 0.000000 0.000000 0.000000 1.98011743e+014 1.42943881e+014 4.05062923e+013 7.86505944e+012 1.44899913e+012 4.22350387e+011 1.54416942e+011 6.27491039e+010 2.32582242e+010 7.79349517e+009 2.79545134e+009 1.10465116e+009 4.64305114e+008 1.95109973e+008 8.59105902e+007 4.30343263e+007 2.55263815e+007 1.71007898e+007 1.01035560e+007 5.33105513e+006 3.49936403e+006
61414.94837963 0.000000 0.000000 0.000000 1.98011743e+014 1.42943881e+014 4.05062923e+013 7.86505944e+012 1.44899913e+012 4.22350387e+011 1.54416942e+011 6.27491039e+010 2.32582242e+010 7.79349517e+009 2.79545134e+009 1.10465116e+009 4.64305114e+008 1.95109973e+008 8.59105902e+007 4.30343263e+007 2.55263815e+007 1.71007898e+007 1.01035560e+007 5.33105513e+006 3.49936403e+006
61415.11038194 0.000000 0.000000 0.000000 1.98011743e+014 1.42943881e+014 4.05062923e+013 7.86505944e+012 1.44899913e+012 4.22350387e+011 1.54416942e+011 6.27491039e+010 2.32582242e+010 7.79349517e+009 2.79545134e+009 1.10465116e+009 4.64305114e+008 1.95109973e+008 8.59105902e+007 4.30343263e+007 2.55263815e+007 1.71007898e+007 1.01035560e+007 5.33105513e+006 3.49936403e+006
61415.27238426 0.000000 0.000000 0.000000 1.98011743e+014 1.42943881e+014 4.05062923e+013 7.86505944e+012 1.44899913e+012 4.22350387e+011 1.54416942e+011 6.27491039e+010 2.32582242e+010 7.79349517e+009 2.79545134e+009 1.10465116e+009 4.64305114e+008 1.95109973e+008 8.59105902e+007 4.30343263e+007 2.55263815e+007 1.71007898e+007 1.01035560e+007 5.33105513e+006 3.49936403e+006
61415.43438657 0.000000 0.000000 0.000000 1.98011743e+014 1.42943881e+014 4.05062923e+013 7.86505944e+012 1.44899913e+012 4.22350387e+011 1.54416942e+011 6.27491039e+010 2.32582242e+010 7.79349517e+009 2.79545134e+009 1.10465116e+009 4.64305114e+008 1.95109973e+008 8.59105902e+007 4.30343263e+007 2.55263815e+007 1.71007898e+007 1.01035560e+007 5.33105513e+006 3.49936403e+006
61415.59638889 0.000000 0.000000 0.000000 1.98011743e+014 1.42943881e+014 4.05062923e+013 7.86505944e+012 1.44899913e+012 4.22350387e+011 1.54416942e+011 6.27491039e+010 2.32582242e+010 7.79349517e+009 2.79545134e+009 1.10465116e+009 4.64305114e+008 1.95109973e+008 8.59105902e+007 4.30343263e+007 2.55263815e+007 1.71007898e+007 1.01035560e+007 5.33105513e+006 3.49936403e+006
61415.75839120 0.000000 0.000000 0.000000 1.98150670e+014 1.43039723e+014 4.05259544e+013 7.86588426e+012 1.44903920e+012 4.22354467e+011 1.54417651e+011 6.27492872e+010 2.32582651e+010 7.79350741e+009 2.79545639e+009 1.10465358e+009 4.64306400e+008 1.95110453e+008 8.59108111e+007 4.30343630e+007 2.55263808e+007 1.71007893e+007 1.01035557e+007 5.33105513e+006 3.49936403e+006
61415.92039352 0.000000 0.000000 0.000000 2.23754091e+014 1.58274455e+014 4.33865537e+013 8.05734544e+012 1.47043840e+012 4.27199017e+011 1.55698482e+011 6.31443859e+010 2.33944629e+010 7.84260467e+009 2.81335890e+009 1.11126313e+009 4.67191121e+008 1.96349991e+008 8.64688213e+007 4.33074253e+007 2.56915779e+007 1.72148878e+007 1.01718185e+007 5.37087716e+006 3.52768645e+006
61416.08239583 0.000000 0.000000 0.000000 2.50301351e+014 1.75486358e+014 4.78766435e+013 8.93034921e+012 1.63955289e+012 4.72305302e+011 1.71327811e+011 6.80335771e+010 2.48193296e+010 8.25451303e+009 2.95345187e+009 1.16390053e+009 4.89096313e+008 2.05754983e+008 9.05766468e+007 4.52101753e+007 2.67215552e+007 1.78637655e+007 1.05469737e+007 5.57922929e+006 3.68011634e+006
61416.24439815 0.000000 0.000000 0.000000 2.54904897e+014 1.78255356e+014 4.83606002e+013 8.95640471e+012 1.64119898e+012 4.72483400e+011 1.71352911e+011 6.80383076e+010 2.48202520e+010 8.25479179e+009 2.95359356e+009 1.16398179e+009 4.89146499e+008 2.05781797e+008 9.05907947e+007 4.52180279e+007 2.67270302e+007 1.78680794e+007 1.05497640e+007 5.58085476e+006 3.68096457e+006
61416.40640046 0.000000 0.000000 0.000000 2.54904897e+014 1.78255356e+014 4.83606002e+013 8.95640471e+012 1.64119898e+012 4.72483400e+011 1.71352911e+011 6.80383076e+010 2.48202520e+010 8.25479179e+009 2.95359356e+009 1.16398179e+009 4.89146499e+008 2.05781797e+008 9.05907947e+007 4.52180279e+007 2.67270302e+007 1.78680794e+007 1.05497640e+007 5.58085476e+006 3.68096457e+006
61416.56840278 0.000000 0.000000 0.000000 2.54904897e+014 1.78255356e+014 4.83606002e+013 8.95640471e+012 1.64119898e+012 4.72483400e+011 1.71352911e+011 6.80383076e+010 2.48202520e+010 8.25479179e+009 2.95359356e+009 1.16398179e+009 4.89146499e+008 2.05781797e+008 9.05907947e+007 4.52180279e+007 2.67270302e+007 1.78680794e+007 1.05497640e+007 5.58085476e+006 3.68096457e+006
61416.73040509 0.000000 0.000000 0.000000 2.54904897e+014 1.78255356e+014 4.83606002e+013 8.95640471e+012 1.64119898e+012 4.72483400e+011 1.71352911e+011 6.80383076e+010 2.48202520e+010 8.25479179e+009 2.95359356e+009 1.16398179e+009 4.89146499e+008 2.05781797e+008 9.05907947e+007 4.52180279e+007 2.67270302e+007 1.78680794e+007 1.05497640e+007 5.58085476e+006 3.68096457e+006
61416.89240741 0.000000 0.000000 0.000000 2.54904897e+014 1.78255356e+014 4.83606002e+013 8.95640471e+012 1.64119898e+012 4.72483400e+011 1.71352911e+011 6.80383076e+010 2.48202520e+010 8.25479179e+009 2.95359356e+009 1.16398179e+009 4.89146499e+008 2.05781797e+008 9.05907947e+007 4.52180279e+007 2.67270302e+007 1.78680794e+007 1.05497640e+007 5.58085476e+006 3.68096457e+006
61417.05440972 0.000000 0.000000 0.000000 2.54904897e+014 1.78255356e+014 4.83606002e+013 8.95640471e+012 1.64119898e+012 4.72483400e+011 1.71352911e+011 6.80383076e+010 2.48202520e+010 8.25479179e+009 2.95359356e+009 1.16398179e+009 4.89146499e+008 2.05781797e+008 9.05907947e+007 4.52180279e+007 2.67270302e+007 1.78680794e+007 1.05497640e+007 5.58085476e+006 3.68096457e+006
61417.21641204 0.000000 0.000000 0.000000 2.54904897e+014 1.78255356e+014 4.83606002e+013 8.95640471e+012 1.64119898e+012 4.72483400e+011 1.71352911e+011 6.80383076e+010 2.48202520e+010 8.25479179e+009 2.95359356e+009 1.16398179e+009 4.89146499e+008 2.05781797e+008 9.05907947e+007 4.52180279e+007 2.67270302e+007 1.78680794e+007 1.05497640e+007 5.58085476e+006 3.68096457e+006
61417.37841435 0.000000 0.000000 0.000000 2.54904897e+014 1.78255356e+014 4.83606002e+013 8.95640471e+012 1.64119898e+012 4.72483400e+011 1.71352911e+011 6.80383076e+010 2.48202520e+010 8.25479179e+009 2.95359356e+009 1.16398179e+009 4.89146499e+008 2.05781797e+008 9.05907947e+007 4.52180279e+007 2.67270302e+007 1.78680794e+007 1.05497640e+007 5.58085476e+006 3.68096457e+006
61417.54041667 0.000000 0.000000 0.000000 2.54904897e+014 1.78255356e+014 4.83606002e+013 8.95640471e+012 1.64119898e+012 4.72483400e+011 1.71352911e+011 6.80383076e+010 2.48202520e+010 8.25479179e+009 2.95359356e+009 1.16398179e+009 4.89146499e+008 2.05781797e+008 9.05907947e+007 4.52180279e+007 2.67270302e+007 1.78680794e+007 1.05497640e+007 5.58085476e+006 3.68096457e+006
61417.70241898 0.000000 0.000000 0.000000 2.54904897e+014 1.78255356e+014 4.83606002e+013 8.95640471e+012 1.64119898e+012 4.72483400e+011 1.71352911e+011 6.80383076e+010 2.48202520e+010 8.25479179e+009 2.95359356e+009 1.16398179e+009 4.89146499e+008 2.05781797e+008 9.05907947e+007 4.52180279e+007 2.67270302e+007 1.78680794e+007 1.05497640e+007 5.58085476e+006 3.68096457e+006
61417.86442130 0.000000 0.000000 0.000000 2.54904897e+014 1.78255356e+014 4.83606002e+013 8.95640471e+012 1.64119898e+012 4.72483400e+011 1.71352911e+011 6.80383076e+010 2.48202520e+010 8.25479179e+009 2.95359356e+009 1.16398179e+009 4.89146499e+008 2.05781797e+008 9.05907947e+007 4.52180279e+007 2.67270302e+007 1.78680794e+007 1.05497640e+007 5.58085476e+006 3.68096457e+006
61418.02642361 0.000000 0.000000 0.000000 2.54904897e+014 1.78255356e+014 4.83606002e+013 8.95640471e+012 1.64119898e+012 4.72483400e+011 1.71352911e+011 6.80383076e+010 2.48202520e+010 8.25479179e+009 2.95359356e+009 1.16398179e+009 4.89146499e+008 2.05781797e+008 9.05907947e+007 4.52180279e+007 2.67270302e+007 1.78680794e+007 1.05497640e+007 5.58085476e+006 3.68096457e+006
61418.18842593 0.000000 0.000000 0.000000 2.54904898e+014 1.78255368e+014 4.83605925e+013 8.95640136e+012 1.64119882e+012 4.72483385e+011 1.71352908e+011 6.80383069e+010 2.48202519e+010 8.25479175e+009 2.95359348e+009 1.16398178e+009 4.89146490e+008 2.05781797e+008 9.05907947e+007 4.52180279e+007 2.67270302e+007 1.78680794e+007 1.05497640e+007 5.58085476e+006 3.68096457e+006
61418.35042824 0.000000 0.000000 0.000000 2.62377396e+014 1.84944154e+014 5.00382972e+013 9.12343681e+012 1.66357038e+012 4.77769283e+011 1.72800525e+011 6.85254070e+010 2.49668408e+010 8.30252311e+009 2.97027713e+009 1.17070922e+009 4.92376770e+008 2.07263108e+008 9.13006971e+007 4.55932006e+007 2.69613862e+007 1.80261956e+007 1.06392902e+007 5.62177383e+006 3.70459274e+006
61418.51243056 0.000000 0.000000 0.000000 2.69333407e+014 1.92610846e+014 5.33623712e+013 1.02189526e+013 1.93647343e+012 5.76519683e+011 2.14450163e+011 8.23670884e+010 2.94285040e+010 9.63135164e+009 3.40971432e+009 1.33300304e+009 5.56439931e+008 2.32174199e+008 1.01021094e+008 4.98198749e+007 2.91702034e+007 1.93854506e+007 1.13971283e+007 5.99482023e+006 3.94976777e+006
61418.67443287 0.000000 0.000000 0.000000 2.75761443e+014 1.97665661e+014 5.45036756e+013 1.03142535e+013 1.94606699e+012 5.78357105e+011 2.14866896e+011 8.24904024e+010 2.94629895e+010 9.64208838e+009 3.41386593e+009 1.33485852e+009 5.57385928e+008 2.32618566e+008 1.01235701e+008 4.99313760e+007 2.92394519e+007 1.94320828e+007 1.14233993e+007 6.00653119e+006 3.95629872e+006
61418.83643519 0.000000 0.000000 0.000000 2.75761443e+014 1.97665661e+014 5.45036756e+013 1.03142535e+013 1.94606699e+012 5.78357105e+011 2.14866896e+011 8.24904024e+010 2.94629895e+010 9.64208838e+009 3.41386593e+009 1.33485852e+009 5.57385928e+008 2.32618566e+008 1.01235701e+008 4.99313760e+007 2.92394519e+007 1.94320828e+007 1.14233993e+007 6.00653119e+006 3.95629872e+006
61418.99843750 0.000000 0.000000 0.000000 2.75761443e+014 1.97665661e+014 5.45036756e+013 1.03142535e+013 1.94606699e+012 5.78357105e+011 2.14866896e+011 8.24904024e+010 2.94629895e+010 9.64208838e+009 3.41386593e+009 1.33485852e+009 5.57385928e+008 2.32618566e+008 1.01235701e+008 4.99313760e+007 2.92394519e+007 1.94320828e+007 1.14233993e+007 6.00653119e+006 3.95629872e+006
61419.16043981 0.000000 0.000000 0.000000 2.75761443e+014 1.97665661e+014 5.45036756e+013 1.03142535e+013 1.94606699e+012 5.78357105e+011 2.14866896e+011 8.24904024e+010 2.94629895e+010 9.64208838e+009 3.41386593e+009 1.33485852e+009 5.57385928e+008 2.32618566e+008 1.01235701e+008 4.99313760e+007 2.92394519e+007 1.94320828e+007 1.14233993e+007 6.00653119e+006 3.95629872e+006
61419.32244213 0.000000 0.000000 0.000000 2.75761443e+014 1.97665661e+014 5.45036756e+013 1.03142535e+013 1.94606699e+012 5.78357105e+011 2.14866896e+011 8.24904024e+010 2.94629895e+010 9.64208838e+009 3.41386593e+009 1.33485852e+009 5.57385928e+008 2.32618566e+008 1.01235701e+008 4.99313760e+007 2.92394519e+007 1.94320828e+007 1.14233993e+007 6.00653119e+006 3.95629872e+006
61419.48444444 0.000000 0.000000 0.000000 2.75761443e+014 1.97665661e+014 5.45036756e+013 1.03142535e+013 1.94606699e+012 5.78357105e+011 2.14866896e+011 8.24904024e+010 2.94629895e+010 9.64208838e+009 3.41386593e+009 1.33485852e+009 5.57385928e+008 2.32618566e+008 1.01235701e+008 4.99313760e+007 2.92394519e+007 1.94320828e+007 1.14233993e+007 6.00653119e+006 3.95629872e+006
61419.64644676 0.000000 0.000000 0.000000 2.75761443e+014 1.97665661e+014 5.45036756e+013 1.03142535e+013 1.94606699e+012 5.78357105e+011 2.14866896e+011 8.24904024e+010 2.94629895e+010 9.64208838e+009 3.41386593e+009 1.33485852e+009 5.57385928e+008 2.32618566e+008 1.01235701e+008 4.99313760e+007 2.92394519e+007 1.94320828e+007 1.14233993e+007 6.00653119e+006 3.95629872e+006
61419.80844907 0.000000 0.000000 0.000000 2.75761443e+014 1.97665661e+014 5.45036756e+013 1.03142535e+013 1.94606699e+012 5.78357105e+011 2.14866896e+011 8.24904024e+010 2.94629895e+010 9.64208838e+009 3.41386593e+009 1.33485852e+009 5.57385928e+008 2.32618566e+008 1.01235701e+008 4.99313760e+007 2.92394519e+007 1.94320828e+007 1.14233993e+007 6.00653119e+006 3.95629872e+006
61419.97045139 0.000000 0.000000 0.000000 2.75761443e+014 1.97665661e+014 5.45036756e+013 1.03142535e+013 1.94606699e+012 5.78357105e+011 2.14866896e+011 8.24904024e+010 2.94629895e+010 9.64208838e+009 3.41386593e+009 1.33485852e+009 5.57385928e+008 2.32618566e+008 1.01235701e+008 4.99313760e+007 2.92394519e+007 1.94320828e+007 1.14233993e+007 6.00653119e+006 3.95629872e+006
61420.13245370 0.000000 0.000000 0.000000 2.75761443e+014 1.97665661e+014 5.45036756e+013 1.03142535e+013 1.94606699e+012 5.78357105e+011 2.14866896e+011 8.24904024e+010 2.94629895e+010 9.64208838e+009 3.41386593e+009 1.33485852e+009 5.57385928e+008 2.32618566e+008 1.01235701e+008 4.99313760e+007 2.92394519e+007 1.94320828e+007 1.14233993e+007 6.00653119e+006 3.95629872e+006
61420.29445602 0.000000 0.000000 0.000000 2.75761443e+014 1.97665661e+014 5.45036756e+013 1.03142535e+013 1.94606699e+012 5.78357105e+011 2.14866896e+011 8.24904024e+010 2.94629895e+010 9.64208838e+009 3.41386593e+009 1.33485852e+009 5.57385928e+008 2.32618566e+008 1.01235701e+008 4.99313760e+007 2.92394519e+007 1.94320828e+007 1.14233993e+007 6.00653119e+006 3.95629872e+006
61420.45645833 0.000000 0.000000 0.000000 2.75761443e+014 1.97665661e+014 5.45036756e+013 1.03142535e+013 1.94606699e+012 5.78357105e+011 2.14866896e+011 8.24904024e+010 2.94629895e+010 9.64208838e+009 3.41386593e+009 1.33485852e+009 5.57385928e+008 2.32618566e+008 1.01235701e+008 4.99313760e+007 2.92394519e+007 1.94320828e+007 1.14233993e+007 6.00653119e+006 3.95629872e+006
61420.55915852 0.000000 0.000000 0.000000 2.75761443e+014 1.97665661e+014 5.45036756e+013 1.03142535e+013 1.94606699e+012 5.78357105e+011 2.14866896e+011 8.24904024e+010 2.94629895e+010 9.64208838e+009 3.41386593e+009 1.33485852e+009 5.57385928e+008 2.32618566e+008 1.01235701e+008 4.99313760e+007 2.92394519e+007 1.94320828e+007 1.14233993e+007 6.00653119e+006 3.95629872e+006
