# Ae9Ap9 Model output file: MoonBEAM_trajectory_trade/Rp18408_COM_8per90prop30inc_Tran.AE9.output_mc_fluenceIntv_038.txt
# Ae9Ap9 Software Version:  1.50.001
#
# Model type:               AE9
# Particle species:         e-
# Flux type:                1PtDiff
# Flux direction:           Omnidirectional
# Energy levels (MeV):       0.04 0.07 0.1 0.25 0.5 0.75 1 1.5 2 2.5 3 3.5 4 4.5 5 5.5 6 6.5 7 8.5 10
#
# Accumulation mode:        Interval, length = 13997 seconds (0.162002 days)
#
# Time format:              Modified Julian Date
# Coordinate system:        GEI (Geocentric Equatorial Inertial) Cartesian in km
# Data Delimiter:           space
#
# datetime(mjd),posx(km),posy(km),posz(km),fluence,fluence,fluence,fluence,fluence,fluence,fluence,fluence,fluence,fluence,fluence,fluence,fluence,fluence,fluence,fluence,fluence,fluence,fluence,fluence,fluence(#/cm^2/MeV)
61411.87033565 0.000000 0.000000 0.000000 1.17850882e+012 8.82852483e+011 4.26714739e+011 2.36058280e+011 8.71409858e+010 3.79819439e+010 1.81062966e+010 6.64239099e+009 1.73614319e+009 4.34268706e+008 1.41223499e+008 5.50968215e+007 2.38538811e+007 1.07916395e+007 5.18490665e+006 2.85006550e+006 1.80324726e+006 1.27128379e+006 7.50524904e+005 4.28838552e+005 2.90783881e+005
61412.03233796 0.000000 0.000000 0.000000 2.50095304e+012 2.21255715e+012 1.08119040e+012 5.14982154e+011 1.76725205e+011 6.76292637e+010 2.87263859e+010 9.68779939e+009 2.43654780e+009 6.13490925e+008 2.00355785e+008 8.03999390e+007 3.69326376e+007 1.72660603e+007 8.54352037e+006 4.77398430e+006 3.11157139e+006 2.22067272e+006 1.31554579e+006 7.34254815e+005 4.92316026e+005
61412.19434028 0.000000 0.000000 0.000000 3.21210932e+012 2.89039580e+012 1.39348896e+012 6.57189033e+011 2.22572480e+011 8.43338389e+010 3.57312652e+010 1.17703185e+010 2.85970839e+009 7.11438942e+008 2.32362115e+008 9.29381011e+007 4.26756048e+007 2.00558145e+007 9.91436865e+006 5.47239656e+006 3.50287025e+006 2.46976409e+006 1.44547467e+006 7.95835695e+005 5.30424768e+005
61412.35634259 0.000000 0.000000 0.000000 5.32040331e+012 4.94428977e+012 2.23331995e+012 8.51517870e+011 2.59302479e+011 9.42749321e+010 3.89674157e+010 1.26027173e+010 3.00888738e+009 7.43285231e+008 2.42803739e+008 9.73657374e+007 4.50013619e+007 2.12513030e+007 1.05290890e+007 5.79190449e+006 3.69392013e+006 2.59324189e+006 1.50821040e+006 8.22030209e+005 5.45109281e+005
61412.51834491 0.000000 0.000000 0.000000 7.63080248e+012 7.33507585e+012 3.18897293e+012 1.04408441e+012 2.87970409e+011 9.97579824e+010 4.02501137e+010 1.28622737e+010 3.06240776e+009 7.57074289e+008 2.48063819e+008 9.97353976e+007 4.63062454e+007 2.18987544e+007 1.08550001e+007 5.96437065e+006 3.80947018e+006 2.67429975e+006 1.55193802e+006 8.39077600e+005 5.53686622e+005
61412.68034722 0.000000 0.000000 0.000000 9.87593052e+012 9.82179099e+012 4.34858558e+012 1.53428768e+012 4.40925803e+011 1.63122893e+011 6.85035321e+010 2.17377857e+010 4.90712720e+009 1.12440040e+009 3.45064254e+008 1.32401697e+008 5.97289740e+007 2.78939444e+007 1.37033037e+007 7.44844427e+006 4.68595321e+006 3.24416845e+006 1.85332371e+006 9.81445858e+005 6.40556697e+005
61412.84234954 0.000000 0.000000 0.000000 1.23692458e+013 1.26319890e+013 5.90044106e+012 2.06860661e+012 6.01054520e+011 2.36277967e+011 1.04290478e+011 3.37879778e+010 7.53415005e+009 1.64812254e+009 4.75741812e+008 1.74634037e+008 7.61837786e+007 3.48999670e+007 1.69191869e+007 9.14660328e+006 5.71869140e+006 3.94558486e+006 2.25015636e+006 1.18901273e+006 7.74117197e+005
61413.00435185 0.000000 0.000000 0.000000 1.41524379e+013 1.48946225e+013 6.93697258e+012 2.34270767e+012 6.60303676e+011 2.53209958e+011 1.09994315e+011 3.52517105e+010 7.86267255e+009 1.72563461e+009 4.99020182e+008 1.83100338e+008 8.02696895e+007 3.68975513e+007 1.79387615e+007 9.70977885e+006 6.08801365e+006 4.20335454e+006 2.39481631e+006 1.24785803e+006 8.03831977e+005
61413.16635417 0.000000 0.000000 0.000000 1.43705705e+013 1.52526799e+013 7.11893147e+012 2.37672417e+012 6.63860702e+011 2.53655274e+011 1.10089862e+011 3.52725760e+010 7.86727437e+009 1.72684248e+009 4.99501313e+008 1.83345534e+008 8.04205623e+007 3.69867765e+007 1.79882197e+007 9.73496692e+006 6.10068019e+006 4.21115443e+006 2.39867742e+006 1.24813982e+006 8.03832191e+005
61413.32835648 0.000000 0.000000 0.000000 1.64788685e+013 1.82648080e+013 8.56197722e+012 2.75730669e+012 7.43158732e+011 2.74673790e+011 1.17189044e+011 3.70930742e+010 8.28356800e+009 1.82672814e+009 5.31550114e+008 1.95111082e+008 8.61844679e+007 3.99140700e+007 1.95195851e+007 1.05826198e+007 6.64087415e+006 4.58472700e+006 2.61069105e+006 1.32498252e+006 8.36918174e+005
61413.49035880 0.000000 0.000000 0.000000 1.90346529e+013 2.14750172e+013 1.03250694e+013 3.71327027e+012 1.10541357e+012 4.55474189e+011 2.09058705e+011 6.73706949e+010 1.50257240e+010 3.27924738e+009 9.15216644e+008 3.27761794e+008 1.39076321e+008 6.17142859e+007 2.89990355e+007 1.56540615e+007 9.97158031e+006 7.07923591e+006 4.20389134e+006 2.21866192e+006 1.40814282e+006
61413.65236111 0.000000 0.000000 0.000000 2.31735010e+013 2.57478259e+013 1.21279045e+013 4.48024298e+012 1.36061072e+012 5.68919887e+011 2.62200692e+011 8.30076058e+010 1.83616606e+010 4.04579708e+009 1.14681615e+009 4.15153188e+008 1.76055422e+008 7.75699236e+007 3.59437388e+007 1.92305477e+007 1.21921377e+007 8.66475921e+006 5.16327033e+006 2.70128204e+006 1.69017044e+006
61413.81436343 0.000000 0.000000 0.000000 2.34011009e+013 2.59788749e+013 1.22112338e+013 4.49392779e+012 1.36212738e+012 5.69131282e+011 2.62247641e+011 8.30186697e+010 1.83642697e+010 4.04652434e+009 1.14712338e+009 4.15306494e+008 1.76145142e+008 7.76200502e+007 3.59707252e+007 1.92447270e+007 1.22005263e+007 8.67029717e+006 5.16627701e+006 2.70216602e+006 1.69038252e+006
61413.97636574 0.000000 0.000000 0.000000 2.34011009e+013 2.59788749e+013 1.22112338e+013 4.49392779e+012 1.36212738e+012 5.69131282e+011 2.62247641e+011 8.30186697e+010 1.83642697e+010 4.04652434e+009 1.14712338e+009 4.15306494e+008 1.76145142e+008 7.76200502e+007 3.59707252e+007 1.92447270e+007 1.22005263e+007 8.67029717e+006 5.16627701e+006 2.70216602e+006 1.69038252e+006
61414.13836806 0.000000 0.000000 0.000000 2.34011009e+013 2.59788749e+013 1.22112338e+013 4.49392779e+012 1.36212738e+012 5.69131282e+011 2.62247641e+011 8.30186697e+010 1.83642697e+010 4.04652434e+009 1.14712338e+009 4.15306494e+008 1.76145142e+008 7.76200502e+007 3.59707252e+007 1.92447270e+007 1.22005263e+007 8.67029717e+006 5.16627701e+006 2.70216602e+006 1.69038252e+006
61414.30037037 0.000000 0.000000 0.000000 2.49353907e+013 2.68613926e+013 1.24015840e+013 4.51316083e+012 1.36354115e+012 5.69276481e+011 2.62272364e+011 8.30245785e+010 1.83658159e+010 4.04704761e+009 1.14739429e+009 4.15461906e+008 1.76238622e+008 7.76689765e+007 3.59952365e+007 1.92568174e+007 1.22078487e+007 8.67564509e+006 5.16940294e+006 2.70334990e+006 1.69059195e+006
61414.46237269 0.000000 0.000000 0.000000 3.75224835e+013 3.42962358e+013 1.44630588e+013 4.96512613e+012 1.48165043e+012 6.16521745e+011 2.79832476e+011 8.67538015e+010 1.91824715e+010 4.28477409e+009 1.23829748e+009 4.53388244e+008 1.92832531e+008 8.48055966e+007 3.91432716e+007 2.08081126e+007 1.30938317e+007 9.24120067e+006 5.46318894e+006 2.82318577e+006 1.75169087e+006
61414.62437500 0.000000 0.000000 0.000000 4.71399081e+013 4.10296548e+013 1.66815500e+013 5.42671193e+012 1.59127024e+012 6.58832133e+011 2.95536040e+011 9.00933970e+010 1.99029657e+010 4.48414336e+009 1.31200685e+009 4.84494263e+008 2.06938443e+008 9.11233596e+007 4.19873525e+007 2.22303712e+007 1.39218481e+007 9.78822098e+006 5.76053739e+006 2.95521200e+006 1.82353337e+006
61414.78637731 0.000000 0.000000 0.000000 4.82976150e+013 4.18557641e+013 1.68986592e+013 5.44927136e+012 1.59339076e+012 6.59100967e+011 2.95589491e+011 9.01054422e+010 1.99057755e+010 4.48502036e+009 1.31243985e+009 4.84736822e+008 2.07088126e+008 9.12066767e+007 4.20323601e+007 2.22548548e+007 1.39377533e+007 9.79958090e+006 5.76714088e+006 2.95798262e+006 1.82471879e+006
61414.94837963 0.000000 0.000000 0.000000 4.82976150e+013 4.18557641e+013 1.68986592e+013 5.44927136e+012 1.59339076e+012 6.59100967e+011 2.95589491e+011 9.01054422e+010 1.99057755e+010 4.48502036e+009 1.31243985e+009 4.84736822e+008 2.07088126e+008 9.12066767e+007 4.20323601e+007 2.22548548e+007 1.39377533e+007 9.79958090e+006 5.76714088e+006 2.95798262e+006 1.82471879e+006
61415.11038194 0.000000 0.000000 0.000000 4.82976150e+013 4.18557641e+013 1.68986592e+013 5.44927136e+012 1.59339076e+012 6.59100967e+011 2.95589491e+011 9.01054422e+010 1.99057755e+010 4.48502036e+009 1.31243985e+009 4.84736822e+008 2.07088126e+008 9.12066767e+007 4.20323601e+007 2.22548548e+007 1.39377533e+007 9.79958090e+006 5.76714088e+006 2.95798262e+006 1.82471879e+006
61415.27238426 0.000000 0.000000 0.000000 4.82976150e+013 4.18557641e+013 1.68986592e+013 5.44927136e+012 1.59339076e+012 6.59100967e+011 2.95589491e+011 9.01054422e+010 1.99057755e+010 4.48502036e+009 1.31243985e+009 4.84736822e+008 2.07088126e+008 9.12066767e+007 4.20323601e+007 2.22548548e+007 1.39377533e+007 9.79958090e+006 5.76714088e+006 2.95798262e+006 1.82471879e+006
61415.43438657 0.000000 0.000000 0.000000 4.82976150e+013 4.18557641e+013 1.68986592e+013 5.44927136e+012 1.59339076e+012 6.59100967e+011 2.95589491e+011 9.01054422e+010 1.99057755e+010 4.48502036e+009 1.31243985e+009 4.84736822e+008 2.07088126e+008 9.12066767e+007 4.20323601e+007 2.22548548e+007 1.39377533e+007 9.79958090e+006 5.76714088e+006 2.95798262e+006 1.82471879e+006
61415.59638889 0.000000 0.000000 0.000000 4.82976150e+013 4.18557641e+013 1.68986592e+013 5.44927136e+012 1.59339076e+012 6.59100967e+011 2.95589491e+011 9.01054422e+010 1.99057755e+010 4.48502036e+009 1.31243985e+009 4.84736822e+008 2.07088126e+008 9.12066767e+007 4.20323601e+007 2.22548548e+007 1.39377533e+007 9.79958090e+006 5.76714088e+006 2.95798262e+006 1.82471879e+006
61415.75839120 0.000000 0.000000 0.000000 4.83287931e+013 4.18933480e+013 1.69130337e+013 5.45054740e+012 1.59347545e+012 6.59110482e+011 2.95591737e+011 9.01060790e+010 1.99059560e+010 4.48508052e+009 1.31246803e+009 4.84752600e+008 2.07098518e+008 9.12122032e+007 4.20358071e+007 2.22556089e+007 1.39377425e+007 9.79957387e+006 5.76713741e+006 2.95798262e+006 1.82471879e+006
61415.92039352 0.000000 0.000000 0.000000 5.09255023e+013 4.48134715e+013 1.81141298e+013 5.75796066e+012 1.67094604e+012 6.88448294e+011 3.07961069e+011 9.36867795e+010 2.07124452e+010 4.68379727e+009 1.38187936e+009 5.14860287e+008 2.21615185e+008 9.81297155e+007 4.52468334e+007 2.39016677e+007 1.49085710e+007 1.04633519e+007 6.16636242e+006 3.16887997e+006 1.95810449e+006
61416.08239583 0.000000 0.000000 0.000000 5.39844208e+013 4.86499374e+013 2.01196686e+013 6.68635032e+012 1.93896424e+012 7.96742391e+011 3.54283694e+011 1.06217302e+011 2.36265340e+010 5.43309829e+009 1.62852845e+009 6.09274074e+008 2.61280320e+008 1.14970048e+008 5.22583811e+007 2.72628991e+007 1.68511653e+007 1.18078197e+007 6.97876068e+006 3.60954031e+006 2.25653561e+006
61416.24439815 0.000000 0.000000 0.000000 5.43112192e+013 4.90151022e+013 2.02677039e+013 6.71521083e+012 1.94281259e+012 7.97380079e+011 3.54443833e+011 1.06259080e+011 2.36382043e+010 5.43675996e+009 1.63021201e+009 6.10132988e+008 2.61790112e+008 1.15266599e+008 5.24267092e+007 2.73573877e+007 1.69094814e+007 1.18492490e+007 7.00424363e+006 3.62068132e+006 2.26118012e+006
61416.40640046 0.000000 0.000000 0.000000 5.43112192e+013 4.90151022e+013 2.02677039e+013 6.71521083e+012 1.94281259e+012 7.97380079e+011 3.54443833e+011 1.06259080e+011 2.36382043e+010 5.43675996e+009 1.63021201e+009 6.10132988e+008 2.61790112e+008 1.15266599e+008 5.24267092e+007 2.73573877e+007 1.69094814e+007 1.18492490e+007 7.00424363e+006 3.62068132e+006 2.26118012e+006
61416.56840278 0.000000 0.000000 0.000000 5.43112192e+013 4.90151022e+013 2.02677039e+013 6.71521083e+012 1.94281259e+012 7.97380079e+011 3.54443833e+011 1.06259080e+011 2.36382043e+010 5.43675996e+009 1.63021201e+009 6.10132988e+008 2.61790112e+008 1.15266599e+008 5.24267092e+007 2.73573877e+007 1.69094814e+007 1.18492490e+007 7.00424363e+006 3.62068132e+006 2.26118012e+006
61416.73040509 0.000000 0.000000 0.000000 5.43112192e+013 4.90151022e+013 2.02677039e+013 6.71521083e+012 1.94281259e+012 7.97380079e+011 3.54443833e+011 1.06259080e+011 2.36382043e+010 5.43675996e+009 1.63021201e+009 6.10132988e+008 2.61790112e+008 1.15266599e+008 5.24267092e+007 2.73573877e+007 1.69094814e+007 1.18492490e+007 7.00424363e+006 3.62068132e+006 2.26118012e+006
61416.89240741 0.000000 0.000000 0.000000 5.43112192e+013 4.90151022e+013 2.02677039e+013 6.71521083e+012 1.94281259e+012 7.97380079e+011 3.54443833e+011 1.06259080e+011 2.36382043e+010 5.43675996e+009 1.63021201e+009 6.10132988e+008 2.61790112e+008 1.15266599e+008 5.24267092e+007 2.73573877e+007 1.69094814e+007 1.18492490e+007 7.00424363e+006 3.62068132e+006 2.26118012e+006
61417.05440972 0.000000 0.000000 0.000000 5.43112192e+013 4.90151022e+013 2.02677039e+013 6.71521083e+012 1.94281259e+012 7.97380079e+011 3.54443833e+011 1.06259080e+011 2.36382043e+010 5.43675996e+009 1.63021201e+009 6.10132988e+008 2.61790112e+008 1.15266599e+008 5.24267092e+007 2.73573877e+007 1.69094814e+007 1.18492490e+007 7.00424363e+006 3.62068132e+006 2.26118012e+006
61417.21641204 0.000000 0.000000 0.000000 5.43112192e+013 4.90151022e+013 2.02677039e+013 6.71521083e+012 1.94281259e+012 7.97380079e+011 3.54443833e+011 1.06259080e+011 2.36382043e+010 5.43675996e+009 1.63021201e+009 6.10132988e+008 2.61790112e+008 1.15266599e+008 5.24267092e+007 2.73573877e+007 1.69094814e+007 1.18492490e+007 7.00424363e+006 3.62068132e+006 2.26118012e+006
61417.37841435 0.000000 0.000000 0.000000 5.43112192e+013 4.90151022e+013 2.02677039e+013 6.71521083e+012 1.94281259e+012 7.97380079e+011 3.54443833e+011 1.06259080e+011 2.36382043e+010 5.43675996e+009 1.63021201e+009 6.10132988e+008 2.61790112e+008 1.15266599e+008 5.24267092e+007 2.73573877e+007 1.69094814e+007 1.18492490e+007 7.00424363e+006 3.62068132e+006 2.26118012e+006
61417.54041667 0.000000 0.000000 0.000000 5.43112192e+013 4.90151022e+013 2.02677039e+013 6.71521083e+012 1.94281259e+012 7.97380079e+011 3.54443833e+011 1.06259080e+011 2.36382043e+010 5.43675996e+009 1.63021201e+009 6.10132988e+008 2.61790112e+008 1.15266599e+008 5.24267092e+007 2.73573877e+007 1.69094814e+007 1.18492490e+007 7.00424363e+006 3.62068132e+006 2.26118012e+006
61417.70241898 0.000000 0.000000 0.000000 5.43112192e+013 4.90151022e+013 2.02677039e+013 6.71521083e+012 1.94281259e+012 7.97380079e+011 3.54443833e+011 1.06259080e+011 2.36382043e+010 5.43675996e+009 1.63021201e+009 6.10132988e+008 2.61790112e+008 1.15266599e+008 5.24267092e+007 2.73573877e+007 1.69094814e+007 1.18492490e+007 7.00424363e+006 3.62068132e+006 2.26118012e+006
61417.86442130 0.000000 0.000000 0.000000 5.43112192e+013 4.90151022e+013 2.02677039e+013 6.71521083e+012 1.94281259e+012 7.97380079e+011 3.54443833e+011 1.06259080e+011 2.36382043e+010 5.43675996e+009 1.63021201e+009 6.10132988e+008 2.61790112e+008 1.15266599e+008 5.24267092e+007 2.73573877e+007 1.69094814e+007 1.18492490e+007 7.00424363e+006 3.62068132e+006 2.26118012e+006
61418.02642361 0.000000 0.000000 0.000000 5.43112192e+013 4.90151022e+013 2.02677039e+013 6.71521083e+012 1.94281259e+012 7.97380079e+011 3.54443833e+011 1.06259080e+011 2.36382043e+010 5.43675996e+009 1.63021201e+009 6.10132988e+008 2.61790112e+008 1.15266599e+008 5.24267092e+007 2.73573877e+007 1.69094814e+007 1.18492490e+007 7.00424363e+006 3.62068132e+006 2.26118012e+006
61418.18842593 0.000000 0.000000 0.000000 5.43113127e+013 4.90151612e+013 2.02677109e+013 6.71522979e+012 1.94281309e+012 7.97380091e+011 3.54443834e+011 1.06259081e+011 2.36382038e+010 5.43675966e+009 1.63021135e+009 6.10132893e+008 2.61790044e+008 1.15266599e+008 5.24267092e+007 2.73573877e+007 1.69094814e+007 1.18492490e+007 7.00424363e+006 3.62068132e+006 2.26118012e+006
61418.35042824 0.000000 0.000000 0.000000 5.58096665e+013 5.03061408e+013 2.07961617e+013 6.96344924e+012 2.00982664e+012 8.17859433e+011 3.61997264e+011 1.08433731e+011 2.42006577e+010 5.58933007e+009 1.68523512e+009 6.32549041e+008 2.71832409e+008 1.19910890e+008 5.48254205e+007 2.88022014e+007 1.79369068e+007 1.26532966e+007 7.55492969e+006 3.98550471e+006 2.53351975e+006
61418.51243056 0.000000 0.000000 0.000000 5.79733377e+013 5.28403180e+013 2.23889650e+013 8.07844451e+012 2.37115794e+012 9.76406722e+011 4.39334267e+011 1.33438453e+011 2.96467584e+010 6.79517576e+009 2.04804833e+009 7.61270510e+008 3.22311235e+008 1.40728660e+008 6.35411588e+007 3.30989569e+007 2.05286280e+007 1.45417410e+007 8.75734964e+006 4.73696241e+006 3.09789339e+006
61418.67443287 0.000000 0.000000 0.000000 5.84312704e+013 5.32656634e+013 2.25764376e+013 8.16393138e+012 2.39268484e+012 9.81922871e+011 4.41125454e+011 1.33896173e+011 2.97593717e+010 6.82757241e+009 2.06177937e+009 7.67444037e+008 3.25364003e+008 1.42264380e+008 6.43636165e+007 3.35827184e+007 2.08573898e+007 1.47904448e+007 8.92292829e+006 4.84125337e+006 3.17156931e+006
61418.83643519 0.000000 0.000000 0.000000 5.84312704e+013 5.32656634e+013 2.25764376e+013 8.16393138e+012 2.39268484e+012 9.81922871e+011 4.41125454e+011 1.33896173e+011 2.97593717e+010 6.82757241e+009 2.06177937e+009 7.67444037e+008 3.25364003e+008 1.42264380e+008 6.43636165e+007 3.35827184e+007 2.08573898e+007 1.47904448e+007 8.92292829e+006 4.84125337e+006 3.17156931e+006
61418.99843750 0.000000 0.000000 0.000000 5.84312704e+013 5.32656634e+013 2.25764376e+013 8.16393138e+012 2.39268484e+012 9.81922871e+011 4.41125454e+011 1.33896173e+011 2.97593717e+010 6.82757241e+009 2.06177937e+009 7.67444037e+008 3.25364003e+008 1.42264380e+008 6.43636165e+007 3.35827184e+007 2.08573898e+007 1.47904448e+007 8.92292829e+006 4.84125337e+006 3.17156931e+006
61419.16043981 0.000000 0.000000 0.000000 5.84312704e+013 5.32656634e+013 2.25764376e+013 8.16393138e+012 2.39268484e+012 9.81922871e+011 4.41125454e+011 1.33896173e+011 2.97593717e+010 6.82757241e+009 2.06177937e+009 7.67444037e+008 3.25364003e+008 1.42264380e+008 6.43636165e+007 3.35827184e+007 2.08573898e+007 1.47904448e+007 8.92292829e+006 4.84125337e+006 3.17156931e+006
61419.32244213 0.000000 0.000000 0.000000 5.84312704e+013 5.32656634e+013 2.25764376e+013 8.16393138e+012 2.39268484e+012 9.81922871e+011 4.41125454e+011 1.33896173e+011 2.97593717e+010 6.82757241e+009 2.06177937e+009 7.67444037e+008 3.25364003e+008 1.42264380e+008 6.43636165e+007 3.35827184e+007 2.08573898e+007 1.47904448e+007 8.92292829e+006 4.84125337e+006 3.17156931e+006
61419.48444444 0.000000 0.000000 0.000000 5.84312704e+013 5.32656634e+013 2.25764376e+013 8.16393138e+012 2.39268484e+012 9.81922871e+011 4.41125454e+011 1.33896173e+011 2.97593717e+010 6.82757241e+009 2.06177937e+009 7.67444037e+008 3.25364003e+008 1.42264380e+008 6.43636165e+007 3.35827184e+007 2.08573898e+007 1.47904448e+007 8.92292829e+006 4.84125337e+006 3.17156931e+006
61419.64644676 0.000000 0.000000 0.000000 5.84312704e+013 5.32656634e+013 2.25764376e+013 8.16393138e+012 2.39268484e+012 9.81922871e+011 4.41125454e+011 1.33896173e+011 2.97593717e+010 6.82757241e+009 2.06177937e+009 7.67444037e+008 3.25364003e+008 1.42264380e+008 6.43636165e+007 3.35827184e+007 2.08573898e+007 1.47904448e+007 8.92292829e+006 4.84125337e+006 3.17156931e+006
61419.80844907 0.000000 0.000000 0.000000 5.84312704e+013 5.32656634e+013 2.25764376e+013 8.16393138e+012 2.39268484e+012 9.81922871e+011 4.41125454e+011 1.33896173e+011 2.97593717e+010 6.82757241e+009 2.06177937e+009 7.67444037e+008 3.25364003e+008 1.42264380e+008 6.43636165e+007 3.35827184e+007 2.08573898e+007 1.47904448e+007 8.92292829e+006 4.84125337e+006 3.17156931e+006
61419.97045139 0.000000 0.000000 0.000000 5.84312704e+013 5.32656634e+013 2.25764376e+013 8.16393138e+012 2.39268484e+012 9.81922871e+011 4.41125454e+011 1.33896173e+011 2.97593717e+010 6.82757241e+009 2.06177937e+009 7.67444037e+008 3.25364003e+008 1.42264380e+008 6.43636165e+007 3.35827184e+007 2.08573898e+007 1.47904448e+007 8.92292829e+006 4.84125337e+006 3.17156931e+006
61420.13245370 0.000000 0.000000 0.000000 5.84312704e+013 5.32656634e+013 2.25764376e+013 8.16393138e+012 2.39268484e+012 9.81922871e+011 4.41125454e+011 1.33896173e+011 2.97593717e+010 6.82757241e+009 2.06177937e+009 7.67444037e+008 3.25364003e+008 1.42264380e+008 6.43636165e+007 3.35827184e+007 2.08573898e+007 1.47904448e+007 8.92292829e+006 4.84125337e+006 3.17156931e+006
61420.29445602 0.000000 0.000000 0.000000 5.84312704e+013 5.32656634e+013 2.25764376e+013 8.16393138e+012 2.39268484e+012 9.81922871e+011 4.41125454e+011 1.33896173e+011 2.97593717e+010 6.82757241e+009 2.06177937e+009 7.67444037e+008 3.25364003e+008 1.42264380e+008 6.43636165e+007 3.35827184e+007 2.08573898e+007 1.47904448e+007 8.92292829e+006 4.84125337e+006 3.17156931e+006
61420.45645833 0.000000 0.000000 0.000000 5.84312704e+013 5.32656634e+013 2.25764376e+013 8.16393138e+012 2.39268484e+012 9.81922871e+011 4.41125454e+011 1.33896173e+011 2.97593717e+010 6.82757241e+009 2.06177937e+009 7.67444037e+008 3.25364003e+008 1.42264380e+008 6.43636165e+007 3.35827184e+007 2.08573898e+007 1.47904448e+007 8.92292829e+006 4.84125337e+006 3.17156931e+006
61420.55915852 0.000000 0.000000 0.000000 5.84312704e+013 5.32656634e+013 2.25764376e+013 8.16393138e+012 2.39268484e+012 9.81922871e+011 4.41125454e+011 1.33896173e+011 2.97593717e+010 6.82757241e+009 2.06177937e+009 7.67444037e+008 3.25364003e+008 1.42264380e+008 6.43636165e+007 3.35827184e+007 2.08573898e+007 1.47904448e+007 8.92292829e+006 4.84125337e+006 3.17156931e+006
