# Ae9Ap9 Model output file: MoonBEAM_trajectory_trade/Rp18408_COM_8per90prop30inc_Sci.AE9.output_mc_fluenceIntv_073.txt
# Ae9Ap9 Software Version:  1.50.001
#
# Model type:               AE9
# Particle species:         e-
# Flux type:                1PtDiff
# Flux direction:           Omnidirectional
# Energy levels (MeV):       0.04 0.07 0.1 0.25 0.5 0.75 1 1.5 2 2.5 3 3.5 4 4.5 5 5.5 6 6.5 7 8.5 10
#
# Accumulation mode:        Interval, length = 16589 seconds (0.192002 days)
#
# Time format:              Modified Julian Date
# Coordinate system:        GEI (Geocentric Equatorial Inertial) Cartesian in km
# Data Delimiter:           space
#
# datetime(mjd),posx(km),posy(km),posz(km),fluence,fluence,fluence,fluence,fluence,fluence,fluence,fluence,fluence,fluence,fluence,fluence,fluence,fluence,fluence,fluence,fluence,fluence,fluence,fluence,fluence(#/cm^2/MeV)
61429.66149804 0.000000 0.000000 0.000000 0.00000000e+000 0.00000000e+000 0.00000000e+000 0.00000000e+000 0.00000000e+000 0.00000000e+000 0.00000000e+000 0.00000000e+000 0.00000000e+000 0.00000000e+000 0.00000000e+000 0.00000000e+000 0.00000000e+000 0.00000000e+000 0.00000000e+000 0.00000000e+000 0.00000000e+000 0.00000000e+000 0.00000000e+000 0.00000000e+000 0.00000000e+000
61429.85350036 0.000000 0.000000 0.000000 0.00000000e+000 0.00000000e+000 0.00000000e+000 0.00000000e+000 0.00000000e+000 0.00000000e+000 0.00000000e+000 0.00000000e+000 0.00000000e+000 0.00000000e+000 0.00000000e+000 0.00000000e+000 0.00000000e+000 0.00000000e+000 0.00000000e+000 0.00000000e+000 0.00000000e+000 0.00000000e+000 0.00000000e+000 0.00000000e+000 0.00000000e+000
61430.04550267 0.000000 0.000000 0.000000 0.00000000e+000 0.00000000e+000 0.00000000e+000 0.00000000e+000 0.00000000e+000 0.00000000e+000 0.00000000e+000 0.00000000e+000 0.00000000e+000 0.00000000e+000 0.00000000e+000 0.00000000e+000 0.00000000e+000 0.00000000e+000 0.00000000e+000 0.00000000e+000 0.00000000e+000 0.00000000e+000 0.00000000e+000 0.00000000e+000 0.00000000e+000
61430.23750499 0.000000 0.000000 0.000000 0.00000000e+000 0.00000000e+000 0.00000000e+000 0.00000000e+000 0.00000000e+000 0.00000000e+000 0.00000000e+000 0.00000000e+000 0.00000000e+000 0.00000000e+000 0.00000000e+000 0.00000000e+000 0.00000000e+000 0.00000000e+000 0.00000000e+000 0.00000000e+000 0.00000000e+000 0.00000000e+000 0.00000000e+000 0.00000000e+000 0.00000000e+000
61430.42950730 0.000000 0.000000 0.000000 0.00000000e+000 0.00000000e+000 0.00000000e+000 0.00000000e+000 0.00000000e+000 0.00000000e+000 0.00000000e+000 0.00000000e+000 0.00000000e+000 0.00000000e+000 0.00000000e+000 0.00000000e+000 0.00000000e+000 0.00000000e+000 0.00000000e+000 0.00000000e+000 0.00000000e+000 0.00000000e+000 0.00000000e+000 0.00000000e+000 0.00000000e+000
61430.62150962 0.000000 0.000000 0.000000 0.00000000e+000 0.00000000e+000 0.00000000e+000 0.00000000e+000 0.00000000e+000 0.00000000e+000 0.00000000e+000 0.00000000e+000 0.00000000e+000 0.00000000e+000 0.00000000e+000 0.00000000e+000 0.00000000e+000 0.00000000e+000 0.00000000e+000 0.00000000e+000 0.00000000e+000 0.00000000e+000 0.00000000e+000 0.00000000e+000 0.00000000e+000
61430.81351193 0.000000 0.000000 0.000000 0.00000000e+000 0.00000000e+000 0.00000000e+000 0.00000000e+000 0.00000000e+000 0.00000000e+000 0.00000000e+000 0.00000000e+000 0.00000000e+000 0.00000000e+000 0.00000000e+000 0.00000000e+000 0.00000000e+000 0.00000000e+000 0.00000000e+000 0.00000000e+000 0.00000000e+000 0.00000000e+000 0.00000000e+000 0.00000000e+000 0.00000000e+000
61431.00551425 0.000000 0.000000 0.000000 0.00000000e+000 0.00000000e+000 0.00000000e+000 0.00000000e+000 0.00000000e+000 0.00000000e+000 0.00000000e+000 0.00000000e+000 0.00000000e+000 0.00000000e+000 0.00000000e+000 0.00000000e+000 0.00000000e+000 0.00000000e+000 0.00000000e+000 0.00000000e+000 0.00000000e+000 0.00000000e+000 0.00000000e+000 0.00000000e+000 0.00000000e+000
61431.19751656 0.000000 0.000000 0.000000 0.00000000e+000 0.00000000e+000 0.00000000e+000 0.00000000e+000 0.00000000e+000 0.00000000e+000 0.00000000e+000 0.00000000e+000 0.00000000e+000 0.00000000e+000 0.00000000e+000 0.00000000e+000 0.00000000e+000 0.00000000e+000 0.00000000e+000 0.00000000e+000 0.00000000e+000 0.00000000e+000 0.00000000e+000 0.00000000e+000 0.00000000e+000
61431.38951888 0.000000 0.000000 0.000000 0.00000000e+000 0.00000000e+000 0.00000000e+000 0.00000000e+000 0.00000000e+000 0.00000000e+000 0.00000000e+000 0.00000000e+000 0.00000000e+000 0.00000000e+000 0.00000000e+000 0.00000000e+000 0.00000000e+000 0.00000000e+000 0.00000000e+000 0.00000000e+000 0.00000000e+000 0.00000000e+000 0.00000000e+000 0.00000000e+000 0.00000000e+000
61431.58152119 0.000000 0.000000 0.000000 5.57982496e+011 2.21769958e+011 2.52818152e+010 1.14338546e+008 5.43579826e+005 4.31687773e+004 5.93259813e+003 1.46528932e+003 4.98017829e+002 1.66183285e+002 5.14519643e+001 1.33258781e+001 3.22739664e+000 4.87394479e-001 8.12903798e-002 1.36600092e-002 1.86332528e-003 1.16553487e-003 5.38331139e-004 -7.56402686e-005 0.00000000e+000
61431.77352351 0.000000 0.000000 0.000000 2.55115698e+013 1.64137076e+013 4.76299317e+012 5.06814813e+011 1.73859413e+011 8.53361729e+010 5.46456860e+010 3.56038854e+010 1.42298910e+010 4.40183126e+009 1.68301896e+009 7.39606618e+008 3.38266885e+008 1.78426011e+008 9.62068673e+007 5.55746571e+007 3.16867449e+007 2.03540507e+007 1.18634092e+007 6.34908780e+006 4.11078134e+006
61431.96552582 0.000000 0.000000 0.000000 3.92308696e+013 2.35574332e+013 6.48649816e+012 5.80552645e+011 1.91434403e+011 9.43950277e+010 5.93272939e+010 3.82930577e+010 1.51067469e+010 4.59147845e+009 1.73603708e+009 7.58610984e+008 3.45831847e+008 1.81871145e+008 9.77075401e+007 5.62578287e+007 3.20202966e+007 2.05546205e+007 1.19694985e+007 6.39537714e+006 4.13698432e+006
61432.15752814 0.000000 0.000000 0.000000 3.92308696e+013 2.35574332e+013 6.48649816e+012 5.80552645e+011 1.91434403e+011 9.43950277e+010 5.93272939e+010 3.82930577e+010 1.51067469e+010 4.59147845e+009 1.73603708e+009 7.58610984e+008 3.45831847e+008 1.81871145e+008 9.77075401e+007 5.62578287e+007 3.20202966e+007 2.05546205e+007 1.19694985e+007 6.39537714e+006 4.13698432e+006
61432.34953045 0.000000 0.000000 0.000000 3.92308696e+013 2.35574332e+013 6.48649816e+012 5.80552645e+011 1.91434403e+011 9.43950277e+010 5.93272939e+010 3.82930577e+010 1.51067469e+010 4.59147845e+009 1.73603708e+009 7.58610984e+008 3.45831847e+008 1.81871145e+008 9.77075401e+007 5.62578287e+007 3.20202966e+007 2.05546205e+007 1.19694985e+007 6.39537714e+006 4.13698432e+006
61432.54153277 0.000000 0.000000 0.000000 3.92308696e+013 2.35574332e+013 6.48649816e+012 5.80552645e+011 1.91434403e+011 9.43950277e+010 5.93272939e+010 3.82930577e+010 1.51067469e+010 4.59147845e+009 1.73603708e+009 7.58610984e+008 3.45831847e+008 1.81871145e+008 9.77075401e+007 5.62578287e+007 3.20202966e+007 2.05546205e+007 1.19694985e+007 6.39537714e+006 4.13698432e+006
61432.73353508 0.000000 0.000000 0.000000 3.92308696e+013 2.35574332e+013 6.48649816e+012 5.80552645e+011 1.91434403e+011 9.43950277e+010 5.93272939e+010 3.82930577e+010 1.51067469e+010 4.59147845e+009 1.73603708e+009 7.58610984e+008 3.45831847e+008 1.81871145e+008 9.77075401e+007 5.62578287e+007 3.20202966e+007 2.05546205e+007 1.19694985e+007 6.39537714e+006 4.13698432e+006
61432.92553740 0.000000 0.000000 0.000000 3.92308696e+013 2.35574332e+013 6.48649816e+012 5.80552645e+011 1.91434403e+011 9.43950277e+010 5.93272939e+010 3.82930577e+010 1.51067469e+010 4.59147845e+009 1.73603708e+009 7.58610984e+008 3.45831847e+008 1.81871145e+008 9.77075401e+007 5.62578287e+007 3.20202966e+007 2.05546205e+007 1.19694985e+007 6.39537714e+006 4.13698432e+006
61433.11753971 0.000000 0.000000 0.000000 3.92308696e+013 2.35574332e+013 6.48649816e+012 5.80552645e+011 1.91434403e+011 9.43950277e+010 5.93272939e+010 3.82930577e+010 1.51067469e+010 4.59147845e+009 1.73603708e+009 7.58610984e+008 3.45831847e+008 1.81871145e+008 9.77075401e+007 5.62578287e+007 3.20202966e+007 2.05546205e+007 1.19694985e+007 6.39537714e+006 4.13698432e+006
61433.30954203 0.000000 0.000000 0.000000 3.92308696e+013 2.35574332e+013 6.48649816e+012 5.80552645e+011 1.91434403e+011 9.43950277e+010 5.93272939e+010 3.82930577e+010 1.51067469e+010 4.59147845e+009 1.73603708e+009 7.58610984e+008 3.45831847e+008 1.81871145e+008 9.77075401e+007 5.62578287e+007 3.20202966e+007 2.05546205e+007 1.19694985e+007 6.39537714e+006 4.13698432e+006
61433.50154434 0.000000 0.000000 0.000000 3.92308696e+013 2.35574332e+013 6.48649816e+012 5.80552645e+011 1.91434403e+011 9.43950277e+010 5.93272939e+010 3.82930577e+010 1.51067469e+010 4.59147845e+009 1.73603708e+009 7.58610984e+008 3.45831847e+008 1.81871145e+008 9.77075401e+007 5.62578287e+007 3.20202966e+007 2.05546205e+007 1.19694985e+007 6.39537714e+006 4.13698432e+006
61433.69354666 0.000000 0.000000 0.000000 3.92308696e+013 2.35574332e+013 6.48649816e+012 5.80552645e+011 1.91434403e+011 9.43950277e+010 5.93272939e+010 3.82930577e+010 1.51067469e+010 4.59147845e+009 1.73603708e+009 7.58610984e+008 3.45831847e+008 1.81871145e+008 9.77075401e+007 5.62578287e+007 3.20202966e+007 2.05546205e+007 1.19694985e+007 6.39537714e+006 4.13698432e+006
61433.88554897 0.000000 0.000000 0.000000 3.92308696e+013 2.35574332e+013 6.48649816e+012 5.80552645e+011 1.91434403e+011 9.43950277e+010 5.93272939e+010 3.82930577e+010 1.51067469e+010 4.59147845e+009 1.73603708e+009 7.58610984e+008 3.45831847e+008 1.81871145e+008 9.77075401e+007 5.62578287e+007 3.20202966e+007 2.05546205e+007 1.19694985e+007 6.39537714e+006 4.13698432e+006
61433.90511367 0.000000 0.000000 0.000000 3.92308696e+013 2.35574332e+013 6.48649816e+012 5.80552645e+011 1.91434403e+011 9.43950277e+010 5.93272939e+010 3.82930577e+010 1.51067469e+010 4.59147845e+009 1.73603708e+009 7.58610984e+008 3.45831847e+008 1.81871145e+008 9.77075401e+007 5.62578287e+007 3.20202966e+007 2.05546205e+007 1.19694985e+007 6.39537714e+006 4.13698432e+006
