# Ae9Ap9 Model output file: MoonBEAM_trajectory_trade/Rp18408_COM_8per90prop30inc_Tran.AE9.output_mc_fluxIntvAvg_conf_level_75.txt
# Ae9Ap9 Software Version:  1.50.001
#
# Model type:               AE9
# Particle species:         e-
# Flux type:                1PtDiff
# Flux direction:           Omnidirectional
# Energy levels (MeV):       0.04 0.07 0.1 0.25 0.5 0.75 1 1.5 2 2.5 3 3.5 4 4.5 5 5.5 6 6.5 7 8.5 10
#
# Accumulation mode:        Interval, length = 13997 seconds (0.162002 days)
#
# Aggregation Confidence Level:   75
# Scenarios in Aggregation (100): 001-100
#
# Time format:              Modified Julian Date
# Coordinate system:        GEI (Geocentric Equatorial Inertial) Cartesian in km
# Data Delimiter:           space
#
# datetime(mjd),posx(km),posy(km),posz(km),flux,flux,flux,flux,flux,flux,flux,flux,flux,flux,flux,flux,flux,flux,flux,flux,flux,flux,flux,flux,flux(#/cm^2/s/MeV)
61411.87033565 0.000000 0.000000 0.000000 9.02966139e+008 6.49448356e+008 2.49193963e+008 7.40073231e+007 2.16988923e+007 8.30588784e+006 3.61815348e+006 1.30345787e+006 4.22747407e+005 1.41884133e+005 5.01138306e+004 2.07922014e+004 8.71681568e+003 3.92084659e+003 1.61078795e+003 7.64939418e+002 4.07769009e+002 2.59642378e+002 1.47265358e+002 7.03291160e+001 4.33690568e+001
61412.03233796 0.000000 0.000000 0.000000 1.21081419e+009 8.76561005e+008 2.55502573e+008 5.06505488e+007 9.25301597e+006 2.67504562e+006 9.30170755e+005 2.99103752e+005 9.40828811e+004 2.56341798e+004 8.70911503e+003 3.33315406e+003 1.29998435e+003 6.12464519e+002 3.00682632e+002 1.60885004e+002 9.72858307e+001 6.67839117e+001 3.68920346e+001 1.67631735e+001 1.12878203e+001
61412.19434028 0.000000 0.000000 0.000000 3.95723727e+008 2.76651624e+008 1.03573241e+008 3.47494828e+007 1.12443631e+007 4.38355557e+006 1.98720608e+006 7.73195427e+005 2.41713317e+005 6.38814144e+004 2.12093445e+004 8.85937588e+003 3.84418519e+003 1.65314838e+003 7.14264004e+002 3.26128481e+002 1.71089300e+002 1.09257822e+002 6.21272894e+001 3.19177346e+001 1.95706146e+001
61412.35634259 0.000000 0.000000 0.000000 9.29733172e+008 6.37683027e+008 1.95712205e+008 4.18100478e+007 7.31550857e+006 2.43648238e+006 8.97518697e+005 2.84247817e+005 8.71548572e+004 2.38237344e+004 7.46932130e+003 2.89706857e+003 1.19632939e+003 5.35704978e+002 2.31876550e+002 1.07350634e+002 6.29535542e+001 4.03856976e+001 2.18604604e+001 1.10103665e+001 7.67887971e+000
61412.51834491 0.000000 0.000000 0.000000 8.61398710e+008 6.43258676e+008 1.86823673e+008 3.20026787e+007 2.63306193e+006 4.99939219e+005 1.18728862e+005 3.07137063e+004 7.14841802e+003 1.94220254e+003 7.67616785e+002 3.44931314e+002 1.76357545e+002 8.71914973e+001 4.42509013e+001 2.44032571e+001 1.64519766e+001 1.15477291e+001 6.76510253e+000 3.25803705e+000 2.16073407e+000
61412.68034722 0.000000 0.000000 0.000000 8.87530965e+008 6.39745775e+008 2.12903131e+008 6.46630600e+007 1.68128780e+007 6.67774503e+006 2.76835888e+006 9.91664190e+005 3.14830161e+005 1.05785057e+005 3.68266677e+004 1.44500302e+004 5.78748782e+003 2.44518487e+003 1.06637052e+003 4.82529313e+002 2.69371017e+002 1.83018623e+002 1.03300376e+002 5.24316203e+001 3.60855948e+001
61412.84234954 0.000000 0.000000 0.000000 7.70482473e+008 6.86388345e+008 3.22251069e+008 7.99594920e+007 1.59668385e+007 6.04578965e+006 2.55310254e+006 8.58220199e+005 2.64627082e+005 9.25343513e+004 3.59654837e+004 1.42739307e+004 5.84474203e+003 2.48573370e+003 1.11366393e+003 5.72633023e+002 3.21942159e+002 2.15799526e+002 1.29692451e+002 6.00962959e+001 4.40306410e+001
61413.00435185 0.000000 0.000000 0.000000 5.53329836e+008 3.99572293e+008 1.22610643e+008 2.14738725e+007 2.49782058e+006 5.39266525e+005 1.48239665e+005 4.37037139e+004 1.30013190e+004 3.60246100e+003 1.18953947e+003 4.81861347e+002 2.09989387e+002 9.49797865e+001 4.98464059e+001 2.81656808e+001 1.77863244e+001 1.21267406e+001 6.95204402e+000 3.75653704e+000 2.21014004e+000
61413.16635417 0.000000 0.000000 0.000000 7.18004411e+007 5.90660799e+007 1.45356845e+007 2.08918981e+006 1.24170750e+005 1.35012659e+004 2.63578541e+003 5.30935373e+002 1.23983704e+002 4.52147114e+001 1.97697165e+001 9.68282317e+000 5.60848921e+000 2.95291737e+000 1.62832366e+000 7.05482751e-001 4.05972246e-001 2.94103301e-001 1.59423204e-001 2.74353868e-002 3.92133597e-005
61413.32835648 0.000000 0.000000 0.000000 5.31106979e+008 3.46397448e+008 1.14113560e+008 1.66150834e+007 1.83893903e+006 3.05826683e+005 7.83911282e+004 1.98991372e+004 4.88911604e+003 1.35957134e+003 5.35886143e+002 2.53897372e+002 1.26666204e+002 5.80176262e+001 2.63442535e+001 1.56751195e+001 1.01768668e+001 7.29185489e+000 4.61205589e+000 2.25066048e+000 1.36842871e+000
61413.49035880 0.000000 0.000000 0.000000 7.00725548e+008 4.87678823e+008 1.91311403e+008 4.94641454e+007 1.13199345e+007 4.47411985e+006 1.88317120e+006 6.90465278e+005 2.23472195e+005 7.72075734e+004 2.74368671e+004 1.05214421e+004 4.15296905e+003 1.82914771e+003 7.07946621e+002 3.62387810e+002 2.16469852e+002 1.35564731e+002 7.35415555e+001 4.27651275e+001 3.20021945e+001
61413.65236111 0.000000 0.000000 0.000000 6.23126089e+008 4.74490120e+008 1.54588997e+008 3.29356087e+007 7.66895688e+006 2.92541995e+006 1.28388261e+006 5.09584672e+005 1.61075203e+005 5.27401947e+004 1.80450832e+004 8.00707465e+003 3.43230676e+003 1.52747450e+003 6.01080667e+002 2.54635465e+002 1.54024606e+002 1.03581530e+002 6.61919705e+001 3.43016957e+001 2.27417200e+001
61413.81436343 0.000000 0.000000 0.000000 3.24537327e+007 2.38643492e+007 6.16171640e+006 7.28832825e+005 6.05611058e+004 7.04125079e+003 1.60169740e+003 3.25586711e+002 7.28356954e+001 2.43769775e+001 1.19353165e+001 6.55958494e+000 3.61739271e+000 1.94343748e+000 1.02482595e+000 5.44813057e-001 3.70900811e-001 2.61684520e-001 1.58645506e-001 6.71909153e-002 2.65279123e-002
61413.97636574 0.000000 0.000000 0.000000 0.00000000e+000 0.00000000e+000 0.00000000e+000 0.00000000e+000 0.00000000e+000 0.00000000e+000 0.00000000e+000 0.00000000e+000 0.00000000e+000 0.00000000e+000 0.00000000e+000 0.00000000e+000 0.00000000e+000 0.00000000e+000 0.00000000e+000 0.00000000e+000 0.00000000e+000 0.00000000e+000 0.00000000e+000 0.00000000e+000 0.00000000e+000
61414.13836806 0.000000 0.000000 0.000000 0.00000000e+000 0.00000000e+000 0.00000000e+000 0.00000000e+000 0.00000000e+000 0.00000000e+000 0.00000000e+000 0.00000000e+000 0.00000000e+000 0.00000000e+000 0.00000000e+000 0.00000000e+000 0.00000000e+000 0.00000000e+000 0.00000000e+000 0.00000000e+000 0.00000000e+000 0.00000000e+000 0.00000000e+000 0.00000000e+000 0.00000000e+000
61414.30037037 0.000000 0.000000 0.000000 7.98880632e+007 6.02138927e+007 1.69008555e+007 2.27554759e+006 2.01027200e+005 2.66952301e+004 5.35844737e+003 1.15347549e+003 2.50540023e+002 7.36866478e+001 3.23966740e+001 1.57099637e+001 8.67362499e+000 4.74049104e+000 2.60180607e+000 1.34712677e+000 8.01750917e-001 5.95343893e-001 3.55616700e-001 1.22968459e-001 2.55672344e-002
61414.46237269 0.000000 0.000000 0.000000 5.80512564e+008 4.73243654e+008 1.49101190e+008 3.25327648e+007 8.58511284e+006 3.28143311e+006 1.42010997e+006 5.54965206e+005 1.74008250e+005 4.82556055e+004 1.77755156e+004 8.29021985e+003 3.51382464e+003 1.50369555e+003 6.36712258e+002 2.98801283e+002 1.58691445e+002 1.08374791e+002 6.28810201e+001 3.33287429e+001 2.37982533e+001
61414.62437500 0.000000 0.000000 0.000000 6.61411047e+008 4.97706681e+008 1.84152059e+008 3.45469057e+007 7.49097588e+006 2.63045002e+006 1.11837284e+006 4.23209999e+005 1.39358123e+005 4.37539352e+004 1.50039253e+004 5.55623823e+003 2.48485244e+003 1.14031298e+003 4.78791560e+002 2.43256535e+002 1.31958176e+002 8.89703645e+001 5.41371791e+001 3.24738523e+001 2.31908214e+001
61414.78637731 0.000000 0.000000 0.000000 6.94325262e+007 5.35174391e+007 1.76343403e+007 2.08062729e+006 1.92606137e+005 2.72436951e+004 6.35230305e+003 1.30001370e+003 2.72560643e+002 7.28191174e+001 3.28122080e+001 1.78269178e+001 1.00228003e+001 5.37601935e+000 2.92808835e+000 1.60160048e+000 1.04898713e+000 7.50083652e-001 4.30632371e-001 2.07454563e-001 9.95391341e-002
61414.94837963 0.000000 0.000000 0.000000 0.00000000e+000 0.00000000e+000 0.00000000e+000 0.00000000e+000 0.00000000e+000 0.00000000e+000 0.00000000e+000 0.00000000e+000 0.00000000e+000 0.00000000e+000 0.00000000e+000 0.00000000e+000 0.00000000e+000 0.00000000e+000 0.00000000e+000 0.00000000e+000 0.00000000e+000 0.00000000e+000 0.00000000e+000 0.00000000e+000 0.00000000e+000
61415.11038194 0.000000 0.000000 0.000000 0.00000000e+000 0.00000000e+000 0.00000000e+000 0.00000000e+000 0.00000000e+000 0.00000000e+000 0.00000000e+000 0.00000000e+000 0.00000000e+000 0.00000000e+000 0.00000000e+000 0.00000000e+000 0.00000000e+000 0.00000000e+000 0.00000000e+000 0.00000000e+000 0.00000000e+000 0.00000000e+000 0.00000000e+000 0.00000000e+000 0.00000000e+000
61415.27238426 0.000000 0.000000 0.000000 0.00000000e+000 0.00000000e+000 0.00000000e+000 0.00000000e+000 0.00000000e+000 0.00000000e+000 0.00000000e+000 0.00000000e+000 0.00000000e+000 0.00000000e+000 0.00000000e+000 0.00000000e+000 0.00000000e+000 0.00000000e+000 0.00000000e+000 0.00000000e+000 0.00000000e+000 0.00000000e+000 0.00000000e+000 0.00000000e+000 0.00000000e+000
61415.43438657 0.000000 0.000000 0.000000 0.00000000e+000 0.00000000e+000 0.00000000e+000 0.00000000e+000 0.00000000e+000 0.00000000e+000 0.00000000e+000 0.00000000e+000 0.00000000e+000 0.00000000e+000 0.00000000e+000 0.00000000e+000 0.00000000e+000 0.00000000e+000 0.00000000e+000 0.00000000e+000 0.00000000e+000 0.00000000e+000 0.00000000e+000 0.00000000e+000 0.00000000e+000
61415.59638889 0.000000 0.000000 0.000000 0.00000000e+000 0.00000000e+000 0.00000000e+000 0.00000000e+000 0.00000000e+000 0.00000000e+000 0.00000000e+000 0.00000000e+000 0.00000000e+000 0.00000000e+000 0.00000000e+000 0.00000000e+000 0.00000000e+000 0.00000000e+000 0.00000000e+000 0.00000000e+000 0.00000000e+000 0.00000000e+000 0.00000000e+000 0.00000000e+000 0.00000000e+000
61415.75839120 0.000000 0.000000 0.000000 6.85869142e+006 4.94707332e+006 1.17475388e+006 9.45364786e+004 4.89820478e+003 6.64151412e+002 1.48328538e+002 3.32089297e+001 8.72516963e+000 2.80228164e+000 1.30945004e+000 5.79106914e-001 3.23541954e-001 1.26012961e-001 6.41241402e-002 1.29446639e-002 0.00000000e+000 0.00000000e+000 0.00000000e+000 0.00000000e+000 0.00000000e+000
61415.92039352 0.000000 0.000000 0.000000 3.97730168e+008 2.77439073e+008 8.82236007e+007 1.62411417e+007 3.41338152e+006 1.04271437e+006 3.62484121e+005 1.18451411e+005 3.37412752e+004 7.95525879e+003 2.79689654e+003 1.12167843e+003 4.67713610e+002 2.18711038e+002 1.05129348e+002 5.29042583e+001 3.09769613e+001 2.06050442e+001 1.27202802e+001 6.77023677e+000 4.09661503e+000
61416.08239583 0.000000 0.000000 0.000000 5.27210468e+008 4.27141678e+008 1.70972979e+008 3.75187248e+007 8.67417217e+006 2.88404986e+006 1.31117537e+006 4.98839865e+005 1.55488485e+005 3.91418552e+004 1.23469922e+004 5.86167366e+003 2.52133866e+003 1.17976936e+003 5.26618776e+002 2.53697712e+002 1.45103923e+002 1.01314182e+002 5.75377766e+001 3.05851025e+001 1.98514446e+001
61416.24439815 0.000000 0.000000 0.000000 7.64513395e+007 5.47840836e+007 1.52512765e+007 1.80938839e+006 1.44769457e+005 1.93605528e+004 3.98849539e+003 8.81638369e+002 1.93916390e+002 7.17249409e+001 3.14270424e+001 1.55429612e+001 9.41187411e+000 5.46592469e+000 2.83981693e+000 1.53729630e+000 1.04244952e+000 8.05669569e-001 4.41948681e-001 1.88320328e-001 8.87445401e-002
61416.40640046 0.000000 0.000000 0.000000 0.00000000e+000 0.00000000e+000 0.00000000e+000 0.00000000e+000 0.00000000e+000 0.00000000e+000 0.00000000e+000 0.00000000e+000 0.00000000e+000 0.00000000e+000 0.00000000e+000 0.00000000e+000 0.00000000e+000 0.00000000e+000 0.00000000e+000 0.00000000e+000 0.00000000e+000 0.00000000e+000 0.00000000e+000 0.00000000e+000 0.00000000e+000
61416.56840278 0.000000 0.000000 0.000000 0.00000000e+000 0.00000000e+000 0.00000000e+000 0.00000000e+000 0.00000000e+000 0.00000000e+000 0.00000000e+000 0.00000000e+000 0.00000000e+000 0.00000000e+000 0.00000000e+000 0.00000000e+000 0.00000000e+000 0.00000000e+000 0.00000000e+000 0.00000000e+000 0.00000000e+000 0.00000000e+000 0.00000000e+000 0.00000000e+000 0.00000000e+000
61416.73040509 0.000000 0.000000 0.000000 0.00000000e+000 0.00000000e+000 0.00000000e+000 0.00000000e+000 0.00000000e+000 0.00000000e+000 0.00000000e+000 0.00000000e+000 0.00000000e+000 0.00000000e+000 0.00000000e+000 0.00000000e+000 0.00000000e+000 0.00000000e+000 0.00000000e+000 0.00000000e+000 0.00000000e+000 0.00000000e+000 0.00000000e+000 0.00000000e+000 0.00000000e+000
61416.89240741 0.000000 0.000000 0.000000 0.00000000e+000 0.00000000e+000 0.00000000e+000 0.00000000e+000 0.00000000e+000 0.00000000e+000 0.00000000e+000 0.00000000e+000 0.00000000e+000 0.00000000e+000 0.00000000e+000 0.00000000e+000 0.00000000e+000 0.00000000e+000 0.00000000e+000 0.00000000e+000 0.00000000e+000 0.00000000e+000 0.00000000e+000 0.00000000e+000 0.00000000e+000
61417.05440972 0.000000 0.000000 0.000000 0.00000000e+000 0.00000000e+000 0.00000000e+000 0.00000000e+000 0.00000000e+000 0.00000000e+000 0.00000000e+000 0.00000000e+000 0.00000000e+000 0.00000000e+000 0.00000000e+000 0.00000000e+000 0.00000000e+000 0.00000000e+000 0.00000000e+000 0.00000000e+000 0.00000000e+000 0.00000000e+000 0.00000000e+000 0.00000000e+000 0.00000000e+000
61417.21641204 0.000000 0.000000 0.000000 0.00000000e+000 0.00000000e+000 0.00000000e+000 0.00000000e+000 0.00000000e+000 0.00000000e+000 0.00000000e+000 0.00000000e+000 0.00000000e+000 0.00000000e+000 0.00000000e+000 0.00000000e+000 0.00000000e+000 0.00000000e+000 0.00000000e+000 0.00000000e+000 0.00000000e+000 0.00000000e+000 0.00000000e+000 0.00000000e+000 0.00000000e+000
61417.37841435 0.000000 0.000000 0.000000 0.00000000e+000 0.00000000e+000 0.00000000e+000 0.00000000e+000 0.00000000e+000 0.00000000e+000 0.00000000e+000 0.00000000e+000 0.00000000e+000 0.00000000e+000 0.00000000e+000 0.00000000e+000 0.00000000e+000 0.00000000e+000 0.00000000e+000 0.00000000e+000 0.00000000e+000 0.00000000e+000 0.00000000e+000 0.00000000e+000 0.00000000e+000
61417.54041667 0.000000 0.000000 0.000000 0.00000000e+000 0.00000000e+000 0.00000000e+000 0.00000000e+000 0.00000000e+000 0.00000000e+000 0.00000000e+000 0.00000000e+000 0.00000000e+000 0.00000000e+000 0.00000000e+000 0.00000000e+000 0.00000000e+000 0.00000000e+000 0.00000000e+000 0.00000000e+000 0.00000000e+000 0.00000000e+000 0.00000000e+000 0.00000000e+000 0.00000000e+000
61417.70241898 0.000000 0.000000 0.000000 0.00000000e+000 0.00000000e+000 0.00000000e+000 0.00000000e+000 0.00000000e+000 0.00000000e+000 0.00000000e+000 0.00000000e+000 0.00000000e+000 0.00000000e+000 0.00000000e+000 0.00000000e+000 0.00000000e+000 0.00000000e+000 0.00000000e+000 0.00000000e+000 0.00000000e+000 0.00000000e+000 0.00000000e+000 0.00000000e+000 0.00000000e+000
61417.86442130 0.000000 0.000000 0.000000 0.00000000e+000 0.00000000e+000 0.00000000e+000 0.00000000e+000 0.00000000e+000 0.00000000e+000 0.00000000e+000 0.00000000e+000 0.00000000e+000 0.00000000e+000 0.00000000e+000 0.00000000e+000 0.00000000e+000 0.00000000e+000 0.00000000e+000 0.00000000e+000 0.00000000e+000 0.00000000e+000 0.00000000e+000 0.00000000e+000 0.00000000e+000
61418.02642361 0.000000 0.000000 0.000000 0.00000000e+000 0.00000000e+000 0.00000000e+000 0.00000000e+000 0.00000000e+000 0.00000000e+000 0.00000000e+000 0.00000000e+000 0.00000000e+000 0.00000000e+000 0.00000000e+000 0.00000000e+000 0.00000000e+000 0.00000000e+000 0.00000000e+000 0.00000000e+000 0.00000000e+000 0.00000000e+000 0.00000000e+000 0.00000000e+000 0.00000000e+000
61418.18842593 0.000000 0.000000 0.000000 1.14554208e+004 7.63915001e+003 1.12182817e+003 1.09425460e+002 5.10026428e+000 4.52507659e-001 1.32521539e-001 3.72538815e-002 7.57581863e-003 2.26864582e-003 0.00000000e+000 0.00000000e+000 0.00000000e+000 0.00000000e+000 0.00000000e+000 0.00000000e+000 0.00000000e+000 0.00000000e+000 0.00000000e+000 0.00000000e+000 0.00000000e+000
61418.35042824 0.000000 0.000000 0.000000 4.10305754e+008 2.70545591e+008 7.40940236e+007 1.32620588e+007 1.90311959e+006 4.77192518e+005 1.45066575e+005 4.12270802e+004 1.12597849e+004 3.55656204e+003 1.19166566e+003 4.76626558e+002 2.11181032e+002 9.80442712e+001 4.93179604e+001 2.68462133e+001 1.71000097e+001 1.21275072e+001 7.14880579e+000 3.45596771e+000 2.32875522e+000
61418.51243056 0.000000 0.000000 0.000000 6.33000828e+008 4.79057151e+008 2.08604362e+008 5.60204354e+007 1.41619584e+007 5.05898634e+006 2.26890384e+006 7.13166834e+005 2.64511742e+005 7.49103731e+004 2.55427637e+004 9.22750249e+003 3.97692814e+003 1.77606432e+003 7.27292498e+002 3.72714242e+002 2.02257106e+002 1.34320618e+002 8.06603409e+001 4.05114294e+001 2.52583886e+001
61418.67443287 0.000000 0.000000 0.000000 2.61261879e+008 1.73846172e+008 4.53957039e+007 6.94965407e+006 8.77474106e+005 1.75019431e+005 5.21351965e+004 1.22688254e+004 3.35956808e+003 8.58183453e+002 3.32484749e+002 1.42460366e+002 7.47444457e+001 3.60608247e+001 1.88053290e+001 9.96664830e+000 6.45061336e+000 4.28029471e+000 2.60258281e+000 1.41799004e+000 9.55454612e-001
61418.83643519 0.000000 0.000000 0.000000 0.00000000e+000 0.00000000e+000 0.00000000e+000 0.00000000e+000 0.00000000e+000 0.00000000e+000 0.00000000e+000 0.00000000e+000 0.00000000e+000 0.00000000e+000 0.00000000e+000 0.00000000e+000 0.00000000e+000 0.00000000e+000 0.00000000e+000 0.00000000e+000 0.00000000e+000 0.00000000e+000 0.00000000e+000 0.00000000e+000 0.00000000e+000
61418.99843750 0.000000 0.000000 0.000000 0.00000000e+000 0.00000000e+000 0.00000000e+000 0.00000000e+000 0.00000000e+000 0.00000000e+000 0.00000000e+000 0.00000000e+000 0.00000000e+000 0.00000000e+000 0.00000000e+000 0.00000000e+000 0.00000000e+000 0.00000000e+000 0.00000000e+000 0.00000000e+000 0.00000000e+000 0.00000000e+000 0.00000000e+000 0.00000000e+000 0.00000000e+000
61419.16043981 0.000000 0.000000 0.000000 0.00000000e+000 0.00000000e+000 0.00000000e+000 0.00000000e+000 0.00000000e+000 0.00000000e+000 0.00000000e+000 0.00000000e+000 0.00000000e+000 0.00000000e+000 0.00000000e+000 0.00000000e+000 0.00000000e+000 0.00000000e+000 0.00000000e+000 0.00000000e+000 0.00000000e+000 0.00000000e+000 0.00000000e+000 0.00000000e+000 0.00000000e+000
61419.32244213 0.000000 0.000000 0.000000 0.00000000e+000 0.00000000e+000 0.00000000e+000 0.00000000e+000 0.00000000e+000 0.00000000e+000 0.00000000e+000 0.00000000e+000 0.00000000e+000 0.00000000e+000 0.00000000e+000 0.00000000e+000 0.00000000e+000 0.00000000e+000 0.00000000e+000 0.00000000e+000 0.00000000e+000 0.00000000e+000 0.00000000e+000 0.00000000e+000 0.00000000e+000
61419.48444444 0.000000 0.000000 0.000000 0.00000000e+000 0.00000000e+000 0.00000000e+000 0.00000000e+000 0.00000000e+000 0.00000000e+000 0.00000000e+000 0.00000000e+000 0.00000000e+000 0.00000000e+000 0.00000000e+000 0.00000000e+000 0.00000000e+000 0.00000000e+000 0.00000000e+000 0.00000000e+000 0.00000000e+000 0.00000000e+000 0.00000000e+000 0.00000000e+000 0.00000000e+000
61419.64644676 0.000000 0.000000 0.000000 0.00000000e+000 0.00000000e+000 0.00000000e+000 0.00000000e+000 0.00000000e+000 0.00000000e+000 0.00000000e+000 0.00000000e+000 0.00000000e+000 0.00000000e+000 0.00000000e+000 0.00000000e+000 0.00000000e+000 0.00000000e+000 0.00000000e+000 0.00000000e+000 0.00000000e+000 0.00000000e+000 0.00000000e+000 0.00000000e+000 0.00000000e+000
61419.80844907 0.000000 0.000000 0.000000 0.00000000e+000 0.00000000e+000 0.00000000e+000 0.00000000e+000 0.00000000e+000 0.00000000e+000 0.00000000e+000 0.00000000e+000 0.00000000e+000 0.00000000e+000 0.00000000e+000 0.00000000e+000 0.00000000e+000 0.00000000e+000 0.00000000e+000 0.00000000e+000 0.00000000e+000 0.00000000e+000 0.00000000e+000 0.00000000e+000 0.00000000e+000
61419.97045139 0.000000 0.000000 0.000000 0.00000000e+000 0.00000000e+000 0.00000000e+000 0.00000000e+000 0.00000000e+000 0.00000000e+000 0.00000000e+000 0.00000000e+000 0.00000000e+000 0.00000000e+000 0.00000000e+000 0.00000000e+000 0.00000000e+000 0.00000000e+000 0.00000000e+000 0.00000000e+000 0.00000000e+000 0.00000000e+000 0.00000000e+000 0.00000000e+000 0.00000000e+000
61420.13245370 0.000000 0.000000 0.000000 0.00000000e+000 0.00000000e+000 0.00000000e+000 0.00000000e+000 0.00000000e+000 0.00000000e+000 0.00000000e+000 0.00000000e+000 0.00000000e+000 0.00000000e+000 0.00000000e+000 0.00000000e+000 0.00000000e+000 0.00000000e+000 0.00000000e+000 0.00000000e+000 0.00000000e+000 0.00000000e+000 0.00000000e+000 0.00000000e+000 0.00000000e+000
61420.29445602 0.000000 0.000000 0.000000 0.00000000e+000 0.00000000e+000 0.00000000e+000 0.00000000e+000 0.00000000e+000 0.00000000e+000 0.00000000e+000 0.00000000e+000 0.00000000e+000 0.00000000e+000 0.00000000e+000 0.00000000e+000 0.00000000e+000 0.00000000e+000 0.00000000e+000 0.00000000e+000 0.00000000e+000 0.00000000e+000 0.00000000e+000 0.00000000e+000 0.00000000e+000
61420.45645833 0.000000 0.000000 0.000000 0.00000000e+000 0.00000000e+000 0.00000000e+000 0.00000000e+000 0.00000000e+000 0.00000000e+000 0.00000000e+000 0.00000000e+000 0.00000000e+000 0.00000000e+000 0.00000000e+000 0.00000000e+000 0.00000000e+000 0.00000000e+000 0.00000000e+000 0.00000000e+000 0.00000000e+000 0.00000000e+000 0.00000000e+000 0.00000000e+000 0.00000000e+000
61420.55915852 0.000000 0.000000 0.000000 0.00000000e+000 0.00000000e+000 0.00000000e+000 0.00000000e+000 0.00000000e+000 0.00000000e+000 0.00000000e+000 0.00000000e+000 0.00000000e+000 0.00000000e+000 0.00000000e+000 0.00000000e+000 0.00000000e+000 0.00000000e+000 0.00000000e+000 0.00000000e+000 0.00000000e+000 0.00000000e+000 0.00000000e+000 0.00000000e+000 0.00000000e+000
