# Ae9Ap9 Model output file: MoonBEAM_trajectory_trade/Rp18408_COM_8per90prop30inc_Sci.AP9.output_mc_flux_031.txt
# Ae9Ap9 Software Version:  1.50.001
#
# Model type:               AP9
# Particle species:         H+
# Flux type:                1PtDiff
# Flux direction:           Omnidirectional
# Energy levels (MeV):       0.1 0.2 0.4 0.6 0.8 1 2 4 6 8 10 15 20 30 50 60 80 100 150 200 300 400 700 1200 2000
#
# Time format:              Modified Julian Date
# Coordinate system:        GEI (Geocentric Equatorial Inertial) Cartesian in km
# Data Delimiter:           space
#
# datetime(mjd),posx(km),posy(km),posz(km),flux,flux,flux,flux,flux,flux,flux,flux,flux,flux,flux,flux,flux,flux,flux,flux,flux,flux,flux,flux,flux,flux,flux,flux,flux(#/cm^2/s/MeV)
61429.46949573 -304181.640280 -80019.908149 -48268.149155 0.00000000e+000 0.00000000e+000 0.00000000e+000 0.00000000e+000 0.00000000e+000 0.00000000e+000 0.00000000e+000 0.00000000e+000 0.00000000e+000 0.00000000e+000 0.00000000e+000 0.00000000e+000 0.00000000e+000 0.00000000e+000 0.00000000e+000 0.00000000e+000 0.00000000e+000 0.00000000e+000 0.00000000e+000 0.00000000e+000 0.00000000e+000 0.00000000e+000 0.00000000e+000 0.00000000e+000 0.00000000e+000
61429.66048586 -288432.736372 -81391.796844 -48968.293303 0.00000000e+000 0.00000000e+000 0.00000000e+000 0.00000000e+000 0.00000000e+000 0.00000000e+000 0.00000000e+000 0.00000000e+000 0.00000000e+000 0.00000000e+000 0.00000000e+000 0.00000000e+000 0.00000000e+000 0.00000000e+000 0.00000000e+000 0.00000000e+000 0.00000000e+000 0.00000000e+000 0.00000000e+000 0.00000000e+000 0.00000000e+000 0.00000000e+000 0.00000000e+000 0.00000000e+000 0.00000000e+000
61429.83554417 -273010.020262 -82357.483670 -49436.342914 0.00000000e+000 0.00000000e+000 0.00000000e+000 0.00000000e+000 0.00000000e+000 0.00000000e+000 0.00000000e+000 0.00000000e+000 0.00000000e+000 0.00000000e+000 0.00000000e+000 0.00000000e+000 0.00000000e+000 0.00000000e+000 0.00000000e+000 0.00000000e+000 0.00000000e+000 0.00000000e+000 0.00000000e+000 0.00000000e+000 0.00000000e+000 0.00000000e+000 0.00000000e+000 0.00000000e+000 0.00000000e+000
61429.99606503 -257962.515504 -82957.629171 -49695.942067 0.00000000e+000 0.00000000e+000 0.00000000e+000 0.00000000e+000 0.00000000e+000 0.00000000e+000 0.00000000e+000 0.00000000e+000 0.00000000e+000 0.00000000e+000 0.00000000e+000 0.00000000e+000 0.00000000e+000 0.00000000e+000 0.00000000e+000 0.00000000e+000 0.00000000e+000 0.00000000e+000 0.00000000e+000 0.00000000e+000 0.00000000e+000 0.00000000e+000 0.00000000e+000 0.00000000e+000 0.00000000e+000
61430.14332375 -243325.313087 -83229.370856 -49768.584099 0.00000000e+000 0.00000000e+000 0.00000000e+000 0.00000000e+000 0.00000000e+000 0.00000000e+000 0.00000000e+000 0.00000000e+000 0.00000000e+000 0.00000000e+000 0.00000000e+000 0.00000000e+000 0.00000000e+000 0.00000000e+000 0.00000000e+000 0.00000000e+000 0.00000000e+000 0.00000000e+000 0.00000000e+000 0.00000000e+000 0.00000000e+000 0.00000000e+000 0.00000000e+000 0.00000000e+000 0.00000000e+000
61430.27841426 -229129.707830 -83206.426949 -49673.748906 0.00000000e+000 0.00000000e+000 0.00000000e+000 0.00000000e+000 0.00000000e+000 0.00000000e+000 0.00000000e+000 0.00000000e+000 0.00000000e+000 0.00000000e+000 0.00000000e+000 0.00000000e+000 0.00000000e+000 0.00000000e+000 0.00000000e+000 0.00000000e+000 0.00000000e+000 0.00000000e+000 0.00000000e+000 0.00000000e+000 0.00000000e+000 0.00000000e+000 0.00000000e+000 0.00000000e+000 0.00000000e+000
61430.40228940 -215403.737884 -82919.837530 -49429.352360 0.00000000e+000 0.00000000e+000 0.00000000e+000 0.00000000e+000 0.00000000e+000 0.00000000e+000 0.00000000e+000 0.00000000e+000 0.00000000e+000 0.00000000e+000 0.00000000e+000 0.00000000e+000 0.00000000e+000 0.00000000e+000 0.00000000e+000 0.00000000e+000 0.00000000e+000 0.00000000e+000 0.00000000e+000 0.00000000e+000 0.00000000e+000 0.00000000e+000 0.00000000e+000 0.00000000e+000 0.00000000e+000
61430.51580883 -202170.399177 -82398.415302 -49052.011790 0.00000000e+000 0.00000000e+000 0.00000000e+000 0.00000000e+000 0.00000000e+000 0.00000000e+000 0.00000000e+000 0.00000000e+000 0.00000000e+000 0.00000000e+000 0.00000000e+000 0.00000000e+000 0.00000000e+000 0.00000000e+000 0.00000000e+000 0.00000000e+000 0.00000000e+000 0.00000000e+000 0.00000000e+000 0.00000000e+000 0.00000000e+000 0.00000000e+000 0.00000000e+000 0.00000000e+000 0.00000000e+000
61430.61977333 -189445.885593 -81668.859664 -48557.111969 0.00000000e+000 0.00000000e+000 0.00000000e+000 0.00000000e+000 0.00000000e+000 0.00000000e+000 0.00000000e+000 0.00000000e+000 0.00000000e+000 0.00000000e+000 0.00000000e+000 0.00000000e+000 0.00000000e+000 0.00000000e+000 0.00000000e+000 0.00000000e+000 0.00000000e+000 0.00000000e+000 0.00000000e+000 0.00000000e+000 0.00000000e+000 0.00000000e+000 0.00000000e+000 0.00000000e+000 0.00000000e+000
61430.71493913 -177239.203290 -80755.717461 -47958.784592 0.00000000e+000 0.00000000e+000 0.00000000e+000 0.00000000e+000 0.00000000e+000 0.00000000e+000 0.00000000e+000 0.00000000e+000 0.00000000e+000 0.00000000e+000 0.00000000e+000 0.00000000e+000 0.00000000e+000 0.00000000e+000 0.00000000e+000 0.00000000e+000 0.00000000e+000 0.00000000e+000 0.00000000e+000 0.00000000e+000 0.00000000e+000 0.00000000e+000 0.00000000e+000 0.00000000e+000 0.00000000e+000
61430.80201861 -165553.095089 -79681.378917 -47269.910770 0.00000000e+000 0.00000000e+000 0.00000000e+000 0.00000000e+000 0.00000000e+000 0.00000000e+000 0.00000000e+000 0.00000000e+000 0.00000000e+000 0.00000000e+000 0.00000000e+000 0.00000000e+000 0.00000000e+000 0.00000000e+000 0.00000000e+000 0.00000000e+000 0.00000000e+000 0.00000000e+000 0.00000000e+000 0.00000000e+000 0.00000000e+000 0.00000000e+000 0.00000000e+000 0.00000000e+000 0.00000000e+000
61430.88167676 -154385.502613 -78466.176697 -46502.183187 0.00000000e+000 0.00000000e+000 0.00000000e+000 0.00000000e+000 0.00000000e+000 0.00000000e+000 0.00000000e+000 0.00000000e+000 0.00000000e+000 0.00000000e+000 0.00000000e+000 0.00000000e+000 0.00000000e+000 0.00000000e+000 0.00000000e+000 0.00000000e+000 0.00000000e+000 0.00000000e+000 0.00000000e+000 0.00000000e+000 0.00000000e+000 0.00000000e+000 0.00000000e+000 0.00000000e+000 0.00000000e+000
61430.95453120 -143730.591781 -77128.516026 -45666.182304 0.00000000e+000 0.00000000e+000 0.00000000e+000 0.00000000e+000 0.00000000e+000 0.00000000e+000 0.00000000e+000 0.00000000e+000 0.00000000e+000 0.00000000e+000 0.00000000e+000 0.00000000e+000 0.00000000e+000 0.00000000e+000 0.00000000e+000 0.00000000e+000 0.00000000e+000 0.00000000e+000 0.00000000e+000 0.00000000e+000 0.00000000e+000 0.00000000e+000 0.00000000e+000 0.00000000e+000 0.00000000e+000
61431.02115235 -133579.751094 -75685.045112 -44771.475483 0.00000000e+000 0.00000000e+000 0.00000000e+000 0.00000000e+000 0.00000000e+000 0.00000000e+000 0.00000000e+000 0.00000000e+000 0.00000000e+000 0.00000000e+000 0.00000000e+000 0.00000000e+000 0.00000000e+000 0.00000000e+000 0.00000000e+000 0.00000000e+000 0.00000000e+000 0.00000000e+000 0.00000000e+000 0.00000000e+000 0.00000000e+000 0.00000000e+000 0.00000000e+000 0.00000000e+000 0.00000000e+000
61431.08206661 -123922.090855 -74150.787180 -43826.691445 0.00000000e+000 0.00000000e+000 0.00000000e+000 0.00000000e+000 0.00000000e+000 0.00000000e+000 0.00000000e+000 0.00000000e+000 0.00000000e+000 0.00000000e+000 0.00000000e+000 0.00000000e+000 0.00000000e+000 0.00000000e+000 0.00000000e+000 0.00000000e+000 0.00000000e+000 0.00000000e+000 0.00000000e+000 0.00000000e+000 0.00000000e+000 0.00000000e+000 0.00000000e+000 0.00000000e+000 0.00000000e+000
61431.13775961 -114744.842966 -72539.255136 -42839.584784 0.00000000e+000 0.00000000e+000 0.00000000e+000 0.00000000e+000 0.00000000e+000 0.00000000e+000 0.00000000e+000 0.00000000e+000 0.00000000e+000 0.00000000e+000 0.00000000e+000 0.00000000e+000 0.00000000e+000 0.00000000e+000 0.00000000e+000 0.00000000e+000 0.00000000e+000 0.00000000e+000 0.00000000e+000 0.00000000e+000 0.00000000e+000 0.00000000e+000 0.00000000e+000 0.00000000e+000 0.00000000e+000
61431.18867788 -106033.925911 -70862.596598 -41817.119832 0.00000000e+000 0.00000000e+000 0.00000000e+000 0.00000000e+000 0.00000000e+000 0.00000000e+000 0.00000000e+000 0.00000000e+000 0.00000000e+000 0.00000000e+000 0.00000000e+000 0.00000000e+000 0.00000000e+000 0.00000000e+000 0.00000000e+000 0.00000000e+000 0.00000000e+000 0.00000000e+000 0.00000000e+000 0.00000000e+000 0.00000000e+000 0.00000000e+000 0.00000000e+000 0.00000000e+000 0.00000000e+000
61431.23513819 -97791.164519 -69135.393878 -40767.771557 0.00000000e+000 0.00000000e+000 0.00000000e+000 0.00000000e+000 0.00000000e+000 0.00000000e+000 0.00000000e+000 0.00000000e+000 0.00000000e+000 0.00000000e+000 0.00000000e+000 0.00000000e+000 0.00000000e+000 0.00000000e+000 0.00000000e+000 0.00000000e+000 0.00000000e+000 0.00000000e+000 0.00000000e+000 0.00000000e+000 0.00000000e+000 0.00000000e+000 0.00000000e+000 0.00000000e+000 0.00000000e+000
61431.27743281 -90018.360808 -67372.421130 -39700.132733 0.00000000e+000 0.00000000e+000 0.00000000e+000 0.00000000e+000 0.00000000e+000 0.00000000e+000 0.00000000e+000 0.00000000e+000 0.00000000e+000 0.00000000e+000 0.00000000e+000 0.00000000e+000 0.00000000e+000 0.00000000e+000 0.00000000e+000 0.00000000e+000 0.00000000e+000 0.00000000e+000 0.00000000e+000 0.00000000e+000 0.00000000e+000 0.00000000e+000 0.00000000e+000 0.00000000e+000 0.00000000e+000
61431.31596339 -82691.844157 -65582.343558 -38619.109235 0.00000000e+000 0.00000000e+000 0.00000000e+000 0.00000000e+000 0.00000000e+000 0.00000000e+000 0.00000000e+000 0.00000000e+000 0.00000000e+000 0.00000000e+000 0.00000000e+000 0.00000000e+000 0.00000000e+000 0.00000000e+000 0.00000000e+000 0.00000000e+000 0.00000000e+000 0.00000000e+000 0.00000000e+000 0.00000000e+000 0.00000000e+000 0.00000000e+000 0.00000000e+000 0.00000000e+000 0.00000000e+000
61431.35109535 -75787.741705 -63772.423078 -37528.792685 0.00000000e+000 0.00000000e+000 0.00000000e+000 0.00000000e+000 0.00000000e+000 0.00000000e+000 0.00000000e+000 0.00000000e+000 0.00000000e+000 0.00000000e+000 0.00000000e+000 0.00000000e+000 0.00000000e+000 0.00000000e+000 0.00000000e+000 0.00000000e+000 0.00000000e+000 0.00000000e+000 0.00000000e+000 0.00000000e+000 0.00000000e+000 0.00000000e+000 0.00000000e+000 0.00000000e+000 0.00000000e+000
61431.38315644 -69283.119910 -61948.876330 -36432.673884 0.00000000e+000 0.00000000e+000 0.00000000e+000 0.00000000e+000 0.00000000e+000 0.00000000e+000 0.00000000e+000 0.00000000e+000 0.00000000e+000 0.00000000e+000 0.00000000e+000 0.00000000e+000 0.00000000e+000 0.00000000e+000 0.00000000e+000 0.00000000e+000 0.00000000e+000 0.00000000e+000 0.00000000e+000 0.00000000e+000 0.00000000e+000 0.00000000e+000 0.00000000e+000 0.00000000e+000 0.00000000e+000
61431.41244163 -63155.874443 -60116.950926 -35333.685850 0.00000000e+000 0.00000000e+000 0.00000000e+000 0.00000000e+000 0.00000000e+000 0.00000000e+000 0.00000000e+000 0.00000000e+000 0.00000000e+000 0.00000000e+000 0.00000000e+000 0.00000000e+000 0.00000000e+000 0.00000000e+000 0.00000000e+000 0.00000000e+000 0.00000000e+000 0.00000000e+000 0.00000000e+000 0.00000000e+000 0.00000000e+000 0.00000000e+000 0.00000000e+000 0.00000000e+000 0.00000000e+000
61431.43921602 -57384.902802 -58281.066994 -34234.286578 0.00000000e+000 0.00000000e+000 0.00000000e+000 0.00000000e+000 0.00000000e+000 0.00000000e+000 0.00000000e+000 0.00000000e+000 0.00000000e+000 0.00000000e+000 0.00000000e+000 0.00000000e+000 0.00000000e+000 0.00000000e+000 0.00000000e+000 0.00000000e+000 0.00000000e+000 0.00000000e+000 0.00000000e+000 0.00000000e+000 0.00000000e+000 0.00000000e+000 0.00000000e+000 0.00000000e+000 0.00000000e+000
61431.46371848 -51950.009894 -56444.873818 -33136.491117 0.00000000e+000 0.00000000e+000 0.00000000e+000 0.00000000e+000 0.00000000e+000 0.00000000e+000 0.00000000e+000 0.00000000e+000 0.00000000e+000 0.00000000e+000 0.00000000e+000 0.00000000e+000 0.00000000e+000 0.00000000e+000 0.00000000e+000 0.00000000e+000 0.00000000e+000 0.00000000e+000 0.00000000e+000 0.00000000e+000 0.00000000e+000 0.00000000e+000 0.00000000e+000 0.00000000e+000 0.00000000e+000
61431.48616410 -46832.005709 -54611.356613 -32041.933955 0.00000000e+000 0.00000000e+000 0.00000000e+000 0.00000000e+000 0.00000000e+000 0.00000000e+000 0.00000000e+000 0.00000000e+000 0.00000000e+000 0.00000000e+000 0.00000000e+000 0.00000000e+000 0.00000000e+000 0.00000000e+000 0.00000000e+000 0.00000000e+000 0.00000000e+000 0.00000000e+000 0.00000000e+000 0.00000000e+000 0.00000000e+000 0.00000000e+000 0.00000000e+000 0.00000000e+000 0.00000000e+000
61431.50674721 -42012.562069 -52782.853828 -30951.878132 1.20533103e+003 3.92872822e+002 7.00035420e+001 8.57182426e+000 9.28262696e-001 2.75292480e-002 0.00000000e+000 0.00000000e+000 0.00000000e+000 0.00000000e+000 0.00000000e+000 0.00000000e+000 0.00000000e+000 0.00000000e+000 0.00000000e+000 0.00000000e+000 0.00000000e+000 0.00000000e+000 0.00000000e+000 0.00000000e+000 0.00000000e+000 0.00000000e+000 0.00000000e+000 0.00000000e+000 0.00000000e+000
61431.52564326 -37474.288399 -50961.140176 -29867.263822 3.41664819e+003 9.96116489e+002 1.69217534e+002 2.67479767e+001 4.26045487e+000 1.15857449e-001 4.00714548e-006 0.00000000e+000 0.00000000e+000 0.00000000e+000 0.00000000e+000 0.00000000e+000 0.00000000e+000 0.00000000e+000 0.00000000e+000 0.00000000e+000 0.00000000e+000 0.00000000e+000 0.00000000e+000 0.00000000e+000 0.00000000e+000 0.00000000e+000 0.00000000e+000 0.00000000e+000 0.00000000e+000
61431.54301094 -33200.670830 -49147.454626 -28788.724199 1.10915952e+004 3.04381914e+003 4.29179812e+002 8.33529932e+001 1.80978190e+001 6.52433905e-001 1.19674490e-003 0.00000000e+000 0.00000000e+000 0.00000000e+000 0.00000000e+000 0.00000000e+000 0.00000000e+000 0.00000000e+000 0.00000000e+000 0.00000000e+000 0.00000000e+000 0.00000000e+000 0.00000000e+000 0.00000000e+000 0.00000000e+000 0.00000000e+000 0.00000000e+000 0.00000000e+000 0.00000000e+000
61431.55899419 -29175.977304 -47342.499611 -27716.584394 3.59916553e+004 9.47898281e+003 1.08134064e+003 2.25181329e+002 6.09639860e+001 3.29217103e+000 2.06567062e-002 0.00000000e+000 0.00000000e+000 0.00000000e+000 0.00000000e+000 0.00000000e+000 0.00000000e+000 0.00000000e+000 0.00000000e+000 0.00000000e+000 0.00000000e+000 0.00000000e+000 0.00000000e+000 0.00000000e+000 0.00000000e+000 0.00000000e+000 0.00000000e+000 0.00000000e+000 0.00000000e+000
61431.57372376 -25385.242279 -45546.459765 -26650.872266 1.14276256e+005 2.88912080e+004 2.92253082e+003 5.53600560e+002 1.72448867e+002 1.30606578e+001 1.13876991e-001 0.00000000e+000 0.00000000e+000 0.00000000e+000 0.00000000e+000 0.00000000e+000 0.00000000e+000 0.00000000e+000 0.00000000e+000 0.00000000e+000 0.00000000e+000 0.00000000e+000 0.00000000e+000 0.00000000e+000 0.00000000e+000 0.00000000e+000 0.00000000e+000 0.00000000e+000 0.00000000e+000
61431.58731852 -21814.254303 -43759.013391 -25591.324964 3.30060701e+005 7.93778123e+004 7.63775329e+003 1.27166228e+003 4.18147188e+002 4.33805041e+001 4.45445555e-001 8.16537759e-004 0.00000000e+000 0.00000000e+000 0.00000000e+000 0.00000000e+000 0.00000000e+000 0.00000000e+000 0.00000000e+000 0.00000000e+000 0.00000000e+000 0.00000000e+000 0.00000000e+000 0.00000000e+000 0.00000000e+000 0.00000000e+000 0.00000000e+000 0.00000000e+000 0.00000000e+000
61431.59988725 -18449.387632 -41979.249760 -24537.339856 8.68635904e+005 1.96243928e+005 1.85176106e+004 2.72628586e+003 8.84795916e+002 1.28960588e+002 1.44223171e+000 5.46054547e-003 0.00000000e+000 0.00000000e+000 0.00000000e+000 0.00000000e+000 0.00000000e+000 0.00000000e+000 0.00000000e+000 0.00000000e+000 0.00000000e+000 0.00000000e+000 0.00000000e+000 0.00000000e+000 0.00000000e+000 0.00000000e+000 0.00000000e+000 0.00000000e+000 0.00000000e+000
61431.61152972 -15277.586574 -40205.633901 -23487.953927 2.33721993e+006 4.82090239e+005 4.12461990e+004 5.65086531e+003 1.73819158e+003 3.36313358e+002 5.50131706e+000 2.80971115e-002 0.00000000e+000 0.00000000e+000 0.00000000e+000 0.00000000e+000 0.00000000e+000 0.00000000e+000 0.00000000e+000 0.00000000e+000 0.00000000e+000 0.00000000e+000 0.00000000e+000 0.00000000e+000 0.00000000e+000 0.00000000e+000 0.00000000e+000 0.00000000e+000 0.00000000e+000
61431.62233831 -12286.188991 -38435.853595 -22441.753733 5.66635467e+006 1.06707375e+006 8.07199429e+004 1.09041848e+004 3.17188311e+003 6.70278570e+002 1.53970858e+001 7.89030353e-002 0.00000000e+000 0.00000000e+000 0.00000000e+000 0.00000000e+000 0.00000000e+000 0.00000000e+000 0.00000000e+000 0.00000000e+000 0.00000000e+000 0.00000000e+000 0.00000000e+000 0.00000000e+000 0.00000000e+000 0.00000000e+000 0.00000000e+000 0.00000000e+000 0.00000000e+000
61431.63239924 -9462.809850 -36666.643592 -21396.772434 1.18720673e+007 2.09603692e+006 1.41147243e+005 1.88351881e+004 5.40239583e+003 1.16620171e+003 3.45892083e+001 1.62022856e-001 0.00000000e+000 0.00000000e+000 0.00000000e+000 0.00000000e+000 0.00000000e+000 0.00000000e+000 0.00000000e+000 0.00000000e+000 0.00000000e+000 0.00000000e+000 0.00000000e+000 0.00000000e+000 0.00000000e+000 0.00000000e+000 0.00000000e+000 0.00000000e+000 0.00000000e+000
61431.64167470 -6829.232722 -34916.830106 -20364.085756 2.19460298e+007 3.72511055e+006 2.23989258e+005 2.92930493e+004 8.46582053e+003 1.81839633e+003 6.47799139e+001 2.73826077e-001 0.00000000e+000 0.00000000e+000 0.00000000e+000 0.00000000e+000 0.00000000e+000 0.00000000e+000 0.00000000e+000 0.00000000e+000 0.00000000e+000 0.00000000e+000 0.00000000e+000 0.00000000e+000 0.00000000e+000 0.00000000e+000 0.00000000e+000 0.00000000e+000 0.00000000e+000
61431.64917141 -4682.035821 -33408.405228 -19474.508369 3.46088969e+007 5.77413346e+006 3.11324550e+005 3.89865080e+004 1.15178420e+004 2.41463282e+003 9.90800872e+001 3.76292059e-001 0.00000000e+000 0.00000000e+000 0.00000000e+000 0.00000000e+000 0.00000000e+000 0.00000000e+000 0.00000000e+000 0.00000000e+000 0.00000000e+000 0.00000000e+000 0.00000000e+000 0.00000000e+000 0.00000000e+000 0.00000000e+000 0.00000000e+000 0.00000000e+000 0.00000000e+000
61431.65591118 -2740.314228 -31971.793818 -18627.826499 5.43004339e+007 9.30530190e+006 4.55066669e+005 5.25237286e+004 1.45913097e+004 2.93699541e+003 1.33806400e+002 5.43117061e-001 2.92264319e-003 0.00000000e+000 0.00000000e+000 0.00000000e+000 0.00000000e+000 0.00000000e+000 0.00000000e+000 0.00000000e+000 0.00000000e+000 0.00000000e+000 0.00000000e+000 0.00000000e+000 0.00000000e+000 0.00000000e+000 0.00000000e+000 0.00000000e+000 0.00000000e+000
61431.66186836 -1017.971230 -30631.769911 -17838.537559 7.82357439e+007 1.39967480e+007 6.54658316e+005 7.03155611e+004 1.81365334e+004 3.46938868e+003 1.70153076e+002 7.42499556e-001 5.69347415e-003 0.00000000e+000 0.00000000e+000 0.00000000e+000 0.00000000e+000 0.00000000e+000 0.00000000e+000 0.00000000e+000 0.00000000e+000 0.00000000e+000 0.00000000e+000 0.00000000e+000 0.00000000e+000 0.00000000e+000 0.00000000e+000 0.00000000e+000 0.00000000e+000
61431.66686289 428.007429 -29452.625757 -17144.375092 1.08081250e+008 2.06165596e+007 9.50397601e+005 9.55675686e+004 2.26290546e+004 4.06158738e+003 2.10396782e+002 9.84307042e-001 7.83782700e-003 0.00000000e+000 0.00000000e+000 0.00000000e+000 0.00000000e+000 0.00000000e+000 0.00000000e+000 0.00000000e+000 0.00000000e+000 0.00000000e+000 0.00000000e+000 0.00000000e+000 0.00000000e+000 0.00000000e+000 0.00000000e+000 0.00000000e+000 0.00000000e+000
61431.67114536 1667.261493 -28397.762024 -16523.662545 1.42511226e+008 2.90699862e+007 1.37297483e+006 1.30587022e+005 2.85212187e+004 4.77661914e+003 2.58667423e+002 1.29669060e+000 1.01017479e-002 0.00000000e+000 0.00000000e+000 0.00000000e+000 0.00000000e+000 0.00000000e+000 0.00000000e+000 0.00000000e+000 0.00000000e+000 0.00000000e+000 0.00000000e+000 0.00000000e+000 0.00000000e+000 0.00000000e+000 0.00000000e+000 0.00000000e+000 0.00000000e+000
61431.67543397 2905.695021 -27297.742762 -15876.662696 1.87166239e+008 4.05854248e+007 1.97435779e+006 1.79508983e+005 3.65207419e+004 5.69784503e+003 3.21427267e+002 1.73030108e+000 1.25633283e-002 0.00000000e+000 0.00000000e+000 0.00000000e+000 0.00000000e+000 0.00000000e+000 0.00000000e+000 0.00000000e+000 0.00000000e+000 0.00000000e+000 0.00000000e+000 0.00000000e+000 0.00000000e+000 0.00000000e+000 0.00000000e+000 0.00000000e+000 0.00000000e+000
61431.68030434 4305.866904 -25991.487737 -15108.731510 2.58209717e+008 6.07553608e+007 3.20452326e+006 2.80508321e+005 5.22094809e+004 7.41330444e+003 4.43208707e+002 2.77395222e+000 1.92997468e-002 0.00000000e+000 0.00000000e+000 0.00000000e+000 0.00000000e+000 0.00000000e+000 0.00000000e+000 0.00000000e+000 0.00000000e+000 0.00000000e+000 0.00000000e+000 0.00000000e+000 0.00000000e+000 0.00000000e+000 0.00000000e+000 0.00000000e+000 0.00000000e+000
61431.68529240 5728.483784 -24585.708153 -14282.734049 3.50454606e+008 8.88618263e+007 5.21360967e+006 4.65541240e+005 8.20393829e+004 1.00362216e+004 6.13772531e+002 4.58640600e+000 3.59548433e-002 3.14700164e-004 0.00000000e+000 0.00000000e+000 0.00000000e+000 0.00000000e+000 0.00000000e+000 0.00000000e+000 0.00000000e+000 0.00000000e+000 0.00000000e+000 0.00000000e+000 0.00000000e+000 0.00000000e+000 0.00000000e+000 0.00000000e+000 0.00000000e+000
61431.69026297 7128.703956 -23110.625731 -13416.502521 4.65138827e+008 1.26999657e+008 8.53347739e+006 8.23079049e+005 1.44413677e+005 1.45154229e+004 8.62042322e+002 7.91522972e+000 7.80616405e-002 1.40597941e-003 0.00000000e+000 0.00000000e+000 0.00000000e+000 0.00000000e+000 0.00000000e+000 0.00000000e+000 0.00000000e+000 0.00000000e+000 0.00000000e+000 0.00000000e+000 0.00000000e+000 0.00000000e+000 0.00000000e+000 0.00000000e+000 0.00000000e+000
61431.69513431 8476.830909 -21587.097294 -12522.336740 5.83122840e+008 1.73004626e+008 1.39805670e+007 1.57938190e+006 2.98457791e+005 2.51249563e+004 1.42113327e+003 1.59266572e+001 1.90122018e-001 4.50743180e-003 0.00000000e+000 0.00000000e+000 0.00000000e+000 0.00000000e+000 0.00000000e+000 0.00000000e+000 0.00000000e+000 0.00000000e+000 0.00000000e+000 0.00000000e+000 0.00000000e+000 0.00000000e+000 0.00000000e+000 0.00000000e+000 0.00000000e+000
61431.69977353 9730.315561 -20058.855115 -11625.923399 6.70516957e+008 2.14499373e+008 2.11336183e+007 2.96466116e+006 6.46655922e+005 4.98645346e+004 2.45654377e+003 3.70537801e+001 5.63273594e-001 1.65892343e-002 1.13412322e-003 0.00000000e+000 0.00000000e+000 0.00000000e+000 0.00000000e+000 0.00000000e+000 0.00000000e+000 0.00000000e+000 0.00000000e+000 0.00000000e+000 0.00000000e+000 0.00000000e+000 0.00000000e+000 0.00000000e+000 0.00000000e+000
61431.70408845 10861.059108 -18565.035549 -10750.197341 7.04173651e+008 2.37106378e+008 2.88215717e+007 5.07541175e+006 1.30595654e+006 1.00278240e+005 4.21230817e+003 9.42136624e+001 1.79499214e+000 8.45299206e-002 8.24095039e-003 0.00000000e+000 0.00000000e+000 0.00000000e+000 0.00000000e+000 0.00000000e+000 0.00000000e+000 0.00000000e+000 0.00000000e+000 0.00000000e+000 0.00000000e+000 0.00000000e+000 0.00000000e+000 0.00000000e+000 0.00000000e+000
61431.70811359 11876.924252 -17104.957763 -9894.720782 6.68566703e+008 2.38071481e+008 3.57817981e+007 7.93533123e+006 2.43963323e+006 1.99316355e+005 7.49787741e+003 2.36049573e+002 5.75487009e+000 4.06855865e-001 6.40866625e-002 0.00000000e+000 0.00000000e+000 0.00000000e+000 0.00000000e+000 0.00000000e+000 0.00000000e+000 0.00000000e+000 0.00000000e+000 0.00000000e+000 0.00000000e+000 0.00000000e+000 0.00000000e+000 0.00000000e+000 0.00000000e+000
61431.71188773 12787.075846 -15674.897787 -9057.277299 5.74074356e+008 2.19601825e+008 4.05639947e+007 1.13072994e+007 4.15030661e+006 3.96988318e+005 1.45870514e+004 5.83320965e+002 1.73119022e+001 1.68025489e+000 3.30300429e-001 1.21846905e-001 0.00000000e+000 0.00000000e+000 0.00000000e+000 0.00000000e+000 0.00000000e+000 0.00000000e+000 0.00000000e+000 0.00000000e+000 0.00000000e+000 0.00000000e+000 0.00000000e+000 0.00000000e+000 0.00000000e+000
61431.71544760 13600.008472 -14270.190171 -8235.105896 4.41684691e+008 1.86725148e+008 4.21009703e+007 1.48605597e+007 6.46441863e+006 7.43428368e+005 2.76994333e+004 1.25752131e+003 4.21131037e+001 4.75523084e+000 9.92029052e-001 4.80166428e-001 3.53551376e-002 1.49042604e-002 6.04936630e-003 2.31279850e-003 8.50428745e-004 1.20356916e-004 1.13626760e-005 0.00000000e+000 0.00000000e+000 0.00000000e+000 0.00000000e+000 0.00000000e+000 0.00000000e+000
61431.71882763 14323.261264 -12885.448699 -7425.031016 3.30762488e+008 1.50501428e+008 4.06655605e+007 1.78865975e+007 9.29287970e+006 1.36077938e+006 5.38196259e+004 2.81337991e+003 1.23380677e+002 1.82493703e+001 4.30794185e+000 3.47663242e+000 1.67118412e+000 6.16924936e-001 2.39969104e-001 8.84936451e-002 3.17026680e-002 4.31608980e-003 3.67401052e-004 0.00000000e+000 0.00000000e+000 0.00000000e+000 0.00000000e+000 0.00000000e+000 0.00000000e+000
61431.72206027 14963.286892 -11514.597663 -6623.481448 2.44116956e+008 1.19512117e+008 3.86425855e+007 2.03902373e+007 1.20555454e+007 2.14259070e+006 9.73680585e+004 5.56764663e+003 3.15598189e+002 5.40443962e+001 1.35376913e+001 1.03809840e+001 4.81613522e+000 1.81248479e+000 6.16436514e-001 1.98352983e-001 6.65269696e-002 9.50847125e-003 9.99726455e-004 5.51175477e-005 0.00000000e+000 0.00000000e+000 0.00000000e+000 0.00000000e+000 0.00000000e+000
61431.72517670 15525.370828 -10150.769958 -5826.431435 1.79820255e+008 9.41546143e+007 3.63106884e+007 2.23813935e+007 1.46923601e+007 3.04927659e+006 1.53793079e+005 9.21234061e+003 5.91839322e+002 1.06729639e+002 2.70695044e+001 1.98443654e+001 8.93991695e+000 3.40018412e+000 1.09834019e+000 3.24418277e-001 1.03868177e-001 1.53202870e-002 1.77086786e-003 1.55918913e-004 0.00000000e+000 0.00000000e+000 0.00000000e+000 0.00000000e+000 0.00000000e+000
61431.72820773 16013.538508 -8786.089243 -5029.274348 1.42548692e+008 7.83855440e+007 3.40588393e+007 2.33613145e+007 1.66222698e+007 4.06210482e+006 2.49532970e+005 1.71909251e+004 1.47109303e+003 2.77498453e+002 6.73726497e+001 4.24507934e+001 1.67607069e+001 5.63425500e+000 1.69718117e+000 4.63248670e-001 1.46707701e-001 2.45658621e-002 3.74626835e-003 4.37860690e-004 2.21920584e-005 0.00000000e+000 0.00000000e+000 0.00000000e+000 0.00000000e+000
61431.73118492 16430.402000 -7411.325721 -4226.623113 1.13803669e+008 6.57392255e+007 3.18744336e+007 2.40051855e+007 1.82549493e+007 5.02255538e+006 3.42301105e+005 2.50837983e+004 2.36081448e+003 4.50593906e+002 1.07375271e+002 6.41112893e+001 2.41138889e+001 7.71102234e+000 2.27889977e+000 5.98746309e-001 1.89144993e-001 3.38307648e-002 5.80030655e-003 7.29470119e-004 5.99369128e-005 0.00000000e+000 0.00000000e+000 0.00000000e+000 0.00000000e+000
61431.73414154 16776.836890 -6015.644031 -3412.165191 9.79237170e+007 5.82152773e+007 2.99014814e+007 2.39024334e+007 1.89488050e+007 5.74551913e+006 4.66629470e+005 3.68956493e+004 4.13370960e+003 7.86273840e+002 1.79237010e+002 9.22393524e+001 3.29625722e+001 1.09834010e+001 3.53157510e+000 9.83397706e-001 3.18138790e-001 5.80425601e-002 1.03487082e-002 1.41347292e-003 1.78121389e-004 1.78500536e-006 0.00000000e+000 0.00000000e+000 0.00000000e+000
61431.73711182 17051.373634 -4587.232742 -2579.032398 8.80071536e+007 5.31911070e+007 2.81957136e+007 2.35080967e+007 1.91917530e+007 6.26641658e+006 5.79678861e+005 4.78775830e+004 5.85910699e+003 1.11273084e+003 2.48448600e+002 1.17917889e+002 4.09904441e+001 1.40830607e+001 4.75983345e+000 1.37396273e+000 4.51265363e-001 8.26726807e-002 1.48886841e-002 2.11210958e-003 2.96986551e-004 7.05787031e-006 0.00000000e+000 0.00000000e+000 0.00000000e+000
61431.74000355 17243.080081 -3176.251410 -1756.488882 8.09634023e+007 4.95179703e+007 2.68575066e+007 2.29634577e+007 1.90373458e+007 6.50558859e+006 6.50446667e+005 5.49067066e+004 6.97859740e+003 1.32379272e+003 2.93800116e+002 1.35228386e+002 4.63852845e+001 1.61131830e+001 5.51793402e+000 1.60918769e+000 5.30150330e-001 9.76315758e-002 1.76818973e-002 2.53078290e-003 3.63754230e-004 8.59190397e-006 0.00000000e+000 0.00000000e+000 0.00000000e+000
61431.74281304 17354.335434 -1791.558455 -949.681058 7.67912708e+007 4.72226153e+007 2.59378148e+007 2.23336076e+007 1.85583165e+007 6.46955630e+006 6.75810564e+005 5.76828807e+004 7.43766091e+003 1.40794658e+003 3.13179129e+002 1.43530983e+002 4.89384087e+001 1.70154928e+001 5.77984127e+000 1.67712071e+000 5.49369922e-001 1.02043045e-001 1.85886932e-002 2.64054238e-003 3.71682717e-004 4.26824145e-006 0.00000000e+000 0.00000000e+000 0.00000000e+000
61431.74556248 17389.323914 -428.814487 -156.061474 7.56511550e+007 4.63752416e+007 2.54424950e+007 2.16848582e+007 1.78895270e+007 6.21762589e+006 6.62165284e+005 5.66869913e+004 7.29165705e+003 1.37642421e+003 3.09458454e+002 1.43669428e+002 4.89833398e+001 1.69528754e+001 5.62683087e+000 1.61037943e+000 5.22865981e-001 9.85946086e-002 1.81181565e-002 2.53845698e-003 3.41060546e-004 9.32876574e-007 0.00000000e+000 0.00000000e+000 0.00000000e+000
61431.74827603 17351.078403 917.958484 627.865273 7.73709513e+007 4.68851606e+007 2.53126426e+007 2.09971276e+007 1.70265738e+007 5.77284227e+006 6.09517078e+005 5.20358331e+004 6.59633358e+003 1.24485914e+003 2.84449573e+002 1.35380987e+002 4.63676816e+001 1.58229645e+001 5.07688180e+000 1.42378474e+000 4.57586269e-001 8.75958312e-002 1.62233778e-002 2.23281792e-003 2.75970527e-004 0.00000000e+000 0.00000000e+000 0.00000000e+000 0.00000000e+000
61431.75092794 17243.887464 2230.488288 1391.482273 8.20654725e+007 4.87927776e+007 2.55447331e+007 2.03217131e+007 1.60377821e+007 5.18604698e+006 5.27822104e+005 4.45233681e+004 5.46313445e+003 1.03190898e+003 2.41448879e+002 1.19885519e+002 4.15189513e+001 1.38298543e+001 4.22491733e+000 1.15209226e+000 3.65615343e-001 7.11125062e-002 1.32600603e-002 1.78144524e-003 1.91942908e-004 0.00000000e+000 0.00000000e+000 0.00000000e+000 0.00000000e+000
61431.75360282 17066.964741 3545.487653 2156.159259 8.98253183e+007 5.20896974e+007 2.60713672e+007 1.96120925e+007 1.48902239e+007 4.47858064e+006 4.20419812e+005 3.45662323e+004 3.98570892e+003 7.60301535e+002 1.84457317e+002 9.81664545e+001 3.46247106e+001 1.09989488e+001 3.11836494e+000 8.15168954e-001 2.53809526e-001 4.96893585e-002 9.25723149e-003 1.19858979e-003 9.05828999e-005 0.00000000e+000 0.00000000e+000 0.00000000e+000 0.00000000e+000
61431.75632662 16817.977830 4870.225051 2926.114254 1.01049198e+008 5.67618816e+007 2.68029353e+007 1.87497505e+007 1.34997092e+007 3.65517142e+006 2.90567212e+005 2.26019934e+004 2.24950794e+003 4.47592739e+002 1.17071515e+002 7.09120132e+001 2.56523920e+001 7.31396853e+000 1.80490419e+000 4.37243176e-001 1.31560590e-001 2.48677242e-002 4.49599798e-003 5.45790855e-004 5.74470619e-006 0.00000000e+000 0.00000000e+000 0.00000000e+000 0.00000000e+000
61431.75914362 16490.755319 6220.076285 3710.264787 1.29273042e+008 6.75005033e+007 2.75023933e+007 1.71200894e+007 1.13867852e+007 2.71541688e+006 1.96701035e+005 1.47471835e+004 1.34771300e+003 2.72425044e+002 7.49636388e+001 4.78761245e+001 1.77552858e+001 4.89475898e+000 1.18017811e+000 2.83118334e-001 8.38746495e-002 1.48002029e-002 2.41824114e-003 2.33128148e-004 0.00000000e+000 0.00000000e+000 0.00000000e+000 0.00000000e+000 0.00000000e+000
61431.76204797 16083.705693 7585.488688 4503.039061 1.64730258e+008 8.05461200e+007 2.81696274e+007 1.54438013e+007 9.34649610e+006 1.84676183e+006 1.12487330e+005 7.53715639e+003 5.31047884e+002 1.04136258e+002 3.11738279e+001 2.32371514e+001 9.58130572e+000 2.63629980e+000 6.80161345e-001 1.67769971e-001 4.91653310e-002 7.39675164e-003 7.87098819e-004 5.07543565e-006 0.00000000e+000 0.00000000e+000 0.00000000e+000 0.00000000e+000 0.00000000e+000
61431.76506150 15592.324826 8969.657572 5306.271796 2.32350821e+008 1.04584298e+008 2.88425041e+007 1.31425296e+007 7.02874456e+006 1.15800042e+006 6.39415000e+004 4.11604415e+003 2.51333528e+002 4.75136011e+001 1.45050658e+001 1.11426834e+001 4.56548157e+000 1.19851766e+000 3.33886087e-001 8.98196286e-002 2.72522562e-002 3.69346105e-003 1.56668354e-004 0.00000000e+000 0.00000000e+000 0.00000000e+000 0.00000000e+000 0.00000000e+000 0.00000000e+000
61431.76820051 15012.672331 10372.437808 6119.855917 3.19721028e+008 1.32552252e+008 2.89491485e+007 1.06231095e+007 4.86514580e+006 6.35919754e+005 3.11935930e+004 1.82050071e+003 8.26496838e+001 1.38897311e+001 4.08705020e+000 3.13663448e+000 1.25668447e+000 3.22566105e-001 1.05571380e-001 3.25008504e-002 1.01425257e-002 1.11345368e-003 0.00000000e+000 0.00000000e+000 0.00000000e+000 0.00000000e+000 0.00000000e+000 0.00000000e+000 0.00000000e+000
61431.77144661 14348.380379 11778.283121 6934.758748 4.22900006e+008 1.60273588e+008 2.78084309e+007 7.96209997e+006 3.00894239e+006 3.02452387e+005 1.43212977e+004 6.80272271e+002 2.34174389e+001 2.92408163e+000 7.45235374e-001 2.11881712e-003 0.00000000e+000 0.00000000e+000 0.00000000e+000 0.00000000e+000 0.00000000e+000 0.00000000e+000 0.00000000e+000 0.00000000e+000 0.00000000e+000 0.00000000e+000 0.00000000e+000 0.00000000e+000 0.00000000e+000
61431.77461972 13643.053890 13106.742989 7704.377087 5.23167622e+008 1.78057378e+008 2.48520245e+007 5.61826586e+006 1.74820309e+006 1.39808144e+005 6.17453271e+003 2.41931644e+002 7.25313068e+000 6.94037081e-001 1.41766925e-001 0.00000000e+000 0.00000000e+000 0.00000000e+000 0.00000000e+000 0.00000000e+000 0.00000000e+000 0.00000000e+000 0.00000000e+000 0.00000000e+000 0.00000000e+000 0.00000000e+000 0.00000000e+000 0.00000000e+000 0.00000000e+000
61431.77781155 12885.155879 14396.626784 8451.244027 5.66653841e+008 1.78161212e+008 2.01427880e+007 3.71806483e+006 9.99158707e+005 7.47158386e+004 3.47423901e+003 1.06098158e+002 2.76577303e+000 2.12517134e-001 3.23049485e-002 0.00000000e+000 0.00000000e+000 0.00000000e+000 0.00000000e+000 0.00000000e+000 0.00000000e+000 0.00000000e+000 0.00000000e+000 0.00000000e+000 0.00000000e+000 0.00000000e+000 0.00000000e+000 0.00000000e+000 0.00000000e+000
61431.78107417 12067.396662 15667.078899 9186.466136 5.61824724e+008 1.64639563e+008 1.54563316e+007 2.34807332e+006 5.47020911e+005 4.03602911e+004 2.04329806e+003 4.53525299e+001 9.79766021e-001 5.16321172e-002 4.31311864e-003 0.00000000e+000 0.00000000e+000 0.00000000e+000 0.00000000e+000 0.00000000e+000 0.00000000e+000 0.00000000e+000 0.00000000e+000 0.00000000e+000 0.00000000e+000 0.00000000e+000 0.00000000e+000 0.00000000e+000 0.00000000e+000
61431.78444324 11184.269828 16928.810403 9916.249535 5.17963349e+008 1.41114357e+008 1.11880373e+007 1.40283103e+006 2.85699030e+005 2.20819980e+004 1.22194399e+003 1.93611798e+001 3.38011203e-001 8.76678455e-003 5.54421878e-004 0.00000000e+000 0.00000000e+000 0.00000000e+000 0.00000000e+000 0.00000000e+000 0.00000000e+000 0.00000000e+000 0.00000000e+000 0.00000000e+000 0.00000000e+000 0.00000000e+000 0.00000000e+000 0.00000000e+000 0.00000000e+000
61431.78794869 10230.592453 18188.976717 10644.731894 4.45351849e+008 1.12260259e+008 7.56080679e+006 7.83421075e+005 1.43143180e+005 1.26697392e+004 7.51665608e+002 9.45533629e+000 1.28423275e-001 2.24326920e-003 0.00000000e+000 0.00000000e+000 0.00000000e+000 0.00000000e+000 0.00000000e+000 0.00000000e+000 0.00000000e+000 0.00000000e+000 0.00000000e+000 0.00000000e+000 0.00000000e+000 0.00000000e+000 0.00000000e+000 0.00000000e+000 0.00000000e+000
61431.79161829 9201.105671 19452.795081 11374.921997 3.59229682e+008 8.44572161e+007 4.88293324e+006 4.44474930e+005 7.72662817e+004 8.18419533e+003 4.95416610e+002 5.35196799e+000 6.10787084e-002 2.41580001e-004 0.00000000e+000 0.00000000e+000 0.00000000e+000 0.00000000e+000 0.00000000e+000 0.00000000e+000 0.00000000e+000 0.00000000e+000 0.00000000e+000 0.00000000e+000 0.00000000e+000 0.00000000e+000 0.00000000e+000 0.00000000e+000 0.00000000e+000
61431.79547926 8090.347888 20724.240111 12109.104030 2.71700407e+008 6.03096499e+007 3.10748334e+006 2.64188428e+005 4.63476701e+004 5.98624476e+003 3.74498951e+002 3.24394188e+000 2.84371406e-002 0.00000000e+000 0.00000000e+000 0.00000000e+000 0.00000000e+000 0.00000000e+000 0.00000000e+000 0.00000000e+000 0.00000000e+000 0.00000000e+000 0.00000000e+000 0.00000000e+000 0.00000000e+000 0.00000000e+000 0.00000000e+000 0.00000000e+000 0.00000000e+000
61431.79955911 6892.644997 22006.368342 12849.026491 1.95907895e+008 4.08535360e+007 1.92280588e+006 1.61938567e+005 3.03193032e+004 4.61628151e+003 2.77554110e+002 1.92566664e+000 1.42590650e-002 0.00000000e+000 0.00000000e+000 0.00000000e+000 0.00000000e+000 0.00000000e+000 0.00000000e+000 0.00000000e+000 0.00000000e+000 0.00000000e+000 0.00000000e+000 0.00000000e+000 0.00000000e+000 0.00000000e+000 0.00000000e+000 0.00000000e+000 0.00000000e+000
61431.80388598 5602.166113 23301.470835 13595.991353 1.34610269e+008 2.61040027e+007 1.16601071e+006 1.04363054e+005 2.17640590e+004 3.69251944e+003 1.98452342e+002 1.12131518e+000 9.59668065e-003 0.00000000e+000 0.00000000e+000 0.00000000e+000 0.00000000e+000 0.00000000e+000 0.00000000e+000 0.00000000e+000 0.00000000e+000 0.00000000e+000 0.00000000e+000 0.00000000e+000 0.00000000e+000 0.00000000e+000 0.00000000e+000 0.00000000e+000 0.00000000e+000
61431.80846444 4220.411728 24604.382544 14346.999690 8.81364419e+007 1.57693362e+007 7.00116744e+005 6.83700361e+004 1.60317360e+004 3.03089731e+003 1.47511105e+002 6.92912996e-001 6.72423718e-003 0.00000000e+000 0.00000000e+000 0.00000000e+000 0.00000000e+000 0.00000000e+000 0.00000000e+000 0.00000000e+000 0.00000000e+000 0.00000000e+000 0.00000000e+000 0.00000000e+000 0.00000000e+000 0.00000000e+000 0.00000000e+000 0.00000000e+000 0.00000000e+000
61431.81316024 2791.732774 25873.915830 15078.314535 5.87696804e+007 9.84495075e+006 4.57956038e+005 4.86808356e+004 1.25791467e+004 2.54539599e+003 1.13263318e+002 4.78879642e-001 2.11274305e-003 0.00000000e+000 0.00000000e+000 0.00000000e+000 0.00000000e+000 0.00000000e+000 0.00000000e+000 0.00000000e+000 0.00000000e+000 0.00000000e+000 0.00000000e+000 0.00000000e+000 0.00000000e+000 0.00000000e+000 0.00000000e+000 0.00000000e+000 0.00000000e+000
61431.81793764 1331.256721 27101.473609 15785.013798 3.86588456e+007 6.33907338e+006 3.17952944e+005 3.66788586e+004 1.01086015e+004 2.14963755e+003 8.67457952e+001 3.37260829e-001 4.32530500e-004 0.00000000e+000 0.00000000e+000 0.00000000e+000 0.00000000e+000 0.00000000e+000 0.00000000e+000 0.00000000e+000 0.00000000e+000 0.00000000e+000 0.00000000e+000 0.00000000e+000 0.00000000e+000 0.00000000e+000 0.00000000e+000 0.00000000e+000 0.00000000e+000
61431.82271715 -132.863050 28270.003054 16457.323768 2.47407214e+007 4.08130264e+006 2.26097889e+005 2.80570465e+004 8.02953650e+003 1.77005954e+003 6.36184751e+001 2.42953729e-001 0.00000000e+000 0.00000000e+000 0.00000000e+000 0.00000000e+000 0.00000000e+000 0.00000000e+000 0.00000000e+000 0.00000000e+000 0.00000000e+000 0.00000000e+000 0.00000000e+000 0.00000000e+000 0.00000000e+000 0.00000000e+000 0.00000000e+000 0.00000000e+000 0.00000000e+000
61431.82632672 -1238.604464 29115.853042 16943.728155 1.83276439e+007 3.06541659e+006 1.80949411e+005 2.30621487e+004 6.59436591e+003 1.46888530e+003 4.74515089e+001 2.02519075e-001 0.00000000e+000 0.00000000e+000 0.00000000e+000 0.00000000e+000 0.00000000e+000 0.00000000e+000 0.00000000e+000 0.00000000e+000 0.00000000e+000 0.00000000e+000 0.00000000e+000 0.00000000e+000 0.00000000e+000 0.00000000e+000 0.00000000e+000 0.00000000e+000 0.00000000e+000
61431.82992903 -2340.885842 29930.610128 17412.047911 1.31483299e+007 2.24142704e+006 1.41520501e+005 1.84042717e+004 5.29174285e+003 1.18506968e+003 3.39811759e+001 1.63484536e-001 0.00000000e+000 0.00000000e+000 0.00000000e+000 0.00000000e+000 0.00000000e+000 0.00000000e+000 0.00000000e+000 0.00000000e+000 0.00000000e+000 0.00000000e+000 0.00000000e+000 0.00000000e+000 0.00000000e+000 0.00000000e+000 0.00000000e+000 0.00000000e+000 0.00000000e+000
61431.83485771 -3845.392967 31000.875833 18026.921973 8.09748825e+006 1.42909010e+006 9.66576648e+004 1.25350157e+004 3.67285770e+003 8.17503945e+002 1.99560607e+001 1.06030496e-001 0.00000000e+000 0.00000000e+000 0.00000000e+000 0.00000000e+000 0.00000000e+000 0.00000000e+000 0.00000000e+000 0.00000000e+000 0.00000000e+000 0.00000000e+000 0.00000000e+000 0.00000000e+000 0.00000000e+000 0.00000000e+000 0.00000000e+000 0.00000000e+000 0.00000000e+000
61431.84039466 -5528.481211 32146.404059 18684.634356 4.56400212e+006 8.43727687e+005 6.12485060e+004 7.97006445e+003 2.40390874e+003 5.20563419e+002 1.03843186e+001 5.92947962e-002 0.00000000e+000 0.00000000e+000 0.00000000e+000 0.00000000e+000 0.00000000e+000 0.00000000e+000 0.00000000e+000 0.00000000e+000 0.00000000e+000 0.00000000e+000 0.00000000e+000 0.00000000e+000 0.00000000e+000 0.00000000e+000 0.00000000e+000 0.00000000e+000 0.00000000e+000
61431.84656392 -7392.570845 33357.878280 19379.747426 2.11369044e+006 4.20685273e+005 3.31580472e+004 4.42402501e+003 1.40144936e+003 2.77312736e+002 3.88939961e+000 2.20761385e-002 0.00000000e+000 0.00000000e+000 0.00000000e+000 0.00000000e+000 0.00000000e+000 0.00000000e+000 0.00000000e+000 0.00000000e+000 0.00000000e+000 0.00000000e+000 0.00000000e+000 0.00000000e+000 0.00000000e+000 0.00000000e+000 0.00000000e+000 0.00000000e+000 0.00000000e+000
61431.85334700 -9426.187745 34618.093839 20102.307241 9.71932324e+005 2.05033894e+005 1.69976084e+004 2.40086084e+003 8.26406952e+002 1.21320223e+002 1.42930048e+000 5.35771876e-003 0.00000000e+000 0.00000000e+000 0.00000000e+000 0.00000000e+000 0.00000000e+000 0.00000000e+000 0.00000000e+000 0.00000000e+000 0.00000000e+000 0.00000000e+000 0.00000000e+000 0.00000000e+000 0.00000000e+000 0.00000000e+000 0.00000000e+000 0.00000000e+000 0.00000000e+000
61431.86075890 -11627.132498 35917.376250 20846.693215 3.96022882e+005 8.88242953e+004 7.60050333e+003 1.21794328e+003 4.26525366e+002 4.40556952e+001 4.45620540e-001 4.35044258e-004 0.00000000e+000 0.00000000e+000 0.00000000e+000 0.00000000e+000 0.00000000e+000 0.00000000e+000 0.00000000e+000 0.00000000e+000 0.00000000e+000 0.00000000e+000 0.00000000e+000 0.00000000e+000 0.00000000e+000 0.00000000e+000 0.00000000e+000 0.00000000e+000 0.00000000e+000
61431.86882834 -13996.419265 37248.833897 21608.887382 1.29555481e+005 3.11177950e+004 2.80806236e+003 5.40785312e+002 1.73039169e+002 1.16875434e+001 1.06015944e-001 0.00000000e+000 0.00000000e+000 0.00000000e+000 0.00000000e+000 0.00000000e+000 0.00000000e+000 0.00000000e+000 0.00000000e+000 0.00000000e+000 0.00000000e+000 0.00000000e+000 0.00000000e+000 0.00000000e+000 0.00000000e+000 0.00000000e+000 0.00000000e+000 0.00000000e+000 0.00000000e+000
61431.87759450 -16537.208130 38607.293226 22385.860293 3.24838300e+004 8.34451950e+003 9.45050611e+002 1.88540211e+002 4.70960626e+001 2.08464122e+000 1.49861436e-002 0.00000000e+000 0.00000000e+000 0.00000000e+000 0.00000000e+000 0.00000000e+000 0.00000000e+000 0.00000000e+000 0.00000000e+000 0.00000000e+000 0.00000000e+000 0.00000000e+000 0.00000000e+000 0.00000000e+000 0.00000000e+000 0.00000000e+000 0.00000000e+000 0.00000000e+000 0.00000000e+000
61431.88710493 -19254.100778 39988.619182 23175.179202 9.31974923e+003 2.56772465e+003 3.72848209e+002 6.31679199e+001 1.15605119e+001 3.82016916e-001 1.55431699e-003 0.00000000e+000 0.00000000e+000 0.00000000e+000 0.00000000e+000 0.00000000e+000 0.00000000e+000 0.00000000e+000 0.00000000e+000 0.00000000e+000 0.00000000e+000 0.00000000e+000 0.00000000e+000 0.00000000e+000 0.00000000e+000 0.00000000e+000 0.00000000e+000 0.00000000e+000 0.00000000e+000
61431.89741499 -22152.855767 41389.368105 23974.807532 3.05746689e+003 9.34938933e+002 1.57794036e+002 2.09959095e+001 2.77129920e+000 9.36198242e-002 3.09758817e-004 0.00000000e+000 0.00000000e+000 0.00000000e+000 0.00000000e+000 0.00000000e+000 0.00000000e+000 0.00000000e+000 0.00000000e+000 0.00000000e+000 0.00000000e+000 0.00000000e+000 0.00000000e+000 0.00000000e+000 0.00000000e+000 0.00000000e+000 0.00000000e+000 0.00000000e+000 0.00000000e+000
61431.90858727 -25240.101887 42806.500961 24782.939467 1.27659527e+003 4.40047496e+002 7.40480209e+001 8.25269760e+000 8.94599452e-001 3.21996132e-002 5.13565329e-005 0.00000000e+000 0.00000000e+000 0.00000000e+000 0.00000000e+000 0.00000000e+000 0.00000000e+000 0.00000000e+000 0.00000000e+000 0.00000000e+000 0.00000000e+000 0.00000000e+000 0.00000000e+000 0.00000000e+000 0.00000000e+000 0.00000000e+000 0.00000000e+000 0.00000000e+000 0.00000000e+000
61431.92069223 -28523.376135 44237.289298 25597.944972 7.48868319e+002 2.84776853e+002 4.66175975e+001 4.42130184e+000 3.84245873e-001 1.48971311e-002 0.00000000e+000 0.00000000e+000 0.00000000e+000 0.00000000e+000 0.00000000e+000 0.00000000e+000 0.00000000e+000 0.00000000e+000 0.00000000e+000 0.00000000e+000 0.00000000e+000 0.00000000e+000 0.00000000e+000 0.00000000e+000 0.00000000e+000 0.00000000e+000 0.00000000e+000 0.00000000e+000 0.00000000e+000
61431.93375916 -31998.050590 45673.947095 26415.316116 0.00000000e+000 0.00000000e+000 0.00000000e+000 0.00000000e+000 0.00000000e+000 0.00000000e+000 0.00000000e+000 0.00000000e+000 0.00000000e+000 0.00000000e+000 0.00000000e+000 0.00000000e+000 0.00000000e+000 0.00000000e+000 0.00000000e+000 0.00000000e+000 0.00000000e+000 0.00000000e+000 0.00000000e+000 0.00000000e+000 0.00000000e+000 0.00000000e+000 0.00000000e+000 0.00000000e+000 0.00000000e+000
61431.94777851 -35649.153125 47105.604015 27228.805938 0.00000000e+000 0.00000000e+000 0.00000000e+000 0.00000000e+000 0.00000000e+000 0.00000000e+000 0.00000000e+000 0.00000000e+000 0.00000000e+000 0.00000000e+000 0.00000000e+000 0.00000000e+000 0.00000000e+000 0.00000000e+000 0.00000000e+000 0.00000000e+000 0.00000000e+000 0.00000000e+000 0.00000000e+000 0.00000000e+000 0.00000000e+000 0.00000000e+000 0.00000000e+000 0.00000000e+000 0.00000000e+000
61431.96280698 -39479.047376 48529.251897 28036.649694 0.00000000e+000 0.00000000e+000 0.00000000e+000 0.00000000e+000 0.00000000e+000 0.00000000e+000 0.00000000e+000 0.00000000e+000 0.00000000e+000 0.00000000e+000 0.00000000e+000 0.00000000e+000 0.00000000e+000 0.00000000e+000 0.00000000e+000 0.00000000e+000 0.00000000e+000 0.00000000e+000 0.00000000e+000 0.00000000e+000 0.00000000e+000 0.00000000e+000 0.00000000e+000 0.00000000e+000 0.00000000e+000
61431.97930722 -43589.336317 49975.958785 28856.377319 0.00000000e+000 0.00000000e+000 0.00000000e+000 0.00000000e+000 0.00000000e+000 0.00000000e+000 0.00000000e+000 0.00000000e+000 0.00000000e+000 0.00000000e+000 0.00000000e+000 0.00000000e+000 0.00000000e+000 0.00000000e+000 0.00000000e+000 0.00000000e+000 0.00000000e+000 0.00000000e+000 0.00000000e+000 0.00000000e+000 0.00000000e+000 0.00000000e+000 0.00000000e+000 0.00000000e+000 0.00000000e+000
61431.99665116 -47809.241884 51381.254588 29651.390293 0.00000000e+000 0.00000000e+000 0.00000000e+000 0.00000000e+000 0.00000000e+000 0.00000000e+000 0.00000000e+000 0.00000000e+000 0.00000000e+000 0.00000000e+000 0.00000000e+000 0.00000000e+000 0.00000000e+000 0.00000000e+000 0.00000000e+000 0.00000000e+000 0.00000000e+000 0.00000000e+000 0.00000000e+000 0.00000000e+000 0.00000000e+000 0.00000000e+000 0.00000000e+000 0.00000000e+000 0.00000000e+000
61432.01465213 -52086.743112 52729.762074 30413.020764 0.00000000e+000 0.00000000e+000 0.00000000e+000 0.00000000e+000 0.00000000e+000 0.00000000e+000 0.00000000e+000 0.00000000e+000 0.00000000e+000 0.00000000e+000 0.00000000e+000 0.00000000e+000 0.00000000e+000 0.00000000e+000 0.00000000e+000 0.00000000e+000 0.00000000e+000 0.00000000e+000 0.00000000e+000 0.00000000e+000 0.00000000e+000 0.00000000e+000 0.00000000e+000 0.00000000e+000 0.00000000e+000
61432.03472073 -56740.675597 54116.892162 31195.066308 0.00000000e+000 0.00000000e+000 0.00000000e+000 0.00000000e+000 0.00000000e+000 0.00000000e+000 0.00000000e+000 0.00000000e+000 0.00000000e+000 0.00000000e+000 0.00000000e+000 0.00000000e+000 0.00000000e+000 0.00000000e+000 0.00000000e+000 0.00000000e+000 0.00000000e+000 0.00000000e+000 0.00000000e+000 0.00000000e+000 0.00000000e+000 0.00000000e+000 0.00000000e+000 0.00000000e+000 0.00000000e+000
61432.05633005 -61625.563605 55489.968184 31967.655132 0.00000000e+000 0.00000000e+000 0.00000000e+000 0.00000000e+000 0.00000000e+000 0.00000000e+000 0.00000000e+000 0.00000000e+000 0.00000000e+000 0.00000000e+000 0.00000000e+000 0.00000000e+000 0.00000000e+000 0.00000000e+000 0.00000000e+000 0.00000000e+000 0.00000000e+000 0.00000000e+000 0.00000000e+000 0.00000000e+000 0.00000000e+000 0.00000000e+000 0.00000000e+000 0.00000000e+000 0.00000000e+000
61432.07963422 -66757.082471 56847.771818 32729.989889 0.00000000e+000 0.00000000e+000 0.00000000e+000 0.00000000e+000 0.00000000e+000 0.00000000e+000 0.00000000e+000 0.00000000e+000 0.00000000e+000 0.00000000e+000 0.00000000e+000 0.00000000e+000 0.00000000e+000 0.00000000e+000 0.00000000e+000 0.00000000e+000 0.00000000e+000 0.00000000e+000 0.00000000e+000 0.00000000e+000 0.00000000e+000 0.00000000e+000 0.00000000e+000 0.00000000e+000 0.00000000e+000
61432.10478522 -72147.845591 58187.578313 33480.412442 0.00000000e+000 0.00000000e+000 0.00000000e+000 0.00000000e+000 0.00000000e+000 0.00000000e+000 0.00000000e+000 0.00000000e+000 0.00000000e+000 0.00000000e+000 0.00000000e+000 0.00000000e+000 0.00000000e+000 0.00000000e+000 0.00000000e+000 0.00000000e+000 0.00000000e+000 0.00000000e+000 0.00000000e+000 0.00000000e+000 0.00000000e+000 0.00000000e+000 0.00000000e+000 0.00000000e+000 0.00000000e+000
61432.13194944 -77810.993677 59506.223191 34217.005057 0.00000000e+000 0.00000000e+000 0.00000000e+000 0.00000000e+000 0.00000000e+000 0.00000000e+000 0.00000000e+000 0.00000000e+000 0.00000000e+000 0.00000000e+000 0.00000000e+000 0.00000000e+000 0.00000000e+000 0.00000000e+000 0.00000000e+000 0.00000000e+000 0.00000000e+000 0.00000000e+000 0.00000000e+000 0.00000000e+000 0.00000000e+000 0.00000000e+000 0.00000000e+000 0.00000000e+000 0.00000000e+000
61432.16130868 -83760.070500 60800.037840 34937.553417 0.00000000e+000 0.00000000e+000 0.00000000e+000 0.00000000e+000 0.00000000e+000 0.00000000e+000 0.00000000e+000 0.00000000e+000 0.00000000e+000 0.00000000e+000 0.00000000e+000 0.00000000e+000 0.00000000e+000 0.00000000e+000 0.00000000e+000 0.00000000e+000 0.00000000e+000 0.00000000e+000 0.00000000e+000 0.00000000e+000 0.00000000e+000 0.00000000e+000 0.00000000e+000 0.00000000e+000 0.00000000e+000
61432.19300115 -89997.273482 62062.524603 35638.257499 0.00000000e+000 0.00000000e+000 0.00000000e+000 0.00000000e+000 0.00000000e+000 0.00000000e+000 0.00000000e+000 0.00000000e+000 0.00000000e+000 0.00000000e+000 0.00000000e+000 0.00000000e+000 0.00000000e+000 0.00000000e+000 0.00000000e+000 0.00000000e+000 0.00000000e+000 0.00000000e+000 0.00000000e+000 0.00000000e+000 0.00000000e+000 0.00000000e+000 0.00000000e+000 0.00000000e+000 0.00000000e+000
61432.22719831 -96529.306140 63288.039505 36315.788329 0.00000000e+000 0.00000000e+000 0.00000000e+000 0.00000000e+000 0.00000000e+000 0.00000000e+000 0.00000000e+000 0.00000000e+000 0.00000000e+000 0.00000000e+000 0.00000000e+000 0.00000000e+000 0.00000000e+000 0.00000000e+000 0.00000000e+000 0.00000000e+000 0.00000000e+000 0.00000000e+000 0.00000000e+000 0.00000000e+000 0.00000000e+000 0.00000000e+000 0.00000000e+000 0.00000000e+000 0.00000000e+000
61432.26410505 -103366.579889 64471.292614 36967.001135 0.00000000e+000 0.00000000e+000 0.00000000e+000 0.00000000e+000 0.00000000e+000 0.00000000e+000 0.00000000e+000 0.00000000e+000 0.00000000e+000 0.00000000e+000 0.00000000e+000 0.00000000e+000 0.00000000e+000 0.00000000e+000 0.00000000e+000 0.00000000e+000 0.00000000e+000 0.00000000e+000 0.00000000e+000 0.00000000e+000 0.00000000e+000 0.00000000e+000 0.00000000e+000 0.00000000e+000 0.00000000e+000
61432.30394166 -110519.228760 65606.445439 37588.431415 0.00000000e+000 0.00000000e+000 0.00000000e+000 0.00000000e+000 0.00000000e+000 0.00000000e+000 0.00000000e+000 0.00000000e+000 0.00000000e+000 0.00000000e+000 0.00000000e+000 0.00000000e+000 0.00000000e+000 0.00000000e+000 0.00000000e+000 0.00000000e+000 0.00000000e+000 0.00000000e+000 0.00000000e+000 0.00000000e+000 0.00000000e+000 0.00000000e+000 0.00000000e+000 0.00000000e+000 0.00000000e+000
61432.34694535 -117997.086135 66687.094690 38176.285196 0.00000000e+000 0.00000000e+000 0.00000000e+000 0.00000000e+000 0.00000000e+000 0.00000000e+000 0.00000000e+000 0.00000000e+000 0.00000000e+000 0.00000000e+000 0.00000000e+000 0.00000000e+000 0.00000000e+000 0.00000000e+000 0.00000000e+000 0.00000000e+000 0.00000000e+000 0.00000000e+000 0.00000000e+000 0.00000000e+000 0.00000000e+000 0.00000000e+000 0.00000000e+000 0.00000000e+000 0.00000000e+000
61432.39337235 -125809.727738 67706.257717 38726.429816 0.00000000e+000 0.00000000e+000 0.00000000e+000 0.00000000e+000 0.00000000e+000 0.00000000e+000 0.00000000e+000 0.00000000e+000 0.00000000e+000 0.00000000e+000 0.00000000e+000 0.00000000e+000 0.00000000e+000 0.00000000e+000 0.00000000e+000 0.00000000e+000 0.00000000e+000 0.00000000e+000 0.00000000e+000 0.00000000e+000 0.00000000e+000 0.00000000e+000 0.00000000e+000 0.00000000e+000 0.00000000e+000
61432.44349859 -133966.229619 68656.313670 39234.360407 0.00000000e+000 0.00000000e+000 0.00000000e+000 0.00000000e+000 0.00000000e+000 0.00000000e+000 0.00000000e+000 0.00000000e+000 0.00000000e+000 0.00000000e+000 0.00000000e+000 0.00000000e+000 0.00000000e+000 0.00000000e+000 0.00000000e+000 0.00000000e+000 0.00000000e+000 0.00000000e+000 0.00000000e+000 0.00000000e+000 0.00000000e+000 0.00000000e+000 0.00000000e+000 0.00000000e+000 0.00000000e+000
61432.49762079 -142474.981212 69528.959464 39695.174609 0.00000000e+000 0.00000000e+000 0.00000000e+000 0.00000000e+000 0.00000000e+000 0.00000000e+000 0.00000000e+000 0.00000000e+000 0.00000000e+000 0.00000000e+000 0.00000000e+000 0.00000000e+000 0.00000000e+000 0.00000000e+000 0.00000000e+000 0.00000000e+000 0.00000000e+000 0.00000000e+000 0.00000000e+000 0.00000000e+000 0.00000000e+000 0.00000000e+000 0.00000000e+000 0.00000000e+000 0.00000000e+000
61432.55605924 -151343.723278 70315.187334 40103.558503 0.00000000e+000 0.00000000e+000 0.00000000e+000 0.00000000e+000 0.00000000e+000 0.00000000e+000 0.00000000e+000 0.00000000e+000 0.00000000e+000 0.00000000e+000 0.00000000e+000 0.00000000e+000 0.00000000e+000 0.00000000e+000 0.00000000e+000 0.00000000e+000 0.00000000e+000 0.00000000e+000 0.00000000e+000 0.00000000e+000 0.00000000e+000 0.00000000e+000 0.00000000e+000 0.00000000e+000 0.00000000e+000
61432.61915747 -160579.063661 71005.209701 40453.744661 0.00000000e+000 0.00000000e+000 0.00000000e+000 0.00000000e+000 0.00000000e+000 0.00000000e+000 0.00000000e+000 0.00000000e+000 0.00000000e+000 0.00000000e+000 0.00000000e+000 0.00000000e+000 0.00000000e+000 0.00000000e+000 0.00000000e+000 0.00000000e+000 0.00000000e+000 0.00000000e+000 0.00000000e+000 0.00000000e+000 0.00000000e+000 0.00000000e+000 0.00000000e+000 0.00000000e+000 0.00000000e+000
61432.68728510 -170186.454775 71588.433290 40739.496249 0.00000000e+000 0.00000000e+000 0.00000000e+000 0.00000000e+000 0.00000000e+000 0.00000000e+000 0.00000000e+000 0.00000000e+000 0.00000000e+000 0.00000000e+000 0.00000000e+000 0.00000000e+000 0.00000000e+000 0.00000000e+000 0.00000000e+000 0.00000000e+000 0.00000000e+000 0.00000000e+000 0.00000000e+000 0.00000000e+000 0.00000000e+000 0.00000000e+000 0.00000000e+000 0.00000000e+000 0.00000000e+000
61432.76083995 -180169.983554 72053.409474 40954.078265 0.00000000e+000 0.00000000e+000 0.00000000e+000 0.00000000e+000 0.00000000e+000 0.00000000e+000 0.00000000e+000 0.00000000e+000 0.00000000e+000 0.00000000e+000 0.00000000e+000 0.00000000e+000 0.00000000e+000 0.00000000e+000 0.00000000e+000 0.00000000e+000 0.00000000e+000 0.00000000e+000 0.00000000e+000 0.00000000e+000 0.00000000e+000 0.00000000e+000 0.00000000e+000 0.00000000e+000 0.00000000e+000
61432.84024801 -190531.840684 72387.773561 41090.224148 0.00000000e+000 0.00000000e+000 0.00000000e+000 0.00000000e+000 0.00000000e+000 0.00000000e+000 0.00000000e+000 0.00000000e+000 0.00000000e+000 0.00000000e+000 0.00000000e+000 0.00000000e+000 0.00000000e+000 0.00000000e+000 0.00000000e+000 0.00000000e+000 0.00000000e+000 0.00000000e+000 0.00000000e+000 0.00000000e+000 0.00000000e+000 0.00000000e+000 0.00000000e+000 0.00000000e+000 0.00000000e+000
61432.92596730 -201272.261341 72578.211484 41140.115777 0.00000000e+000 0.00000000e+000 0.00000000e+000 0.00000000e+000 0.00000000e+000 0.00000000e+000 0.00000000e+000 0.00000000e+000 0.00000000e+000 0.00000000e+000 0.00000000e+000 0.00000000e+000 0.00000000e+000 0.00000000e+000 0.00000000e+000 0.00000000e+000 0.00000000e+000 0.00000000e+000 0.00000000e+000 0.00000000e+000 0.00000000e+000 0.00000000e+000 0.00000000e+000 0.00000000e+000 0.00000000e+000
61433.01848692 -212388.778606 72610.408656 41095.357133 0.00000000e+000 0.00000000e+000 0.00000000e+000 0.00000000e+000 0.00000000e+000 0.00000000e+000 0.00000000e+000 0.00000000e+000 0.00000000e+000 0.00000000e+000 0.00000000e+000 0.00000000e+000 0.00000000e+000 0.00000000e+000 0.00000000e+000 0.00000000e+000 0.00000000e+000 0.00000000e+000 0.00000000e+000 0.00000000e+000 0.00000000e+000 0.00000000e+000 0.00000000e+000 0.00000000e+000 0.00000000e+000
61433.11833072 -223876.031472 72469.025759 40946.960776 0.00000000e+000 0.00000000e+000 0.00000000e+000 0.00000000e+000 0.00000000e+000 0.00000000e+000 0.00000000e+000 0.00000000e+000 0.00000000e+000 0.00000000e+000 0.00000000e+000 0.00000000e+000 0.00000000e+000 0.00000000e+000 0.00000000e+000 0.00000000e+000 0.00000000e+000 0.00000000e+000 0.00000000e+000 0.00000000e+000 0.00000000e+000 0.00000000e+000 0.00000000e+000 0.00000000e+000 0.00000000e+000
61433.22605766 -235725.087850 72137.677700 40685.339268 0.00000000e+000 0.00000000e+000 0.00000000e+000 0.00000000e+000 0.00000000e+000 0.00000000e+000 0.00000000e+000 0.00000000e+000 0.00000000e+000 0.00000000e+000 0.00000000e+000 0.00000000e+000 0.00000000e+000 0.00000000e+000 0.00000000e+000 0.00000000e+000 0.00000000e+000 0.00000000e+000 0.00000000e+000 0.00000000e+000 0.00000000e+000 0.00000000e+000 0.00000000e+000 0.00000000e+000 0.00000000e+000
61433.34226184 -247922.707593 71598.944070 40300.315672 0.00000000e+000 0.00000000e+000 0.00000000e+000 0.00000000e+000 0.00000000e+000 0.00000000e+000 0.00000000e+000 0.00000000e+000 0.00000000e+000 0.00000000e+000 0.00000000e+000 0.00000000e+000 0.00000000e+000 0.00000000e+000 0.00000000e+000 0.00000000e+000 0.00000000e+000 0.00000000e+000 0.00000000e+000 0.00000000e+000 0.00000000e+000 0.00000000e+000 0.00000000e+000 0.00000000e+000 0.00000000e+000
61433.46757485 -260450.819903 70834.397874 39781.143763 0.00000000e+000 0.00000000e+000 0.00000000e+000 0.00000000e+000 0.00000000e+000 0.00000000e+000 0.00000000e+000 0.00000000e+000 0.00000000e+000 0.00000000e+000 0.00000000e+000 0.00000000e+000 0.00000000e+000 0.00000000e+000 0.00000000e+000 0.00000000e+000 0.00000000e+000 0.00000000e+000 0.00000000e+000 0.00000000e+000 0.00000000e+000 0.00000000e+000 0.00000000e+000 0.00000000e+000 0.00000000e+000
61433.60266853 -273285.936137 69824.648237 39116.536808 0.00000000e+000 0.00000000e+000 0.00000000e+000 0.00000000e+000 0.00000000e+000 0.00000000e+000 0.00000000e+000 0.00000000e+000 0.00000000e+000 0.00000000e+000 0.00000000e+000 0.00000000e+000 0.00000000e+000 0.00000000e+000 0.00000000e+000 0.00000000e+000 0.00000000e+000 0.00000000e+000 0.00000000e+000 0.00000000e+000 0.00000000e+000 0.00000000e+000 0.00000000e+000 0.00000000e+000 0.00000000e+000
61433.74825840 -286398.514353 68549.395667 38294.703655 0.00000000e+000 0.00000000e+000 0.00000000e+000 0.00000000e+000 0.00000000e+000 0.00000000e+000 0.00000000e+000 0.00000000e+000 0.00000000e+000 0.00000000e+000 0.00000000e+000 0.00000000e+000 0.00000000e+000 0.00000000e+000 0.00000000e+000 0.00000000e+000 0.00000000e+000 0.00000000e+000 0.00000000e+000 0.00000000e+000 0.00000000e+000 0.00000000e+000 0.00000000e+000 0.00000000e+000 0.00000000e+000
61433.90511367 -299752.729126 66987.436625 37303.352015 0.00000000e+000 0.00000000e+000 0.00000000e+000 0.00000000e+000 0.00000000e+000 0.00000000e+000 0.00000000e+000 0.00000000e+000 0.00000000e+000 0.00000000e+000 0.00000000e+000 0.00000000e+000 0.00000000e+000 0.00000000e+000 0.00000000e+000 0.00000000e+000 0.00000000e+000 0.00000000e+000 0.00000000e+000 0.00000000e+000 0.00000000e+000 0.00000000e+000 0.00000000e+000 0.00000000e+000 0.00000000e+000
