# Ae9Ap9 Model output file: MoonBEAM_trajectory_trade/Rp18408_COM_8per90prop30inc_Tran.AP9.output_mc_fluenceIntv_077.txt
# Ae9Ap9 Software Version:  1.50.001
#
# Model type:               AP9
# Particle species:         H+
# Flux type:                1PtDiff
# Flux direction:           Omnidirectional
# Energy levels (MeV):       0.1 0.2 0.4 0.6 0.8 1 2 4 6 8 10 15 20 30 50 60 80 100 150 200 300 400 700 1200 2000
#
# Accumulation mode:        Interval, length = 13997 seconds (0.162002 days)
#
# Time format:              Modified Julian Date
# Coordinate system:        GEI (Geocentric Equatorial Inertial) Cartesian in km
# Data Delimiter:           space
#
# datetime(mjd),posx(km),posy(km),posz(km),fluence,fluence,fluence,fluence,fluence,fluence,fluence,fluence,fluence,fluence,fluence,fluence,fluence,fluence,fluence,fluence,fluence,fluence,fluence,fluence,fluence,fluence,fluence,fluence,fluence(#/cm^2/MeV)
61411.87033565 0.000000 0.000000 0.000000 2.57934478e+012 1.30671587e+012 5.39513822e+011 2.39743694e+011 1.18769251e+011 2.57798659e+010 3.13364083e+009 3.91166974e+008 8.83266291e+007 3.41467708e+007 1.22682910e+007 3.74960506e+006 9.33587530e+005 2.80763748e+005 1.31310722e+005 7.92244053e+004 5.13714256e+004 2.32534608e+004 8.98895681e+003 2.49045819e+003 7.58030540e+002 6.01069608e+001 1.23980256e+000 2.90520798e-003 0.00000000e+000
61412.03233796 0.000000 0.000000 0.000000 2.87880005e+012 1.36783289e+012 5.44699934e+011 2.40761998e+011 1.19198100e+011 2.58661031e+010 3.13564646e+009 3.91172981e+008 8.83266687e+007 3.41467708e+007 1.22682910e+007 3.74960506e+006 9.33587530e+005 2.80763748e+005 1.31310722e+005 7.92244053e+004 5.13714256e+004 2.32534608e+004 8.98895681e+003 2.49045819e+003 7.58030540e+002 6.01069608e+001 1.23980256e+000 2.90520798e-003 0.00000000e+000
61412.19434028 0.000000 0.000000 0.000000 4.13378066e+012 1.91449512e+012 6.87212240e+011 2.76071834e+011 1.30339948e+011 2.75540181e+010 3.30967050e+009 4.16587376e+008 9.71613119e+007 3.84584870e+007 1.36728236e+007 4.16084511e+006 1.03621985e+006 3.12135780e+005 1.46480114e+005 8.71465479e+004 5.54457576e+004 2.44961268e+004 9.36372862e+003 2.58649288e+003 7.89705512e+002 6.18014246e+001 1.25234088e+000 2.90520798e-003 0.00000000e+000
61412.35634259 0.000000 0.000000 0.000000 4.47658773e+012 2.01554511e+012 6.98320603e+011 2.77754909e+011 1.30786849e+011 2.76243114e+010 3.31186687e+009 4.16599505e+008 9.71613958e+007 3.84584872e+007 1.36728236e+007 4.16084511e+006 1.03621985e+006 3.12135780e+005 1.46480114e+005 8.71465479e+004 5.54457576e+004 2.44961268e+004 9.36372862e+003 2.58649288e+003 7.89705512e+002 6.18014246e+001 1.25234088e+000 2.90520798e-003 0.00000000e+000
61412.51834491 0.000000 0.000000 0.000000 4.49616521e+012 2.02059186e+012 6.98960811e+011 2.77910682e+011 1.30846989e+011 2.76328233e+010 3.31197383e+009 4.16599860e+008 9.71613958e+007 3.84584872e+007 1.36728236e+007 4.16084511e+006 1.03621985e+006 3.12135780e+005 1.46480114e+005 8.71465479e+004 5.54457576e+004 2.44961268e+004 9.36372862e+003 2.58649288e+003 7.89705512e+002 6.18014246e+001 1.25234088e+000 2.90520798e-003 0.00000000e+000
61412.68034722 0.000000 0.000000 0.000000 6.28709163e+012 2.86251557e+012 1.00415496e+012 3.90545675e+011 1.77451005e+011 3.40627244e+010 3.59058833e+009 4.27829136e+008 9.80135140e+007 3.86032751e+007 1.36874671e+007 4.16291137e+006 1.03651526e+006 3.12189830e+005 1.46489761e+005 8.71492775e+004 5.54468345e+004 2.44963501e+004 9.36374552e+003 2.58649037e+003 7.89705512e+002 6.18014246e+001 1.25234088e+000 2.90520798e-003 0.00000000e+000
61412.84234954 0.000000 0.000000 0.000000 8.02695932e+012 3.79700531e+012 1.44245322e+012 6.14386901e+011 2.99322056e+011 6.54879329e+010 8.68261253e+009 1.21345907e+009 2.95827438e+008 1.18957896e+008 4.50144620e+007 1.48548476e+007 4.00874320e+006 1.23826777e+006 5.81553786e+005 3.55334897e+005 2.43699649e+005 1.22501787e+005 5.40799484e+004 1.72068639e+004 5.34470885e+003 5.59293433e+002 2.01912346e+001 2.68003067e-001 0.00000000e+000
61413.00435185 0.000000 0.000000 0.000000 8.06586609e+012 3.80547342e+012 1.44334335e+012 6.14589580e+011 2.99408304e+011 6.55027433e+010 8.68288572e+009 1.21345986e+009 2.95827441e+008 1.18957896e+008 4.50144620e+007 1.48548476e+007 4.00874320e+006 1.23826777e+006 5.81553786e+005 3.55334897e+005 2.43699649e+005 1.22501787e+005 5.40799484e+004 1.72068639e+004 5.34470885e+003 5.59293433e+002 2.01912346e+001 2.68003067e-001 0.00000000e+000
61413.16635417 0.000000 0.000000 0.000000 8.06650261e+012 3.80566930e+012 1.44336762e+012 6.14593079e+011 2.99409141e+011 6.55028025e+010 8.68288618e+009 1.21345986e+009 2.95827441e+008 1.18957896e+008 4.50144620e+007 1.48548476e+007 4.00874320e+006 1.23826777e+006 5.81553786e+005 3.55334897e+005 2.43699649e+005 1.22501787e+005 5.40799484e+004 1.72068639e+004 5.34470885e+003 5.59293433e+002 2.01912346e+001 2.68003067e-001 0.00000000e+000
61413.32835648 0.000000 0.000000 0.000000 8.08659756e+012 3.81067914e+012 1.44397258e+012 6.14733391e+011 2.99464410e+011 6.55111404e+010 8.68300690e+009 1.21346024e+009 2.95827441e+008 1.18957896e+008 4.50144620e+007 1.48548476e+007 4.00874320e+006 1.23826777e+006 5.81553786e+005 3.55334897e+005 2.43699649e+005 1.22501787e+005 5.40799484e+004 1.72068639e+004 5.34470885e+003 5.59293433e+002 2.01912346e+001 2.68003067e-001 0.00000000e+000
61413.49035880 0.000000 0.000000 0.000000 9.66727903e+012 4.58513698e+012 1.74165011e+012 7.34390350e+011 3.53803697e+011 7.68038425e+010 1.02932347e+010 1.46690621e+009 3.66689904e+008 1.50780165e+008 5.73239490e+007 1.89333034e+007 5.11405045e+006 1.59715684e+006 7.58007852e+005 4.63371671e+005 3.16406826e+005 1.58024298e+005 6.96640247e+004 2.22408627e+004 6.85842986e+003 6.98344218e+002 2.45415278e+001 3.10249692e-001 0.00000000e+000
61413.65236111 0.000000 0.000000 0.000000 1.07252770e+013 5.08174735e+012 1.92017453e+012 8.02799062e+011 3.83777165e+011 8.17930288e+010 1.06321732e+010 1.48609260e+009 3.69250204e+008 1.51451925e+008 5.74261613e+007 1.89455764e+007 5.11545667e+006 1.59734418e+006 7.58044116e+005 4.63381709e+005 3.16410170e+005 1.58025096e+005 6.96642253e+004 2.22408945e+004 6.85842986e+003 6.98344218e+002 2.45415278e+001 3.10249692e-001 0.00000000e+000
61413.81436343 0.000000 0.000000 0.000000 1.07258101e+013 5.08190291e+012 1.92019389e+012 8.02802461e+011 3.83778099e+011 8.17931287e+010 1.06321744e+010 1.48609260e+009 3.69250204e+008 1.51451925e+008 5.74261613e+007 1.89455764e+007 5.11545667e+006 1.59734418e+006 7.58044116e+005 4.63381709e+005 3.16410170e+005 1.58025096e+005 6.96642253e+004 2.22408945e+004 6.85842986e+003 6.98344218e+002 2.45415278e+001 3.10249692e-001 0.00000000e+000
61413.97636574 0.000000 0.000000 0.000000 1.07258101e+013 5.08190291e+012 1.92019389e+012 8.02802461e+011 3.83778099e+011 8.17931287e+010 1.06321744e+010 1.48609260e+009 3.69250204e+008 1.51451925e+008 5.74261613e+007 1.89455764e+007 5.11545667e+006 1.59734418e+006 7.58044116e+005 4.63381709e+005 3.16410170e+005 1.58025096e+005 6.96642253e+004 2.22408945e+004 6.85842986e+003 6.98344218e+002 2.45415278e+001 3.10249692e-001 0.00000000e+000
61414.13836806 0.000000 0.000000 0.000000 1.07258101e+013 5.08190291e+012 1.92019389e+012 8.02802461e+011 3.83778099e+011 8.17931287e+010 1.06321744e+010 1.48609260e+009 3.69250204e+008 1.51451925e+008 5.74261613e+007 1.89455764e+007 5.11545667e+006 1.59734418e+006 7.58044116e+005 4.63381709e+005 3.16410170e+005 1.58025096e+005 6.96642253e+004 2.22408945e+004 6.85842986e+003 6.98344218e+002 2.45415278e+001 3.10249692e-001 0.00000000e+000
61414.30037037 0.000000 0.000000 0.000000 1.07272755e+013 5.08234876e+012 1.92025256e+012 8.02812542e+011 3.83780734e+011 8.17933974e+010 1.06321777e+010 1.48609261e+009 3.69250204e+008 1.51451925e+008 5.74261613e+007 1.89455764e+007 5.11545667e+006 1.59734418e+006 7.58044116e+005 4.63381709e+005 3.16410170e+005 1.58025096e+005 6.96642253e+004 2.22408945e+004 6.85842986e+003 6.98344218e+002 2.45415278e+001 3.10249692e-001 0.00000000e+000
61414.46237269 0.000000 0.000000 0.000000 1.22351461e+013 5.80093389e+012 2.18457739e+012 9.05101089e+011 4.28504319e+011 8.93731309e+010 1.12046246e+010 1.52529997e+009 3.75717852e+008 1.53590910e+008 5.78478291e+007 1.90108147e+007 5.12322829e+006 1.59848441e+006 7.58226441e+005 4.63426784e+005 3.16425737e+005 1.58028656e+005 6.96651614e+004 2.22410326e+004 6.85842986e+003 6.98344218e+002 2.45415278e+001 3.10249692e-001 0.00000000e+000
61414.62437500 0.000000 0.000000 0.000000 1.33617840e+013 6.34143481e+012 2.39059426e+012 9.92584668e+011 4.70791794e+011 9.88997761e+010 1.26584762e+010 1.76680310e+009 4.43120161e+008 1.83741176e+008 6.97809525e+007 2.30293729e+007 6.21822612e+006 1.95580412e+006 9.34355128e+005 5.71660606e+005 3.89533147e+005 1.93563114e+005 8.49320402e+004 2.70069224e+004 8.25530561e+003 8.17041625e+002 2.80115074e+001 3.43537516e-001 0.00000000e+000
61414.78637731 0.000000 0.000000 0.000000 1.33639033e+013 6.34203148e+012 2.39066755e+012 9.92598599e+011 4.70795985e+011 9.89003154e+010 1.26584829e+010 1.76680313e+009 4.43120161e+008 1.83741176e+008 6.97809525e+007 2.30293729e+007 6.21822612e+006 1.95580412e+006 9.34355128e+005 5.71660606e+005 3.89533147e+005 1.93563114e+005 8.49320402e+004 2.70069224e+004 8.25530561e+003 8.17041625e+002 2.80115074e+001 3.43537516e-001 0.00000000e+000
61414.94837963 0.000000 0.000000 0.000000 1.33639033e+013 6.34203148e+012 2.39066755e+012 9.92598599e+011 4.70795985e+011 9.89003154e+010 1.26584829e+010 1.76680313e+009 4.43120161e+008 1.83741176e+008 6.97809525e+007 2.30293729e+007 6.21822612e+006 1.95580412e+006 9.34355128e+005 5.71660606e+005 3.89533147e+005 1.93563114e+005 8.49320402e+004 2.70069224e+004 8.25530561e+003 8.17041625e+002 2.80115074e+001 3.43537516e-001 0.00000000e+000
61415.11038194 0.000000 0.000000 0.000000 1.33639033e+013 6.34203148e+012 2.39066755e+012 9.92598599e+011 4.70795985e+011 9.89003154e+010 1.26584829e+010 1.76680313e+009 4.43120161e+008 1.83741176e+008 6.97809525e+007 2.30293729e+007 6.21822612e+006 1.95580412e+006 9.34355128e+005 5.71660606e+005 3.89533147e+005 1.93563114e+005 8.49320402e+004 2.70069224e+004 8.25530561e+003 8.17041625e+002 2.80115074e+001 3.43537516e-001 0.00000000e+000
61415.27238426 0.000000 0.000000 0.000000 1.33639033e+013 6.34203148e+012 2.39066755e+012 9.92598599e+011 4.70795985e+011 9.89003154e+010 1.26584829e+010 1.76680313e+009 4.43120161e+008 1.83741176e+008 6.97809525e+007 2.30293729e+007 6.21822612e+006 1.95580412e+006 9.34355128e+005 5.71660606e+005 3.89533147e+005 1.93563114e+005 8.49320402e+004 2.70069224e+004 8.25530561e+003 8.17041625e+002 2.80115074e+001 3.43537516e-001 0.00000000e+000
61415.43438657 0.000000 0.000000 0.000000 1.33639033e+013 6.34203148e+012 2.39066755e+012 9.92598599e+011 4.70795985e+011 9.89003154e+010 1.26584829e+010 1.76680313e+009 4.43120161e+008 1.83741176e+008 6.97809525e+007 2.30293729e+007 6.21822612e+006 1.95580412e+006 9.34355128e+005 5.71660606e+005 3.89533147e+005 1.93563114e+005 8.49320402e+004 2.70069224e+004 8.25530561e+003 8.17041625e+002 2.80115074e+001 3.43537516e-001 0.00000000e+000
61415.59638889 0.000000 0.000000 0.000000 1.33639033e+013 6.34203148e+012 2.39066755e+012 9.92598599e+011 4.70795985e+011 9.89003154e+010 1.26584829e+010 1.76680313e+009 4.43120161e+008 1.83741176e+008 6.97809525e+007 2.30293729e+007 6.21822612e+006 1.95580412e+006 9.34355128e+005 5.71660606e+005 3.89533147e+005 1.93563114e+005 8.49320402e+004 2.70069224e+004 8.25530561e+003 8.17041625e+002 2.80115074e+001 3.43537516e-001 0.00000000e+000
61415.75839120 0.000000 0.000000 0.000000 1.33639447e+013 6.34204506e+012 2.39066935e+012 9.92598818e+011 4.70796014e+011 9.89003164e+010 1.26584829e+010 1.76680313e+009 4.43120161e+008 1.83741176e+008 6.97809525e+007 2.30293729e+007 6.21822612e+006 1.95580412e+006 9.34355128e+005 5.71660606e+005 3.89533147e+005 1.93563114e+005 8.49320402e+004 2.70069224e+004 8.25530561e+003 8.17041625e+002 2.80115074e+001 3.43537516e-001 0.00000000e+000
61415.92039352 0.000000 0.000000 0.000000 1.36678008e+013 6.43930161e+012 2.40309125e+012 9.94472347e+011 4.71262702e+011 9.89687212e+010 1.26606354e+010 1.76681580e+009 4.43120258e+008 1.83741176e+008 6.97809525e+007 2.30293729e+007 6.21822612e+006 1.95580412e+006 9.34355128e+005 5.71660606e+005 3.89533147e+005 1.93563114e+005 8.49320402e+004 2.70069224e+004 8.25530561e+003 8.17041625e+002 2.80115074e+001 3.43537516e-001 0.00000000e+000
61416.08239583 0.000000 0.000000 0.000000 1.49706667e+013 7.05413660e+012 2.61995307e+012 1.07245376e+012 5.03902854e+011 1.04996082e+011 1.33583181e+010 1.87364959e+009 4.76185235e+008 2.00300295e+008 7.62499187e+007 2.51649865e+007 6.79354141e+006 2.16171527e+006 1.04982341e+006 6.46671721e+005 4.39955094e+005 2.16599067e+005 9.40118760e+004 2.96000365e+004 8.99368459e+003 8.77238143e+002 2.99729821e+001 3.53209529e-001 0.00000000e+000
61416.24439815 0.000000 0.000000 0.000000 1.49736399e+013 7.05497925e+012 2.62005368e+012 1.07247143e+012 5.03907940e+011 1.04996738e+011 1.33583269e+010 1.87364963e+009 4.76185235e+008 2.00300295e+008 7.62499187e+007 2.51649865e+007 6.79354141e+006 2.16171527e+006 1.04982341e+006 6.46671721e+005 4.39955094e+005 2.16599067e+005 9.40118760e+004 2.96000365e+004 8.99368459e+003 8.77238143e+002 2.99729821e+001 3.53209529e-001 0.00000000e+000
61416.40640046 0.000000 0.000000 0.000000 1.49736399e+013 7.05497925e+012 2.62005368e+012 1.07247143e+012 5.03907940e+011 1.04996738e+011 1.33583269e+010 1.87364963e+009 4.76185235e+008 2.00300295e+008 7.62499187e+007 2.51649865e+007 6.79354141e+006 2.16171527e+006 1.04982341e+006 6.46671721e+005 4.39955094e+005 2.16599067e+005 9.40118760e+004 2.96000365e+004 8.99368459e+003 8.77238143e+002 2.99729821e+001 3.53209529e-001 0.00000000e+000
61416.56840278 0.000000 0.000000 0.000000 1.49736399e+013 7.05497925e+012 2.62005368e+012 1.07247143e+012 5.03907940e+011 1.04996738e+011 1.33583269e+010 1.87364963e+009 4.76185235e+008 2.00300295e+008 7.62499187e+007 2.51649865e+007 6.79354141e+006 2.16171527e+006 1.04982341e+006 6.46671721e+005 4.39955094e+005 2.16599067e+005 9.40118760e+004 2.96000365e+004 8.99368459e+003 8.77238143e+002 2.99729821e+001 3.53209529e-001 0.00000000e+000
61416.73040509 0.000000 0.000000 0.000000 1.49736399e+013 7.05497925e+012 2.62005368e+012 1.07247143e+012 5.03907940e+011 1.04996738e+011 1.33583269e+010 1.87364963e+009 4.76185235e+008 2.00300295e+008 7.62499187e+007 2.51649865e+007 6.79354141e+006 2.16171527e+006 1.04982341e+006 6.46671721e+005 4.39955094e+005 2.16599067e+005 9.40118760e+004 2.96000365e+004 8.99368459e+003 8.77238143e+002 2.99729821e+001 3.53209529e-001 0.00000000e+000
61416.89240741 0.000000 0.000000 0.000000 1.49736399e+013 7.05497925e+012 2.62005368e+012 1.07247143e+012 5.03907940e+011 1.04996738e+011 1.33583269e+010 1.87364963e+009 4.76185235e+008 2.00300295e+008 7.62499187e+007 2.51649865e+007 6.79354141e+006 2.16171527e+006 1.04982341e+006 6.46671721e+005 4.39955094e+005 2.16599067e+005 9.40118760e+004 2.96000365e+004 8.99368459e+003 8.77238143e+002 2.99729821e+001 3.53209529e-001 0.00000000e+000
61417.05440972 0.000000 0.000000 0.000000 1.49736399e+013 7.05497925e+012 2.62005368e+012 1.07247143e+012 5.03907940e+011 1.04996738e+011 1.33583269e+010 1.87364963e+009 4.76185235e+008 2.00300295e+008 7.62499187e+007 2.51649865e+007 6.79354141e+006 2.16171527e+006 1.04982341e+006 6.46671721e+005 4.39955094e+005 2.16599067e+005 9.40118760e+004 2.96000365e+004 8.99368459e+003 8.77238143e+002 2.99729821e+001 3.53209529e-001 0.00000000e+000
61417.21641204 0.000000 0.000000 0.000000 1.49736399e+013 7.05497925e+012 2.62005368e+012 1.07247143e+012 5.03907940e+011 1.04996738e+011 1.33583269e+010 1.87364963e+009 4.76185235e+008 2.00300295e+008 7.62499187e+007 2.51649865e+007 6.79354141e+006 2.16171527e+006 1.04982341e+006 6.46671721e+005 4.39955094e+005 2.16599067e+005 9.40118760e+004 2.96000365e+004 8.99368459e+003 8.77238143e+002 2.99729821e+001 3.53209529e-001 0.00000000e+000
61417.37841435 0.000000 0.000000 0.000000 1.49736399e+013 7.05497925e+012 2.62005368e+012 1.07247143e+012 5.03907940e+011 1.04996738e+011 1.33583269e+010 1.87364963e+009 4.76185235e+008 2.00300295e+008 7.62499187e+007 2.51649865e+007 6.79354141e+006 2.16171527e+006 1.04982341e+006 6.46671721e+005 4.39955094e+005 2.16599067e+005 9.40118760e+004 2.96000365e+004 8.99368459e+003 8.77238143e+002 2.99729821e+001 3.53209529e-001 0.00000000e+000
61417.54041667 0.000000 0.000000 0.000000 1.49736399e+013 7.05497925e+012 2.62005368e+012 1.07247143e+012 5.03907940e+011 1.04996738e+011 1.33583269e+010 1.87364963e+009 4.76185235e+008 2.00300295e+008 7.62499187e+007 2.51649865e+007 6.79354141e+006 2.16171527e+006 1.04982341e+006 6.46671721e+005 4.39955094e+005 2.16599067e+005 9.40118760e+004 2.96000365e+004 8.99368459e+003 8.77238143e+002 2.99729821e+001 3.53209529e-001 0.00000000e+000
61417.70241898 0.000000 0.000000 0.000000 1.49736399e+013 7.05497925e+012 2.62005368e+012 1.07247143e+012 5.03907940e+011 1.04996738e+011 1.33583269e+010 1.87364963e+009 4.76185235e+008 2.00300295e+008 7.62499187e+007 2.51649865e+007 6.79354141e+006 2.16171527e+006 1.04982341e+006 6.46671721e+005 4.39955094e+005 2.16599067e+005 9.40118760e+004 2.96000365e+004 8.99368459e+003 8.77238143e+002 2.99729821e+001 3.53209529e-001 0.00000000e+000
61417.86442130 0.000000 0.000000 0.000000 1.49736399e+013 7.05497925e+012 2.62005368e+012 1.07247143e+012 5.03907940e+011 1.04996738e+011 1.33583269e+010 1.87364963e+009 4.76185235e+008 2.00300295e+008 7.62499187e+007 2.51649865e+007 6.79354141e+006 2.16171527e+006 1.04982341e+006 6.46671721e+005 4.39955094e+005 2.16599067e+005 9.40118760e+004 2.96000365e+004 8.99368459e+003 8.77238143e+002 2.99729821e+001 3.53209529e-001 0.00000000e+000
61418.02642361 0.000000 0.000000 0.000000 1.49736399e+013 7.05497925e+012 2.62005368e+012 1.07247143e+012 5.03907940e+011 1.04996738e+011 1.33583269e+010 1.87364963e+009 4.76185235e+008 2.00300295e+008 7.62499187e+007 2.51649865e+007 6.79354141e+006 2.16171527e+006 1.04982341e+006 6.46671721e+005 4.39955094e+005 2.16599067e+005 9.40118760e+004 2.96000365e+004 8.99368459e+003 8.77238143e+002 2.99729821e+001 3.53209529e-001 0.00000000e+000
61418.18842593 0.000000 0.000000 0.000000 1.49736399e+013 7.05497927e+012 2.62005367e+012 1.07247143e+012 5.03907940e+011 1.04996738e+011 1.33583269e+010 1.87364963e+009 4.76185235e+008 2.00300295e+008 7.62499187e+007 2.51649865e+007 6.79354141e+006 2.16171527e+006 1.04982341e+006 6.46671721e+005 4.39955094e+005 2.16599067e+005 9.40118760e+004 2.96000365e+004 8.99368459e+003 8.77238143e+002 2.99729821e+001 3.53209529e-001 0.00000000e+000
61418.35042824 0.000000 0.000000 0.000000 1.51197992e+013 7.09938665e+012 2.62513549e+012 1.07327676e+012 5.04150953e+011 1.05035897e+011 1.33592406e+010 1.87365406e+009 4.76185261e+008 2.00300295e+008 7.62499187e+007 2.51649865e+007 6.79354141e+006 2.16171527e+006 1.04982341e+006 6.46671721e+005 4.39955094e+005 2.16599067e+005 9.40118760e+004 2.96000365e+004 8.99368459e+003 8.77238143e+002 2.99729821e+001 3.53209529e-001 0.00000000e+000
61418.51243056 0.000000 0.000000 0.000000 1.74985452e+013 8.18731926e+012 2.98982868e+012 1.20565351e+012 5.61362878e+011 1.15468034e+011 1.44682383e+010 2.03541791e+009 5.20915749e+008 2.20882260e+008 8.44440894e+007 2.80134116e+007 7.58939001e+006 2.43174380e+006 1.18671552e+006 7.31250878e+005 4.98510845e+005 2.45729677e+005 1.06713888e+005 3.34623653e+004 1.00394927e+004 9.51705577e+002 3.21087559e+001 3.77796677e-001 0.00000000e+000
61418.67443287 0.000000 0.000000 0.000000 1.75493231e+013 8.20265814e+012 2.99150359e+012 1.20592128e+012 5.61444386e+011 1.15480932e+011 1.44685038e+010 2.03541918e+009 5.20915751e+008 2.20882260e+008 8.44440894e+007 2.80134116e+007 7.58939001e+006 2.43174380e+006 1.18671552e+006 7.31250878e+005 4.98510845e+005 2.45729677e+005 1.06713888e+005 3.34623653e+004 1.00394927e+004 9.51705577e+002 3.21087559e+001 3.77796677e-001 0.00000000e+000
61418.83643519 0.000000 0.000000 0.000000 1.75493231e+013 8.20265814e+012 2.99150359e+012 1.20592128e+012 5.61444386e+011 1.15480932e+011 1.44685038e+010 2.03541918e+009 5.20915751e+008 2.20882260e+008 8.44440894e+007 2.80134116e+007 7.58939001e+006 2.43174380e+006 1.18671552e+006 7.31250878e+005 4.98510845e+005 2.45729677e+005 1.06713888e+005 3.34623653e+004 1.00394927e+004 9.51705577e+002 3.21087559e+001 3.77796677e-001 0.00000000e+000
61418.99843750 0.000000 0.000000 0.000000 1.75493231e+013 8.20265814e+012 2.99150359e+012 1.20592128e+012 5.61444386e+011 1.15480932e+011 1.44685038e+010 2.03541918e+009 5.20915751e+008 2.20882260e+008 8.44440894e+007 2.80134116e+007 7.58939001e+006 2.43174380e+006 1.18671552e+006 7.31250878e+005 4.98510845e+005 2.45729677e+005 1.06713888e+005 3.34623653e+004 1.00394927e+004 9.51705577e+002 3.21087559e+001 3.77796677e-001 0.00000000e+000
61419.16043981 0.000000 0.000000 0.000000 1.75493231e+013 8.20265814e+012 2.99150359e+012 1.20592128e+012 5.61444386e+011 1.15480932e+011 1.44685038e+010 2.03541918e+009 5.20915751e+008 2.20882260e+008 8.44440894e+007 2.80134116e+007 7.58939001e+006 2.43174380e+006 1.18671552e+006 7.31250878e+005 4.98510845e+005 2.45729677e+005 1.06713888e+005 3.34623653e+004 1.00394927e+004 9.51705577e+002 3.21087559e+001 3.77796677e-001 0.00000000e+000
61419.32244213 0.000000 0.000000 0.000000 1.75493231e+013 8.20265814e+012 2.99150359e+012 1.20592128e+012 5.61444386e+011 1.15480932e+011 1.44685038e+010 2.03541918e+009 5.20915751e+008 2.20882260e+008 8.44440894e+007 2.80134116e+007 7.58939001e+006 2.43174380e+006 1.18671552e+006 7.31250878e+005 4.98510845e+005 2.45729677e+005 1.06713888e+005 3.34623653e+004 1.00394927e+004 9.51705577e+002 3.21087559e+001 3.77796677e-001 0.00000000e+000
61419.48444444 0.000000 0.000000 0.000000 1.75493231e+013 8.20265814e+012 2.99150359e+012 1.20592128e+012 5.61444386e+011 1.15480932e+011 1.44685038e+010 2.03541918e+009 5.20915751e+008 2.20882260e+008 8.44440894e+007 2.80134116e+007 7.58939001e+006 2.43174380e+006 1.18671552e+006 7.31250878e+005 4.98510845e+005 2.45729677e+005 1.06713888e+005 3.34623653e+004 1.00394927e+004 9.51705577e+002 3.21087559e+001 3.77796677e-001 0.00000000e+000
61419.64644676 0.000000 0.000000 0.000000 1.75493231e+013 8.20265814e+012 2.99150359e+012 1.20592128e+012 5.61444386e+011 1.15480932e+011 1.44685038e+010 2.03541918e+009 5.20915751e+008 2.20882260e+008 8.44440894e+007 2.80134116e+007 7.58939001e+006 2.43174380e+006 1.18671552e+006 7.31250878e+005 4.98510845e+005 2.45729677e+005 1.06713888e+005 3.34623653e+004 1.00394927e+004 9.51705577e+002 3.21087559e+001 3.77796677e-001 0.00000000e+000
61419.80844907 0.000000 0.000000 0.000000 1.75493231e+013 8.20265814e+012 2.99150359e+012 1.20592128e+012 5.61444386e+011 1.15480932e+011 1.44685038e+010 2.03541918e+009 5.20915751e+008 2.20882260e+008 8.44440894e+007 2.80134116e+007 7.58939001e+006 2.43174380e+006 1.18671552e+006 7.31250878e+005 4.98510845e+005 2.45729677e+005 1.06713888e+005 3.34623653e+004 1.00394927e+004 9.51705577e+002 3.21087559e+001 3.77796677e-001 0.00000000e+000
61419.97045139 0.000000 0.000000 0.000000 1.75493231e+013 8.20265814e+012 2.99150359e+012 1.20592128e+012 5.61444386e+011 1.15480932e+011 1.44685038e+010 2.03541918e+009 5.20915751e+008 2.20882260e+008 8.44440894e+007 2.80134116e+007 7.58939001e+006 2.43174380e+006 1.18671552e+006 7.31250878e+005 4.98510845e+005 2.45729677e+005 1.06713888e+005 3.34623653e+004 1.00394927e+004 9.51705577e+002 3.21087559e+001 3.77796677e-001 0.00000000e+000
61420.13245370 0.000000 0.000000 0.000000 1.75493231e+013 8.20265814e+012 2.99150359e+012 1.20592128e+012 5.61444386e+011 1.15480932e+011 1.44685038e+010 2.03541918e+009 5.20915751e+008 2.20882260e+008 8.44440894e+007 2.80134116e+007 7.58939001e+006 2.43174380e+006 1.18671552e+006 7.31250878e+005 4.98510845e+005 2.45729677e+005 1.06713888e+005 3.34623653e+004 1.00394927e+004 9.51705577e+002 3.21087559e+001 3.77796677e-001 0.00000000e+000
61420.29445602 0.000000 0.000000 0.000000 1.75493231e+013 8.20265814e+012 2.99150359e+012 1.20592128e+012 5.61444386e+011 1.15480932e+011 1.44685038e+010 2.03541918e+009 5.20915751e+008 2.20882260e+008 8.44440894e+007 2.80134116e+007 7.58939001e+006 2.43174380e+006 1.18671552e+006 7.31250878e+005 4.98510845e+005 2.45729677e+005 1.06713888e+005 3.34623653e+004 1.00394927e+004 9.51705577e+002 3.21087559e+001 3.77796677e-001 0.00000000e+000
61420.45645833 0.000000 0.000000 0.000000 1.75493231e+013 8.20265814e+012 2.99150359e+012 1.20592128e+012 5.61444386e+011 1.15480932e+011 1.44685038e+010 2.03541918e+009 5.20915751e+008 2.20882260e+008 8.44440894e+007 2.80134116e+007 7.58939001e+006 2.43174380e+006 1.18671552e+006 7.31250878e+005 4.98510845e+005 2.45729677e+005 1.06713888e+005 3.34623653e+004 1.00394927e+004 9.51705577e+002 3.21087559e+001 3.77796677e-001 0.00000000e+000
61420.55915852 0.000000 0.000000 0.000000 1.75493231e+013 8.20265814e+012 2.99150359e+012 1.20592128e+012 5.61444386e+011 1.15480932e+011 1.44685038e+010 2.03541918e+009 5.20915751e+008 2.20882260e+008 8.44440894e+007 2.80134116e+007 7.58939001e+006 2.43174380e+006 1.18671552e+006 7.31250878e+005 4.98510845e+005 2.45729677e+005 1.06713888e+005 3.34623653e+004 1.00394927e+004 9.51705577e+002 3.21087559e+001 3.77796677e-001 0.00000000e+000
