# Ae9Ap9 Model output file: MoonBEAM_trajectory_trade/Rp18408_COM_8per90prop30inc_Sci.AE9.output_mc_flux_conf_level_50.txt
# Ae9Ap9 Software Version:  1.50.001
#
# Model type:               AE9
# Particle species:         e-
# Flux type:                1PtDiff
# Flux direction:           Omnidirectional
# Energy levels (MeV):       0.04 0.07 0.1 0.25 0.5 0.75 1 1.5 2 2.5 3 3.5 4 4.5 5 5.5 6 6.5 7 8.5 10
#
# Aggregation Confidence Level:   median (50)
# Scenarios in Aggregation (100): 001-100
#
# Time format:              Modified Julian Date
# Coordinate system:        GEI (Geocentric Equatorial Inertial) Cartesian in km
# Data Delimiter:           space
#
# datetime(mjd),posx(km),posy(km),posz(km),flux,flux,flux,flux,flux,flux,flux,flux,flux,flux,flux,flux,flux,flux,flux,flux,flux,flux,flux,flux,flux(#/cm^2/s/MeV)
61429.46949573 -304181.640280 -80019.908149 -48268.149155 0.00000000e+000 0.00000000e+000 0.00000000e+000 0.00000000e+000 0.00000000e+000 0.00000000e+000 0.00000000e+000 0.00000000e+000 0.00000000e+000 0.00000000e+000 0.00000000e+000 0.00000000e+000 0.00000000e+000 0.00000000e+000 0.00000000e+000 0.00000000e+000 0.00000000e+000 0.00000000e+000 0.00000000e+000 0.00000000e+000 0.00000000e+000
61429.66048586 -288432.736372 -81391.796844 -48968.293303 0.00000000e+000 0.00000000e+000 0.00000000e+000 0.00000000e+000 0.00000000e+000 0.00000000e+000 0.00000000e+000 0.00000000e+000 0.00000000e+000 0.00000000e+000 0.00000000e+000 0.00000000e+000 0.00000000e+000 0.00000000e+000 0.00000000e+000 0.00000000e+000 0.00000000e+000 0.00000000e+000 0.00000000e+000 0.00000000e+000 0.00000000e+000
61429.83554417 -273010.020262 -82357.483670 -49436.342914 0.00000000e+000 0.00000000e+000 0.00000000e+000 0.00000000e+000 0.00000000e+000 0.00000000e+000 0.00000000e+000 0.00000000e+000 0.00000000e+000 0.00000000e+000 0.00000000e+000 0.00000000e+000 0.00000000e+000 0.00000000e+000 0.00000000e+000 0.00000000e+000 0.00000000e+000 0.00000000e+000 0.00000000e+000 0.00000000e+000 0.00000000e+000
61429.99606503 -257962.515504 -82957.629171 -49695.942067 0.00000000e+000 0.00000000e+000 0.00000000e+000 0.00000000e+000 0.00000000e+000 0.00000000e+000 0.00000000e+000 0.00000000e+000 0.00000000e+000 0.00000000e+000 0.00000000e+000 0.00000000e+000 0.00000000e+000 0.00000000e+000 0.00000000e+000 0.00000000e+000 0.00000000e+000 0.00000000e+000 0.00000000e+000 0.00000000e+000 0.00000000e+000
61430.14332375 -243325.313087 -83229.370856 -49768.584099 0.00000000e+000 0.00000000e+000 0.00000000e+000 0.00000000e+000 0.00000000e+000 0.00000000e+000 0.00000000e+000 0.00000000e+000 0.00000000e+000 0.00000000e+000 0.00000000e+000 0.00000000e+000 0.00000000e+000 0.00000000e+000 0.00000000e+000 0.00000000e+000 0.00000000e+000 0.00000000e+000 0.00000000e+000 0.00000000e+000 0.00000000e+000
61430.27841426 -229129.707830 -83206.426949 -49673.748906 0.00000000e+000 0.00000000e+000 0.00000000e+000 0.00000000e+000 0.00000000e+000 0.00000000e+000 0.00000000e+000 0.00000000e+000 0.00000000e+000 0.00000000e+000 0.00000000e+000 0.00000000e+000 0.00000000e+000 0.00000000e+000 0.00000000e+000 0.00000000e+000 0.00000000e+000 0.00000000e+000 0.00000000e+000 0.00000000e+000 0.00000000e+000
61430.40228940 -215403.737884 -82919.837530 -49429.352360 0.00000000e+000 0.00000000e+000 0.00000000e+000 0.00000000e+000 0.00000000e+000 0.00000000e+000 0.00000000e+000 0.00000000e+000 0.00000000e+000 0.00000000e+000 0.00000000e+000 0.00000000e+000 0.00000000e+000 0.00000000e+000 0.00000000e+000 0.00000000e+000 0.00000000e+000 0.00000000e+000 0.00000000e+000 0.00000000e+000 0.00000000e+000
61430.51580883 -202170.399177 -82398.415302 -49052.011790 0.00000000e+000 0.00000000e+000 0.00000000e+000 0.00000000e+000 0.00000000e+000 0.00000000e+000 0.00000000e+000 0.00000000e+000 0.00000000e+000 0.00000000e+000 0.00000000e+000 0.00000000e+000 0.00000000e+000 0.00000000e+000 0.00000000e+000 0.00000000e+000 0.00000000e+000 0.00000000e+000 0.00000000e+000 0.00000000e+000 0.00000000e+000
61430.61977333 -189445.885593 -81668.859664 -48557.111969 0.00000000e+000 0.00000000e+000 0.00000000e+000 0.00000000e+000 0.00000000e+000 0.00000000e+000 0.00000000e+000 0.00000000e+000 0.00000000e+000 0.00000000e+000 0.00000000e+000 0.00000000e+000 0.00000000e+000 0.00000000e+000 0.00000000e+000 0.00000000e+000 0.00000000e+000 0.00000000e+000 0.00000000e+000 0.00000000e+000 0.00000000e+000
61430.71493913 -177239.203290 -80755.717461 -47958.784592 0.00000000e+000 0.00000000e+000 0.00000000e+000 0.00000000e+000 0.00000000e+000 0.00000000e+000 0.00000000e+000 0.00000000e+000 0.00000000e+000 0.00000000e+000 0.00000000e+000 0.00000000e+000 0.00000000e+000 0.00000000e+000 0.00000000e+000 0.00000000e+000 0.00000000e+000 0.00000000e+000 0.00000000e+000 0.00000000e+000 0.00000000e+000
61430.80201861 -165553.095089 -79681.378917 -47269.910770 0.00000000e+000 0.00000000e+000 0.00000000e+000 0.00000000e+000 0.00000000e+000 0.00000000e+000 0.00000000e+000 0.00000000e+000 0.00000000e+000 0.00000000e+000 0.00000000e+000 0.00000000e+000 0.00000000e+000 0.00000000e+000 0.00000000e+000 0.00000000e+000 0.00000000e+000 0.00000000e+000 0.00000000e+000 0.00000000e+000 0.00000000e+000
61430.88167676 -154385.502613 -78466.176697 -46502.183187 0.00000000e+000 0.00000000e+000 0.00000000e+000 0.00000000e+000 0.00000000e+000 0.00000000e+000 0.00000000e+000 0.00000000e+000 0.00000000e+000 0.00000000e+000 0.00000000e+000 0.00000000e+000 0.00000000e+000 0.00000000e+000 0.00000000e+000 0.00000000e+000 0.00000000e+000 0.00000000e+000 0.00000000e+000 0.00000000e+000 0.00000000e+000
61430.95453120 -143730.591781 -77128.516026 -45666.182304 0.00000000e+000 0.00000000e+000 0.00000000e+000 0.00000000e+000 0.00000000e+000 0.00000000e+000 0.00000000e+000 0.00000000e+000 0.00000000e+000 0.00000000e+000 0.00000000e+000 0.00000000e+000 0.00000000e+000 0.00000000e+000 0.00000000e+000 0.00000000e+000 0.00000000e+000 0.00000000e+000 0.00000000e+000 0.00000000e+000 0.00000000e+000
61431.02115235 -133579.751094 -75685.045112 -44771.475483 0.00000000e+000 0.00000000e+000 0.00000000e+000 0.00000000e+000 0.00000000e+000 0.00000000e+000 0.00000000e+000 0.00000000e+000 0.00000000e+000 0.00000000e+000 0.00000000e+000 0.00000000e+000 0.00000000e+000 0.00000000e+000 0.00000000e+000 0.00000000e+000 0.00000000e+000 0.00000000e+000 0.00000000e+000 0.00000000e+000 0.00000000e+000
61431.08206661 -123922.090855 -74150.787180 -43826.691445 0.00000000e+000 0.00000000e+000 0.00000000e+000 0.00000000e+000 0.00000000e+000 0.00000000e+000 0.00000000e+000 0.00000000e+000 0.00000000e+000 0.00000000e+000 0.00000000e+000 0.00000000e+000 0.00000000e+000 0.00000000e+000 0.00000000e+000 0.00000000e+000 0.00000000e+000 0.00000000e+000 0.00000000e+000 0.00000000e+000 0.00000000e+000
61431.13775961 -114744.842966 -72539.255136 -42839.584784 0.00000000e+000 0.00000000e+000 0.00000000e+000 0.00000000e+000 0.00000000e+000 0.00000000e+000 0.00000000e+000 0.00000000e+000 0.00000000e+000 0.00000000e+000 0.00000000e+000 0.00000000e+000 0.00000000e+000 0.00000000e+000 0.00000000e+000 0.00000000e+000 0.00000000e+000 0.00000000e+000 0.00000000e+000 0.00000000e+000 0.00000000e+000
61431.18867788 -106033.925911 -70862.596598 -41817.119832 0.00000000e+000 0.00000000e+000 0.00000000e+000 0.00000000e+000 0.00000000e+000 0.00000000e+000 0.00000000e+000 0.00000000e+000 0.00000000e+000 0.00000000e+000 0.00000000e+000 0.00000000e+000 0.00000000e+000 0.00000000e+000 0.00000000e+000 0.00000000e+000 0.00000000e+000 0.00000000e+000 0.00000000e+000 0.00000000e+000 0.00000000e+000
61431.23513819 -97791.164519 -69135.393878 -40767.771557 0.00000000e+000 0.00000000e+000 0.00000000e+000 0.00000000e+000 0.00000000e+000 0.00000000e+000 0.00000000e+000 0.00000000e+000 0.00000000e+000 0.00000000e+000 0.00000000e+000 0.00000000e+000 0.00000000e+000 0.00000000e+000 0.00000000e+000 0.00000000e+000 0.00000000e+000 0.00000000e+000 0.00000000e+000 0.00000000e+000 0.00000000e+000
61431.27743281 -90018.360808 -67372.421130 -39700.132733 0.00000000e+000 0.00000000e+000 0.00000000e+000 0.00000000e+000 0.00000000e+000 0.00000000e+000 0.00000000e+000 0.00000000e+000 0.00000000e+000 0.00000000e+000 0.00000000e+000 0.00000000e+000 0.00000000e+000 0.00000000e+000 0.00000000e+000 0.00000000e+000 0.00000000e+000 0.00000000e+000 0.00000000e+000 0.00000000e+000 0.00000000e+000
61431.31596339 -82691.844157 -65582.343558 -38619.109235 0.00000000e+000 0.00000000e+000 0.00000000e+000 0.00000000e+000 0.00000000e+000 0.00000000e+000 0.00000000e+000 0.00000000e+000 0.00000000e+000 0.00000000e+000 0.00000000e+000 0.00000000e+000 0.00000000e+000 0.00000000e+000 0.00000000e+000 0.00000000e+000 0.00000000e+000 0.00000000e+000 0.00000000e+000 0.00000000e+000 0.00000000e+000
61431.35109535 -75787.741705 -63772.423078 -37528.792685 0.00000000e+000 0.00000000e+000 0.00000000e+000 0.00000000e+000 0.00000000e+000 0.00000000e+000 0.00000000e+000 0.00000000e+000 0.00000000e+000 0.00000000e+000 0.00000000e+000 0.00000000e+000 0.00000000e+000 0.00000000e+000 0.00000000e+000 0.00000000e+000 0.00000000e+000 0.00000000e+000 0.00000000e+000 0.00000000e+000 0.00000000e+000
61431.38315644 -69283.119910 -61948.876330 -36432.673884 0.00000000e+000 0.00000000e+000 0.00000000e+000 0.00000000e+000 0.00000000e+000 0.00000000e+000 0.00000000e+000 0.00000000e+000 0.00000000e+000 0.00000000e+000 0.00000000e+000 0.00000000e+000 0.00000000e+000 0.00000000e+000 0.00000000e+000 0.00000000e+000 0.00000000e+000 0.00000000e+000 0.00000000e+000 0.00000000e+000 0.00000000e+000
61431.41244163 -63155.874443 -60116.950926 -35333.685850 0.00000000e+000 0.00000000e+000 0.00000000e+000 0.00000000e+000 0.00000000e+000 0.00000000e+000 0.00000000e+000 0.00000000e+000 0.00000000e+000 0.00000000e+000 0.00000000e+000 0.00000000e+000 0.00000000e+000 0.00000000e+000 0.00000000e+000 0.00000000e+000 0.00000000e+000 0.00000000e+000 0.00000000e+000 0.00000000e+000 0.00000000e+000
61431.43921602 -57384.902802 -58281.066994 -34234.286578 0.00000000e+000 0.00000000e+000 0.00000000e+000 0.00000000e+000 0.00000000e+000 0.00000000e+000 0.00000000e+000 0.00000000e+000 0.00000000e+000 0.00000000e+000 0.00000000e+000 0.00000000e+000 0.00000000e+000 0.00000000e+000 0.00000000e+000 0.00000000e+000 0.00000000e+000 0.00000000e+000 0.00000000e+000 0.00000000e+000 0.00000000e+000
61431.46371848 -51950.009894 -56444.873818 -33136.491117 0.00000000e+000 0.00000000e+000 0.00000000e+000 0.00000000e+000 0.00000000e+000 0.00000000e+000 0.00000000e+000 0.00000000e+000 0.00000000e+000 0.00000000e+000 0.00000000e+000 0.00000000e+000 0.00000000e+000 0.00000000e+000 0.00000000e+000 0.00000000e+000 0.00000000e+000 0.00000000e+000 0.00000000e+000 0.00000000e+000 0.00000000e+000
61431.48616410 -46832.005709 -54611.356613 -32041.933955 0.00000000e+000 0.00000000e+000 0.00000000e+000 0.00000000e+000 0.00000000e+000 0.00000000e+000 0.00000000e+000 0.00000000e+000 0.00000000e+000 0.00000000e+000 0.00000000e+000 0.00000000e+000 0.00000000e+000 0.00000000e+000 0.00000000e+000 0.00000000e+000 0.00000000e+000 0.00000000e+000 0.00000000e+000 0.00000000e+000 0.00000000e+000
61431.50674721 -42012.562069 -52782.853828 -30951.878132 1.11333872e+006 7.40570629e+005 1.85219902e+005 1.77659813e+004 1.46705148e+003 1.59432799e+002 3.28180864e+001 7.92709689e+000 1.95530217e+000 5.54751340e-001 1.32965647e-001 1.01687561e-002 1.64893053e-003 0.00000000e+000 0.00000000e+000 0.00000000e+000 0.00000000e+000 0.00000000e+000 0.00000000e+000 0.00000000e+000 0.00000000e+000
61431.52564326 -37474.288399 -50961.140176 -29867.263822 2.34526158e+006 1.59955810e+006 4.27062781e+005 4.36289059e+004 3.41765247e+003 4.06433732e+002 8.26400091e+001 2.11622980e+001 5.33023467e+000 1.61755961e+000 5.78724506e-001 1.96663762e-001 1.04015779e-001 0.00000000e+000 0.00000000e+000 0.00000000e+000 0.00000000e+000 0.00000000e+000 0.00000000e+000 0.00000000e+000 0.00000000e+000
61431.54301094 -33200.670830 -49147.454626 -28788.724199 5.52176073e+006 3.89301924e+006 1.07457263e+006 1.17504630e+005 9.89919915e+003 1.06803564e+003 2.20409260e+002 5.32755633e+001 1.52533226e+001 4.75584104e+000 1.71120844e+000 7.95012322e-001 3.95778416e-001 1.33387898e-001 6.01434900e-002 0.00000000e+000 0.00000000e+000 0.00000000e+000 0.00000000e+000 0.00000000e+000 0.00000000e+000
61431.55899419 -29175.977304 -47342.499611 -27716.584394 1.20544961e+007 9.30166628e+006 2.59708044e+006 3.05490452e+005 2.64595912e+004 2.79461847e+003 4.96256411e+002 1.13859477e+002 3.31425769e+001 1.05665074e+001 3.95644604e+000 1.90919412e+000 9.75893692e-001 4.67220765e-001 2.11745320e-001 6.51972786e-002 0.00000000e+000 0.00000000e+000 0.00000000e+000 0.00000000e+000 0.00000000e+000
61431.57372376 -25385.242279 -45546.459765 -26650.872266 2.54879827e+007 2.05009509e+007 5.60651411e+006 7.04122864e+005 5.97251036e+004 6.09085293e+003 1.06562965e+003 1.95185897e+002 5.48664170e+001 1.99097075e+001 8.45732780e+000 3.92225980e+000 2.12413474e+000 1.10465602e+000 4.98053875e-001 2.47522007e-001 7.61953637e-002 5.68471260e-002 3.33673581e-002 0.00000000e+000 0.00000000e+000
61431.58731852 -21814.254303 -43759.013391 -25591.324964 4.74899312e+007 3.99330107e+007 1.09922298e+007 1.40473726e+006 1.30203756e+005 1.38431649e+004 2.39185366e+003 4.46808125e+002 1.00832525e+002 3.31208015e+001 1.62125815e+001 8.99073115e+000 5.02052999e+000 2.41657966e+000 1.07661085e+000 5.29975867e-001 3.63453868e-001 2.67977792e-001 1.53754034e-001 2.05738299e-002 0.00000000e+000
61431.59988725 -18449.387632 -41979.249760 -24537.339856 9.82966100e+007 7.03717515e+007 2.07000858e+007 2.63984563e+006 2.44811142e+005 2.81359790e+004 5.00342052e+003 9.86422995e+002 2.00506199e+002 5.83929915e+001 3.42767800e+001 1.79257302e+001 1.05223185e+001 5.23500940e+000 2.43607718e+000 1.20442690e+000 8.05672369e-001 6.01261785e-001 3.66701878e-001 1.82948699e-001 2.45958866e-003
61431.61152972 -15277.586574 -40205.633901 -23487.953927 1.64566587e+008 1.28221942e+008 3.37188394e+007 4.89098517e+006 4.45881845e+005 5.45018033e+004 1.05363618e+004 2.01977164e+003 4.17956891e+002 1.26611387e+002 6.73890195e+001 3.87043066e+001 2.18735828e+001 1.12959197e+001 5.41075953e+000 2.80291550e+000 1.79443771e+000 1.31639862e+000 8.12072169e-001 4.13716957e-001 2.42423336e-001
61431.62233831 -12286.188991 -38435.853595 -22441.753733 2.39842393e+008 1.81942418e+008 4.99965312e+007 7.89057178e+006 7.74060425e+005 1.06334455e+005 2.16086056e+004 4.08606757e+003 9.82766595e+002 2.94280282e+002 1.37332021e+002 7.46609987e+001 4.15014058e+001 2.04051013e+001 1.07155149e+001 5.33573386e+000 3.52157169e+000 2.52847909e+000 1.55292725e+000 8.18462773e-001 5.32444845e-001
61431.63239924 -9462.809850 -36666.643592 -21396.772434 2.93341019e+008 2.29509260e+008 6.33454931e+007 1.06494952e+007 1.26989136e+006 1.85128894e+005 4.03297763e+004 8.69219879e+003 2.02813139e+003 6.43337691e+002 2.89365569e+002 1.27374886e+002 7.35263654e+001 3.70820478e+001 1.77184240e+001 9.11227783e+000 5.93873828e+000 4.22299045e+000 2.43578008e+000 1.39857603e+000 9.10776875e-001
61431.64167470 -6829.232722 -34916.830106 -20364.085756 3.29771301e+008 2.56286619e+008 7.26155863e+007 1.33787374e+007 1.87349915e+006 3.02901608e+005 7.16759673e+004 1.79805191e+004 4.31721192e+003 1.30239898e+003 5.21577927e+002 2.01178861e+002 1.09589404e+002 5.48003850e+001 2.85173616e+001 1.47058041e+001 9.60527535e+000 6.69172791e+000 3.48405339e+000 2.09268568e+000 1.39613989e+000
61431.64917141 -4682.035821 -33408.405228 -19474.508369 3.53222447e+008 2.67960689e+008 7.87398375e+007 1.51448295e+007 2.37371923e+006 4.89461343e+005 1.21161171e+005 3.16649644e+004 8.15646753e+003 2.67572319e+003 9.32328940e+002 2.91325642e+002 1.49687638e+002 7.14029874e+001 3.68736530e+001 1.92326968e+001 1.28320927e+001 8.84739055e+000 4.61991123e+000 1.99908730e+000 1.47316529e+000
61431.65591118 -2740.314228 -31971.793818 -18627.826499 3.57615394e+008 2.73989094e+008 8.38670573e+007 1.66943981e+007 3.06218569e+006 6.87863074e+005 1.86154593e+005 5.49303753e+004 1.66428719e+004 4.70174707e+003 1.60819065e+003 4.57012570e+002 2.00645244e+002 8.93293833e+001 4.57853480e+001 2.49013533e+001 1.55711778e+001 1.06116445e+001 5.85858575e+000 2.65779040e+000 1.56805972e+000
61431.66186836 -1017.971230 -30631.769911 -17838.537559 3.50441542e+008 2.76483522e+008 9.10825278e+007 1.83196301e+007 3.66092212e+006 9.49179822e+005 2.56680695e+005 8.49060409e+004 2.84116434e+004 8.11123561e+003 2.58655363e+003 7.43374629e+002 2.60345068e+002 1.18685976e+002 5.78027833e+001 3.04254707e+001 1.96221047e+001 1.22394586e+001 6.39624027e+000 3.23125341e+000 2.15057314e+000
61431.66686289 428.007429 -29452.625757 -17144.375092 3.30499262e+008 2.62668224e+008 9.24689167e+007 2.00680376e+007 4.62912719e+006 1.40024295e+006 3.57306667e+005 1.29833544e+005 4.49561856e+004 1.28964965e+004 3.52601550e+003 1.13396043e+003 3.63038224e+002 1.46158346e+002 6.64108061e+001 3.55084465e+001 2.21474691e+001 1.49748562e+001 8.30710059e+000 3.59160224e+000 2.50055027e+000
61431.67114536 1667.261493 -28397.762024 -16523.662545 3.11857776e+008 2.50170950e+008 9.07015669e+007 2.19196526e+007 5.19420769e+006 1.79933030e+006 5.04023982e+005 1.70000496e+005 5.47265055e+004 1.53818228e+004 4.56291345e+003 1.37763391e+003 5.08612998e+002 1.92668006e+002 8.58876534e+001 4.17103153e+001 2.51257922e+001 1.71417115e+001 9.46089683e+000 4.20748080e+000 2.75949144e+000
61431.67543397 2905.695021 -27297.742762 -15876.662696 2.82429461e+008 2.28461514e+008 8.81104793e+007 2.11526729e+007 6.34855502e+006 2.16095997e+006 6.37484914e+005 2.22287765e+005 6.75137999e+004 1.89728220e+004 5.66277617e+003 1.66625748e+003 6.99194847e+002 2.39192803e+002 1.06155953e+002 5.47236210e+001 3.22227700e+001 1.97556783e+001 1.08046877e+001 5.30104897e+000 3.16007407e+000
61431.68030434 4305.866904 -25991.487737 -15108.731510 2.39625586e+008 1.99961479e+008 8.50289821e+007 2.24313778e+007 7.14494247e+006 2.40780873e+006 8.81616437e+005 2.95972986e+005 8.88238127e+004 2.37253676e+004 7.05895246e+003 2.21989889e+003 7.73532750e+002 3.33481273e+002 1.54344705e+002 8.00653420e+001 4.67130741e+001 3.01568828e+001 1.55139755e+001 7.46739829e+000 4.01466527e+000
61431.68529240 5728.483784 -24585.708153 -14282.734049 1.95197832e+008 1.71448626e+008 7.53804305e+007 2.21243627e+007 7.23838368e+006 2.67093740e+006 1.00446785e+006 3.63391049e+005 9.71060310e+004 2.67953655e+004 1.06456681e+004 3.63125054e+003 1.22889879e+003 4.51998695e+002 1.89491579e+002 1.00943473e+002 5.57343303e+001 3.68739437e+001 1.78811596e+001 9.01420148e+000 5.11233789e+000
61431.69026297 7128.703956 -23110.625731 -13416.502521 1.54967603e+008 1.38134427e+008 6.78986712e+007 2.14366922e+007 7.44309421e+006 2.80744950e+006 1.13704226e+006 3.53378565e+005 1.13960494e+005 3.03316643e+004 1.18699267e+004 4.38263687e+003 1.59655074e+003 6.36807649e+002 2.80402266e+002 1.26164733e+002 6.18735670e+001 3.65338540e+001 1.87855672e+001 8.76863426e+000 5.33042290e+000
61431.69513431 8476.830909 -21587.097294 -12522.336740 1.39752501e+008 1.19478783e+008 5.66075111e+007 2.18478423e+007 7.86405927e+006 3.52786807e+006 1.45676816e+006 4.48377695e+005 1.13410260e+005 2.85052572e+004 1.05759051e+004 4.44931913e+003 1.86977327e+003 7.26794837e+002 3.06667410e+002 1.51564395e+002 7.73922140e+001 4.39993376e+001 2.17850909e+001 1.13403647e+001 6.78567174e+000
61431.69977353 9730.315561 -20058.855115 -11625.923399 1.45042528e+008 1.22668558e+008 5.43186567e+007 2.05523688e+007 7.27281491e+006 3.28143177e+006 1.60515057e+006 5.69823384e+005 1.22684225e+005 3.70826241e+004 1.20642015e+004 5.00898345e+003 1.99759725e+003 8.00636946e+002 3.41748562e+002 1.54026044e+002 7.62878891e+001 4.52662433e+001 2.45880852e+001 1.11109228e+001 6.79863639e+000
61431.70408845 10861.059108 -18565.035549 -10750.197341 1.61326818e+008 1.18876076e+008 5.41803218e+007 1.80767413e+007 6.65940362e+006 3.29133572e+006 1.66390186e+006 6.38327964e+005 1.35664535e+005 3.43988587e+004 1.21167941e+004 4.89096637e+003 2.07311894e+003 9.00198577e+002 3.78609547e+002 1.69845336e+002 8.50328726e+001 5.21228285e+001 2.85457746e+001 1.23978773e+001 6.78944036e+000
61431.70811359 11876.924252 -17104.957763 -9894.720782 1.71905115e+008 1.31567320e+008 4.96582335e+007 1.63803582e+007 5.26429660e+006 2.70158992e+006 1.40147249e+006 5.92686831e+005 1.37312188e+005 3.38474258e+004 1.23759662e+004 5.01310945e+003 2.03323125e+003 8.57888374e+002 3.72179026e+002 1.70007495e+002 8.53617093e+001 4.83859907e+001 2.50774057e+001 1.31501469e+001 7.45250550e+000
61431.71188773 12787.075846 -15674.897787 -9057.277299 1.88677135e+008 1.38919925e+008 4.64773915e+007 1.51591761e+007 4.14699806e+006 1.66887084e+006 1.07430314e+006 4.71316609e+005 1.28351760e+005 3.32096232e+004 1.13360218e+004 5.16433283e+003 2.04616577e+003 9.24375138e+002 4.07163900e+002 1.78258769e+002 9.02781997e+001 5.68654885e+001 3.16102470e+001 1.44543515e+001 8.57594575e+000
61431.71544760 13600.008472 -14270.190171 -8235.105896 2.22065302e+008 1.51372345e+008 4.63458777e+007 1.26654985e+007 2.85176034e+006 1.21909355e+006 6.69157617e+005 2.83185395e+005 1.15467469e+005 3.37409914e+004 1.36239709e+004 5.35633962e+003 1.90756205e+003 9.04973604e+002 4.26201686e+002 1.92177368e+002 9.34220429e+001 5.60419610e+001 3.25945634e+001 1.30622090e+001 9.01252871e+000
61431.71882763 14323.261264 -12885.448699 -7425.031016 2.68930876e+008 1.64925293e+008 5.97056881e+007 1.12286888e+007 2.26498745e+006 8.96751647e+005 5.14387937e+005 2.11311628e+005 8.70508897e+004 3.00497087e+004 1.08017417e+004 4.09230134e+003 1.75037634e+003 8.22000438e+002 3.87846021e+002 1.68462129e+002 8.34937690e+001 4.64069425e+001 2.67684305e+001 1.33457765e+001 9.76593885e+000
61431.72206027 14963.286892 -11514.597663 -6623.481448 2.99420895e+008 2.03489220e+008 6.11753362e+007 1.01954583e+007 1.88196856e+006 6.14204527e+005 3.34697491e+005 1.46313898e+005 6.38168987e+004 2.24965183e+004 8.46961609e+003 3.36127469e+003 1.37722632e+003 5.91910282e+002 2.74160327e+002 1.32477351e+002 6.63086673e+001 4.22297674e+001 2.63958039e+001 1.68117038e+001 9.42971570e+000
61431.72517670 15525.370828 -10150.769958 -5826.431435 3.26799288e+008 2.44798637e+008 6.42679045e+007 1.03143878e+007 1.72795630e+006 4.04049096e+005 2.06420562e+005 9.92244552e+004 4.41382170e+004 1.80965889e+004 7.17788945e+003 2.91676795e+003 1.13744404e+003 4.99894552e+002 2.51098189e+002 1.32660978e+002 7.46289705e+001 4.82416904e+001 2.92833588e+001 1.62707762e+001 1.21106649e+001
61431.72820773 16013.538508 -8786.089243 -5029.274348 3.75624497e+008 3.04549496e+008 7.44484834e+007 1.11031482e+007 1.48814742e+006 2.81108860e+005 1.42195982e+005 7.13789491e+004 3.23693381e+004 1.37159566e+004 5.53229870e+003 2.42478745e+003 9.42438690e+002 4.70099046e+002 2.25893534e+002 1.38543452e+002 7.90227435e+001 4.84341615e+001 3.12127245e+001 1.78892348e+001 1.25947708e+001
61431.73118492 16430.402000 -7411.325721 -4226.623113 4.51651982e+008 3.33986966e+008 8.44608860e+007 1.22681315e+007 1.26945827e+006 2.12894720e+005 1.19240588e+005 4.98209386e+004 2.35421315e+004 1.01900798e+004 4.47768790e+003 1.93797073e+003 7.80524329e+002 3.72462141e+002 2.04553158e+002 1.11403676e+002 6.94789564e+001 4.79468484e+001 2.78856770e+001 1.79728623e+001 1.25289292e+001
61431.73414154 16776.836890 -6015.644031 -3412.165191 5.30818421e+008 3.90392390e+008 9.49379007e+007 1.33461278e+007 1.19569837e+006 1.93748287e+005 9.57730328e+004 3.73885811e+004 1.90073245e+004 8.30909826e+003 3.80607686e+003 1.61466351e+003 5.71248739e+002 2.77524374e+002 1.61616081e+002 9.48521223e+001 5.88571726e+001 4.10454864e+001 2.49167984e+001 1.43367075e+001 1.04011976e+001
61431.73711182 17051.373634 -4587.232742 -2579.032398 6.07527560e+008 4.11474268e+008 1.15452612e+008 1.41798017e+007 1.18149718e+006 1.58755442e+005 7.44749927e+004 2.94306570e+004 1.52638394e+004 6.89411610e+003 3.16635870e+003 1.25041724e+003 4.98458681e+002 2.37361287e+002 1.21947177e+002 8.45959679e+001 5.40129313e+001 3.64928572e+001 2.20970642e+001 1.25323832e+001 9.15725555e+000
61431.74000355 17243.080081 -3176.251410 -1756.488882 6.55875169e+008 4.39994210e+008 1.31079066e+008 1.43595187e+007 1.10264227e+006 1.33912352e+005 5.12877750e+004 2.33285525e+004 1.30685280e+004 5.54357849e+003 2.54228540e+003 9.90566803e+002 4.49520034e+002 1.98111557e+002 1.07013721e+002 7.41899205e+001 4.87687466e+001 3.35644614e+001 1.93870359e+001 1.13431995e+001 8.19429906e+000
61431.74281304 17354.335434 -1791.558455 -949.681058 6.52904523e+008 4.57523455e+008 1.34908060e+008 1.41116086e+007 1.02375732e+006 1.24967332e+005 4.18651549e+004 2.03809725e+004 1.08500370e+004 4.58888722e+003 2.19981668e+003 8.75485026e+002 3.88910745e+002 1.73857392e+002 1.01432781e+002 6.85872440e+001 4.53447088e+001 3.10116485e+001 1.80412064e+001 1.07543412e+001 7.40437282e+000
61431.74556248 17389.323914 -428.814487 -156.061474 6.39722068e+008 4.52696728e+008 1.33615438e+008 1.36444831e+007 9.99726214e+005 1.23151554e+005 4.06459040e+004 1.96991294e+004 1.07217975e+004 4.57594563e+003 2.14757045e+003 8.62433349e+002 3.90490081e+002 1.72214975e+002 9.85758947e+001 6.84947268e+001 4.56699757e+001 3.08782436e+001 1.79640952e+001 1.06240516e+001 7.50541054e+000
61431.74827603 17351.078403 917.958484 627.865273 6.12471546e+008 4.26239107e+008 1.23210582e+008 1.30254348e+007 1.05309715e+006 1.28603490e+005 4.64093393e+004 2.21333067e+004 1.16611297e+004 5.15034703e+003 2.36636640e+003 9.64910915e+002 4.15935882e+002 1.88184242e+002 9.95095265e+001 7.32107235e+001 4.75736416e+001 3.30838116e+001 1.90242407e+001 1.12228062e+001 7.84530682e+000
61431.75092794 17243.887464 2230.488288 1391.482273 5.53889665e+008 3.84566977e+008 1.05707463e+008 1.28501099e+007 1.12967122e+006 1.40504634e+005 6.47765753e+004 2.55859706e+004 1.31391820e+004 6.16917357e+003 2.81216613e+003 1.15090793e+003 4.63888357e+002 2.35628928e+002 1.26394576e+002 7.46345036e+001 4.94643114e+001 3.47636244e+001 2.14148592e+001 1.25510187e+001 8.76814787e+000
61431.75360282 17066.964741 3545.487653 2156.159259 4.75536535e+008 3.44205321e+008 8.90875300e+007 1.16680437e+007 1.15607409e+006 1.73553269e+005 7.92265317e+004 3.17840392e+004 1.61127727e+004 7.55167961e+003 3.28416999e+003 1.40118265e+003 6.12729042e+002 2.69548920e+002 1.49954515e+002 8.19356767e+001 5.27244001e+001 3.57764187e+001 2.12175974e+001 1.36088607e+001 9.86658921e+000
61431.75632662 16817.977830 4870.225051 2926.114254 3.99918188e+008 2.94938027e+008 7.54760512e+007 9.90145769e+006 1.27359691e+006 1.91778926e+005 9.66462832e+004 3.96053301e+004 1.94153665e+004 9.18065715e+003 3.94620508e+003 1.71036772e+003 6.68977752e+002 3.07197764e+002 1.70720183e+002 9.92554183e+001 5.75225456e+001 4.08052118e+001 2.57256293e+001 1.60082938e+001 1.03394492e+001
61431.75914362 16490.755319 6220.076285 3710.264787 3.25732754e+008 2.51741640e+008 7.43332767e+007 8.49041906e+006 1.30674431e+006 2.16077828e+005 1.16958516e+005 5.66038614e+004 2.64945863e+004 1.20400992e+004 5.31907182e+003 2.16045721e+003 7.74317052e+002 3.97117175e+002 1.95461355e+002 1.13814997e+002 6.63689815e+001 4.37987160e+001 2.42867911e+001 1.49664290e+001 1.06347325e+001
61431.76204797 16083.705693 7585.488688 4503.039061 2.70894568e+008 1.96537265e+008 5.83821448e+007 7.83414901e+006 1.23133755e+006 2.99161469e+005 1.57264094e+005 8.00184499e+004 3.55284481e+004 1.54721916e+004 6.04522135e+003 2.49297915e+003 9.45347839e+002 4.58827287e+002 2.23890053e+002 1.12245467e+002 6.58179523e+001 4.25745217e+001 2.57101971e+001 1.36630148e+001 9.16341649e+000
61431.76506150 15592.324826 8969.657572 5306.271796 2.33564236e+008 1.66880510e+008 5.30039088e+007 7.70414375e+006 1.70517881e+006 5.00317405e+005 2.84987612e+005 1.28542244e+005 5.32410073e+004 1.90108961e+004 7.96977699e+003 3.07364763e+003 1.22563798e+003 5.82722363e+002 2.64469806e+002 1.25968528e+002 6.51911743e+001 3.84168269e+001 2.41658544e+001 1.29136357e+001 8.46999050e+000
61431.76820051 15012.672331 10372.437808 6119.855917 1.99411482e+008 1.36985334e+008 4.57930949e+007 8.57442113e+006 2.15843004e+006 7.55976795e+005 4.20452331e+005 1.83186022e+005 7.25193554e+004 2.28797519e+004 9.54535646e+003 3.34507298e+003 1.36144663e+003 6.17508433e+002 2.97157610e+002 1.46088536e+002 7.75198772e+001 4.66773355e+001 2.51859712e+001 1.13545929e+001 7.13977191e+000
61431.77144661 14348.380379 11778.283121 6934.758748 1.71365792e+008 1.22543881e+008 4.07659830e+007 9.98386943e+006 2.74578998e+006 1.21998982e+006 6.37043171e+005 2.46412664e+005 8.79687959e+004 2.21834750e+004 8.80705399e+003 3.47457942e+003 1.70454014e+003 7.75838671e+002 3.44691004e+002 1.42140443e+002 6.96438967e+001 4.34638362e+001 2.39795037e+001 1.04937693e+001 6.47437456e+000
61431.77461972 13643.053890 13106.742989 7704.377087 1.44004258e+008 1.01331426e+008 3.72063909e+007 1.15530826e+007 3.51088299e+006 1.60254224e+006 9.51974253e+005 3.51929482e+005 8.73327466e+004 2.17910099e+004 8.78391509e+003 3.31987206e+003 1.64148852e+003 6.96414063e+002 2.94734926e+002 1.26978331e+002 6.10447731e+001 3.55233514e+001 1.82037035e+001 8.29698586e+000 4.96366360e+000
61431.77781155 12885.155879 14396.626784 8451.244027 1.30306505e+008 1.04197897e+008 4.07396637e+007 1.37245260e+007 4.59112037e+006 2.08283968e+006 1.06089710e+006 3.85208051e+005 9.10978201e+004 2.39317515e+004 8.08401830e+003 3.26189289e+003 1.37720137e+003 6.27158793e+002 2.72306403e+002 1.14716184e+002 5.39229043e+001 3.37236356e+001 1.86896326e+001 8.27231721e+000 4.40451776e+000
61431.78107417 12067.396662 15667.078899 9186.466136 1.23908193e+008 9.89598986e+007 4.43020063e+007 1.59026004e+007 5.32871814e+006 2.23233868e+006 1.15366250e+006 4.06549423e+005 9.21909565e+004 2.57286888e+004 8.50327814e+003 3.10297966e+003 1.38314221e+003 5.82902241e+002 2.42991055e+002 1.05683103e+002 5.02046628e+001 3.18091658e+001 1.66331378e+001 8.63789669e+000 5.12168596e+000
61431.78444324 11184.269828 16928.810403 9916.249535 1.01135027e+008 9.23805885e+007 4.68604431e+007 1.51951937e+007 5.41440736e+006 2.23876414e+006 1.11548086e+006 4.43349826e+005 8.70428793e+004 2.58386599e+004 7.25801325e+003 2.36238900e+003 1.12480202e+003 5.17697854e+002 2.24470127e+002 9.70759885e+001 4.71333922e+001 2.90628009e+001 1.56457559e+001 7.40558391e+000 4.78406375e+000
61431.78794869 10230.592453 18188.976717 10644.731894 9.92709976e+007 9.02505231e+007 5.01426194e+007 1.78841140e+007 6.08218945e+006 2.37467506e+006 1.00988855e+006 3.40141104e+005 8.04472651e+004 2.15374544e+004 6.82777538e+003 2.36691080e+003 1.04981570e+003 4.97776186e+002 2.30253374e+002 9.74137810e+001 4.76934284e+001 2.92873576e+001 1.55841564e+001 7.08545436e+000 4.75561313e+000
61431.79161829 9201.105671 19452.795081 11374.921997 1.10994215e+008 9.68874969e+007 5.61160983e+007 1.78399762e+007 5.70046896e+006 2.39817013e+006 9.09146532e+005 3.18932949e+005 8.28143113e+004 2.03537553e+004 7.14144183e+003 2.54361065e+003 1.08266915e+003 4.77339575e+002 1.96939308e+002 8.52763840e+001 4.36311160e+001 2.67253985e+001 1.36775272e+001 6.69991156e+000 4.17874601e+000
61431.79547926 8090.347888 20724.240111 12109.104030 1.42252516e+008 1.20137537e+008 6.10242739e+007 1.89954693e+007 6.18027338e+006 2.19793447e+006 7.54988230e+005 2.77165352e+005 7.25015411e+004 1.90211471e+004 6.01975516e+003 2.28324517e+003 9.37042855e+002 3.92144787e+002 1.64301513e+002 7.69399806e+001 4.06666725e+001 2.51123198e+001 1.34128217e+001 6.15242394e+000 4.06103176e+000
61431.79955911 6892.644997 22006.368342 12849.026491 1.70024705e+008 1.56731038e+008 6.81887172e+007 1.93092898e+007 5.63226114e+006 2.06236592e+006 6.92133800e+005 2.07214291e+005 6.10396458e+004 1.73516064e+004 5.57255283e+003 1.69503915e+003 6.40017783e+002 2.75970370e+002 1.27965235e+002 5.89779167e+001 3.34710993e+001 2.07695627e+001 1.13032329e+001 5.93345202e+000 3.54280225e+000
61431.80388598 5602.166113 23301.470835 13595.991353 2.14505631e+008 1.90163504e+008 7.28030090e+007 1.94787295e+007 5.19295490e+006 1.54799523e+006 4.88196528e+005 1.52875691e+005 4.44081745e+004 1.25338857e+004 4.14472982e+003 1.29747082e+003 5.01315809e+002 2.10658328e+002 9.77460985e+001 4.90793210e+001 2.85484448e+001 1.76051542e+001 9.27697875e+000 4.65694537e+000 2.88292010e+000
61431.80846444 4220.411728 24604.382544 14346.999690 2.61018258e+008 2.17427255e+008 7.72105995e+007 1.84613756e+007 3.84389222e+006 1.06645234e+006 2.94524155e+005 9.51795466e+004 3.10023544e+004 8.84739805e+003 2.53424503e+003 8.48295445e+002 3.58829960e+002 1.60499405e+002 7.14109360e+001 3.28098561e+001 1.76663560e+001 1.22341358e+001 6.82251011e+000 3.19622114e+000 1.95916489e+000
61431.81316024 2791.732774 25873.915830 15078.314535 2.91338110e+008 2.35615418e+008 7.75076796e+007 1.66230742e+007 2.75134913e+006 6.49851432e+005 1.70374117e+005 4.91855399e+004 1.79284451e+004 4.71096466e+003 1.60246977e+003 5.38785091e+002 2.07856908e+002 1.05246365e+002 5.25960711e+001 2.65468257e+001 1.49418541e+001 9.70773285e+000 5.28136116e+000 2.20227261e+000 1.63621301e+000
61431.81793764 1331.256721 27101.473609 15785.013798 2.93359971e+008 2.38552069e+008 7.37134277e+007 1.39820824e+007 1.99925234e+006 3.99796575e+005 1.04759811e+005 2.81561163e+004 9.55996373e+003 2.52059878e+003 8.73615680e+002 2.95301332e+002 1.55735029e+002 7.65387984e+001 3.65407733e+001 1.87512654e+001 1.16905099e+001 7.74387871e+000 4.06342895e+000 2.08925013e+000 1.47752987e+000
61431.82271715 -132.863050 28270.003054 16457.323768 2.81583281e+008 2.24628673e+008 6.75639241e+007 1.14500280e+007 1.38224928e+006 2.63642194e+005 6.06645447e+004 1.56192556e+004 4.92990849e+003 1.20683961e+003 4.22474550e+002 1.63943799e+002 9.94305910e+001 4.96678323e+001 2.58708103e+001 1.42417903e+001 8.99734485e+000 6.02241473e+000 3.36581643e+000 1.82613121e+000 1.16275392e+000
61431.82632672 -1238.604464 29115.853042 16943.728155 2.62833450e+008 2.06385275e+008 6.30478021e+007 9.11513221e+006 9.80382472e+005 1.84892689e+005 4.35553941e+004 1.00615810e+004 3.00871555e+003 8.54264841e+002 2.89319302e+002 1.25845151e+002 7.32347595e+001 3.60991924e+001 2.02259951e+001 1.12438593e+001 7.54082174e+000 5.21683609e+000 3.05803522e+000 1.74866553e+000 1.01744289e+000
61431.82992903 -2340.885842 29930.610128 17412.047911 2.41786686e+008 1.91601419e+008 5.62389224e+007 7.39450213e+006 7.16071117e+005 1.22556886e+005 2.72717491e+004 6.19354634e+003 1.63083628e+003 5.00924022e+002 2.08343897e+002 9.73996159e+001 5.53768747e+001 2.87260181e+001 1.62008902e+001 9.07668455e+000 5.98117061e+000 4.59314122e+000 2.73228365e+000 1.49055232e+000 9.68074405e-001
61431.83485771 -3845.392967 31000.875833 18026.921973 2.11295555e+008 1.69632387e+008 4.71502900e+007 5.95029893e+006 4.81590253e+005 7.36988067e+004 1.58526875e+004 3.47742103e+003 8.44329204e+002 2.88175898e+002 1.27117109e+002 6.56186579e+001 3.99297416e+001 2.23702958e+001 1.19963146e+001 6.43579681e+000 4.49516270e+000 3.63213133e+000 2.15979333e+000 1.12253837e+000 7.79525885e-001
61431.84039466 -5528.481211 32146.404059 18684.634356 1.66217169e+008 1.33611064e+008 3.62257152e+007 4.18183601e+006 3.00382808e+005 4.24427083e+004 8.62435908e+003 1.86998996e+003 4.56871019e+002 1.52561442e+002 7.23223203e+001 4.12632152e+001 2.57589682e+001 1.51335770e+001 8.02596138e+000 4.45146398e+000 3.16312062e+000 2.65691606e+000 1.58078518e+000 8.93722426e-001 5.09998651e-001
61431.84656392 -7392.570845 33357.878280 19379.747426 1.14840720e+008 9.50600335e+007 2.53654540e+007 2.79520423e+006 1.73881001e+005 2.17717131e+004 4.78004458e+003 8.19086303e+002 2.18594583e+002 7.41447711e+001 3.98042598e+001 2.40899347e+001 1.48162242e+001 8.51408005e+000 4.63545080e+000 2.79951029e+000 2.09311523e+000 1.70552061e+000 9.70444089e-001 4.78589902e-001 2.82615038e-001
61431.85334700 -9426.187745 34618.093839 20102.307241 7.08020063e+007 5.88032351e+007 1.67015142e+007 1.74302387e+006 1.03600983e+005 1.16583713e+004 2.67331567e+003 4.87826413e+002 1.25113276e+002 4.05178825e+001 2.19558186e+001 1.35811722e+001 8.17536066e+000 4.97019961e+000 2.93554294e+000 1.67636225e+000 1.16945262e+000 8.89843739e-001 5.67132155e-001 2.48961979e-001 5.82754875e-002
61431.86075890 -11627.132498 35917.376250 20846.693215 4.34433347e+007 3.43432560e+007 1.03529154e+007 9.88962812e+005 5.86805422e+004 6.38866256e+003 1.35968763e+003 2.88993288e+002 7.79143818e+001 2.62451704e+001 1.30679990e+001 7.74200112e+000 4.76116567e+000 2.87938558e+000 1.58496408e+000 8.81159295e-001 6.15360032e-001 4.71027059e-001 2.97720732e-001 7.98691372e-002 0.00000000e+000
61431.86882834 -13996.419265 37248.833897 21608.887382 2.20599868e+007 1.76212800e+007 4.67172652e+006 4.99066106e+005 2.94469899e+004 3.19902072e+003 6.38627493e+002 1.53058184e+002 4.08081993e+001 1.53384487e+001 7.30121116e+000 4.04009505e+000 2.50651001e+000 1.49403612e+000 7.56892239e-001 3.99820795e-001 2.22682853e-001 1.62462450e-001 7.73119614e-002 0.00000000e+000 0.00000000e+000
61431.87759450 -16537.208130 38607.293226 22385.860293 1.02650455e+007 8.07757644e+006 2.00450252e+006 2.26819230e+005 1.25188756e+004 1.37422210e+003 3.28929236e+002 9.66942633e+001 2.50176869e+001 9.15121337e+000 4.01325163e+000 2.14259972e+000 1.25721098e+000 7.24762738e-001 3.42400832e-001 1.36478903e-001 0.00000000e+000 0.00000000e+000 0.00000000e+000 0.00000000e+000 0.00000000e+000
61431.88710493 -19254.100778 39988.619182 23175.179202 4.70884928e+006 3.25031040e+006 8.94143171e+005 8.86295065e+004 5.89775909e+003 6.82132303e+002 1.59453451e+002 4.59693078e+001 1.31841784e+001 4.69886065e+000 1.99031284e+000 9.39646663e-001 5.50687909e-001 2.35356041e-001 1.08730366e-001 2.00032760e-003 0.00000000e+000 0.00000000e+000 0.00000000e+000 0.00000000e+000 0.00000000e+000
61431.89741499 -22152.855767 41389.368105 23974.807532 2.05295557e+006 1.44627535e+006 3.96323046e+005 3.67672467e+004 2.56215339e+003 3.01148086e+002 6.78225092e+001 1.83561121e+001 5.05500121e+000 1.70263438e+000 6.95287861e-001 3.01470774e-001 1.63128415e-001 1.67268078e-002 7.73672271e-003 0.00000000e+000 0.00000000e+000 0.00000000e+000 0.00000000e+000 0.00000000e+000 0.00000000e+000
61431.90858727 -25240.101887 42806.500961 24782.939467 1.07963117e+006 7.96559377e+005 2.02981870e+005 1.73915216e+004 1.19290204e+003 1.41572464e+002 3.07980290e+001 8.24586683e+000 1.95030745e+000 6.53159052e-001 2.47670749e-001 5.07208604e-002 2.88426965e-002 0.00000000e+000 0.00000000e+000 0.00000000e+000 0.00000000e+000 0.00000000e+000 0.00000000e+000 0.00000000e+000 0.00000000e+000
61431.92069223 -28523.376135 44237.289298 25597.944972 7.44601851e+005 5.72627239e+005 1.37223766e+005 1.12515751e+004 7.69278326e+002 9.06578604e+001 1.92232184e+001 4.72026432e+000 1.17513148e+000 3.79395274e-001 7.42069460e-002 0.00000000e+000 0.00000000e+000 0.00000000e+000 0.00000000e+000 0.00000000e+000 0.00000000e+000 0.00000000e+000 0.00000000e+000 0.00000000e+000 0.00000000e+000
61431.93375916 -31998.050590 45673.947095 26415.316116 0.00000000e+000 0.00000000e+000 0.00000000e+000 0.00000000e+000 0.00000000e+000 0.00000000e+000 0.00000000e+000 0.00000000e+000 0.00000000e+000 0.00000000e+000 0.00000000e+000 0.00000000e+000 0.00000000e+000 0.00000000e+000 0.00000000e+000 0.00000000e+000 0.00000000e+000 0.00000000e+000 0.00000000e+000 0.00000000e+000 0.00000000e+000
61431.94777851 -35649.153125 47105.604015 27228.805938 0.00000000e+000 0.00000000e+000 0.00000000e+000 0.00000000e+000 0.00000000e+000 0.00000000e+000 0.00000000e+000 0.00000000e+000 0.00000000e+000 0.00000000e+000 0.00000000e+000 0.00000000e+000 0.00000000e+000 0.00000000e+000 0.00000000e+000 0.00000000e+000 0.00000000e+000 0.00000000e+000 0.00000000e+000 0.00000000e+000 0.00000000e+000
61431.96280698 -39479.047376 48529.251897 28036.649694 0.00000000e+000 0.00000000e+000 0.00000000e+000 0.00000000e+000 0.00000000e+000 0.00000000e+000 0.00000000e+000 0.00000000e+000 0.00000000e+000 0.00000000e+000 0.00000000e+000 0.00000000e+000 0.00000000e+000 0.00000000e+000 0.00000000e+000 0.00000000e+000 0.00000000e+000 0.00000000e+000 0.00000000e+000 0.00000000e+000 0.00000000e+000
61431.97930722 -43589.336317 49975.958785 28856.377319 0.00000000e+000 0.00000000e+000 0.00000000e+000 0.00000000e+000 0.00000000e+000 0.00000000e+000 0.00000000e+000 0.00000000e+000 0.00000000e+000 0.00000000e+000 0.00000000e+000 0.00000000e+000 0.00000000e+000 0.00000000e+000 0.00000000e+000 0.00000000e+000 0.00000000e+000 0.00000000e+000 0.00000000e+000 0.00000000e+000 0.00000000e+000
61431.99665116 -47809.241884 51381.254588 29651.390293 0.00000000e+000 0.00000000e+000 0.00000000e+000 0.00000000e+000 0.00000000e+000 0.00000000e+000 0.00000000e+000 0.00000000e+000 0.00000000e+000 0.00000000e+000 0.00000000e+000 0.00000000e+000 0.00000000e+000 0.00000000e+000 0.00000000e+000 0.00000000e+000 0.00000000e+000 0.00000000e+000 0.00000000e+000 0.00000000e+000 0.00000000e+000
61432.01465213 -52086.743112 52729.762074 30413.020764 0.00000000e+000 0.00000000e+000 0.00000000e+000 0.00000000e+000 0.00000000e+000 0.00000000e+000 0.00000000e+000 0.00000000e+000 0.00000000e+000 0.00000000e+000 0.00000000e+000 0.00000000e+000 0.00000000e+000 0.00000000e+000 0.00000000e+000 0.00000000e+000 0.00000000e+000 0.00000000e+000 0.00000000e+000 0.00000000e+000 0.00000000e+000
61432.03472073 -56740.675597 54116.892162 31195.066308 0.00000000e+000 0.00000000e+000 0.00000000e+000 0.00000000e+000 0.00000000e+000 0.00000000e+000 0.00000000e+000 0.00000000e+000 0.00000000e+000 0.00000000e+000 0.00000000e+000 0.00000000e+000 0.00000000e+000 0.00000000e+000 0.00000000e+000 0.00000000e+000 0.00000000e+000 0.00000000e+000 0.00000000e+000 0.00000000e+000 0.00000000e+000
61432.05633005 -61625.563605 55489.968184 31967.655132 0.00000000e+000 0.00000000e+000 0.00000000e+000 0.00000000e+000 0.00000000e+000 0.00000000e+000 0.00000000e+000 0.00000000e+000 0.00000000e+000 0.00000000e+000 0.00000000e+000 0.00000000e+000 0.00000000e+000 0.00000000e+000 0.00000000e+000 0.00000000e+000 0.00000000e+000 0.00000000e+000 0.00000000e+000 0.00000000e+000 0.00000000e+000
61432.07963422 -66757.082471 56847.771818 32729.989889 0.00000000e+000 0.00000000e+000 0.00000000e+000 0.00000000e+000 0.00000000e+000 0.00000000e+000 0.00000000e+000 0.00000000e+000 0.00000000e+000 0.00000000e+000 0.00000000e+000 0.00000000e+000 0.00000000e+000 0.00000000e+000 0.00000000e+000 0.00000000e+000 0.00000000e+000 0.00000000e+000 0.00000000e+000 0.00000000e+000 0.00000000e+000
61432.10478522 -72147.845591 58187.578313 33480.412442 0.00000000e+000 0.00000000e+000 0.00000000e+000 0.00000000e+000 0.00000000e+000 0.00000000e+000 0.00000000e+000 0.00000000e+000 0.00000000e+000 0.00000000e+000 0.00000000e+000 0.00000000e+000 0.00000000e+000 0.00000000e+000 0.00000000e+000 0.00000000e+000 0.00000000e+000 0.00000000e+000 0.00000000e+000 0.00000000e+000 0.00000000e+000
61432.13194944 -77810.993677 59506.223191 34217.005057 0.00000000e+000 0.00000000e+000 0.00000000e+000 0.00000000e+000 0.00000000e+000 0.00000000e+000 0.00000000e+000 0.00000000e+000 0.00000000e+000 0.00000000e+000 0.00000000e+000 0.00000000e+000 0.00000000e+000 0.00000000e+000 0.00000000e+000 0.00000000e+000 0.00000000e+000 0.00000000e+000 0.00000000e+000 0.00000000e+000 0.00000000e+000
61432.16130868 -83760.070500 60800.037840 34937.553417 0.00000000e+000 0.00000000e+000 0.00000000e+000 0.00000000e+000 0.00000000e+000 0.00000000e+000 0.00000000e+000 0.00000000e+000 0.00000000e+000 0.00000000e+000 0.00000000e+000 0.00000000e+000 0.00000000e+000 0.00000000e+000 0.00000000e+000 0.00000000e+000 0.00000000e+000 0.00000000e+000 0.00000000e+000 0.00000000e+000 0.00000000e+000
61432.19300115 -89997.273482 62062.524603 35638.257499 0.00000000e+000 0.00000000e+000 0.00000000e+000 0.00000000e+000 0.00000000e+000 0.00000000e+000 0.00000000e+000 0.00000000e+000 0.00000000e+000 0.00000000e+000 0.00000000e+000 0.00000000e+000 0.00000000e+000 0.00000000e+000 0.00000000e+000 0.00000000e+000 0.00000000e+000 0.00000000e+000 0.00000000e+000 0.00000000e+000 0.00000000e+000
61432.22719831 -96529.306140 63288.039505 36315.788329 0.00000000e+000 0.00000000e+000 0.00000000e+000 0.00000000e+000 0.00000000e+000 0.00000000e+000 0.00000000e+000 0.00000000e+000 0.00000000e+000 0.00000000e+000 0.00000000e+000 0.00000000e+000 0.00000000e+000 0.00000000e+000 0.00000000e+000 0.00000000e+000 0.00000000e+000 0.00000000e+000 0.00000000e+000 0.00000000e+000 0.00000000e+000
61432.26410505 -103366.579889 64471.292614 36967.001135 0.00000000e+000 0.00000000e+000 0.00000000e+000 0.00000000e+000 0.00000000e+000 0.00000000e+000 0.00000000e+000 0.00000000e+000 0.00000000e+000 0.00000000e+000 0.00000000e+000 0.00000000e+000 0.00000000e+000 0.00000000e+000 0.00000000e+000 0.00000000e+000 0.00000000e+000 0.00000000e+000 0.00000000e+000 0.00000000e+000 0.00000000e+000
61432.30394166 -110519.228760 65606.445439 37588.431415 0.00000000e+000 0.00000000e+000 0.00000000e+000 0.00000000e+000 0.00000000e+000 0.00000000e+000 0.00000000e+000 0.00000000e+000 0.00000000e+000 0.00000000e+000 0.00000000e+000 0.00000000e+000 0.00000000e+000 0.00000000e+000 0.00000000e+000 0.00000000e+000 0.00000000e+000 0.00000000e+000 0.00000000e+000 0.00000000e+000 0.00000000e+000
61432.34694535 -117997.086135 66687.094690 38176.285196 0.00000000e+000 0.00000000e+000 0.00000000e+000 0.00000000e+000 0.00000000e+000 0.00000000e+000 0.00000000e+000 0.00000000e+000 0.00000000e+000 0.00000000e+000 0.00000000e+000 0.00000000e+000 0.00000000e+000 0.00000000e+000 0.00000000e+000 0.00000000e+000 0.00000000e+000 0.00000000e+000 0.00000000e+000 0.00000000e+000 0.00000000e+000
61432.39337235 -125809.727738 67706.257717 38726.429816 0.00000000e+000 0.00000000e+000 0.00000000e+000 0.00000000e+000 0.00000000e+000 0.00000000e+000 0.00000000e+000 0.00000000e+000 0.00000000e+000 0.00000000e+000 0.00000000e+000 0.00000000e+000 0.00000000e+000 0.00000000e+000 0.00000000e+000 0.00000000e+000 0.00000000e+000 0.00000000e+000 0.00000000e+000 0.00000000e+000 0.00000000e+000
61432.44349859 -133966.229619 68656.313670 39234.360407 0.00000000e+000 0.00000000e+000 0.00000000e+000 0.00000000e+000 0.00000000e+000 0.00000000e+000 0.00000000e+000 0.00000000e+000 0.00000000e+000 0.00000000e+000 0.00000000e+000 0.00000000e+000 0.00000000e+000 0.00000000e+000 0.00000000e+000 0.00000000e+000 0.00000000e+000 0.00000000e+000 0.00000000e+000 0.00000000e+000 0.00000000e+000
61432.49762079 -142474.981212 69528.959464 39695.174609 0.00000000e+000 0.00000000e+000 0.00000000e+000 0.00000000e+000 0.00000000e+000 0.00000000e+000 0.00000000e+000 0.00000000e+000 0.00000000e+000 0.00000000e+000 0.00000000e+000 0.00000000e+000 0.00000000e+000 0.00000000e+000 0.00000000e+000 0.00000000e+000 0.00000000e+000 0.00000000e+000 0.00000000e+000 0.00000000e+000 0.00000000e+000
61432.55605924 -151343.723278 70315.187334 40103.558503 0.00000000e+000 0.00000000e+000 0.00000000e+000 0.00000000e+000 0.00000000e+000 0.00000000e+000 0.00000000e+000 0.00000000e+000 0.00000000e+000 0.00000000e+000 0.00000000e+000 0.00000000e+000 0.00000000e+000 0.00000000e+000 0.00000000e+000 0.00000000e+000 0.00000000e+000 0.00000000e+000 0.00000000e+000 0.00000000e+000 0.00000000e+000
61432.61915747 -160579.063661 71005.209701 40453.744661 0.00000000e+000 0.00000000e+000 0.00000000e+000 0.00000000e+000 0.00000000e+000 0.00000000e+000 0.00000000e+000 0.00000000e+000 0.00000000e+000 0.00000000e+000 0.00000000e+000 0.00000000e+000 0.00000000e+000 0.00000000e+000 0.00000000e+000 0.00000000e+000 0.00000000e+000 0.00000000e+000 0.00000000e+000 0.00000000e+000 0.00000000e+000
61432.68728510 -170186.454775 71588.433290 40739.496249 0.00000000e+000 0.00000000e+000 0.00000000e+000 0.00000000e+000 0.00000000e+000 0.00000000e+000 0.00000000e+000 0.00000000e+000 0.00000000e+000 0.00000000e+000 0.00000000e+000 0.00000000e+000 0.00000000e+000 0.00000000e+000 0.00000000e+000 0.00000000e+000 0.00000000e+000 0.00000000e+000 0.00000000e+000 0.00000000e+000 0.00000000e+000
61432.76083995 -180169.983554 72053.409474 40954.078265 0.00000000e+000 0.00000000e+000 0.00000000e+000 0.00000000e+000 0.00000000e+000 0.00000000e+000 0.00000000e+000 0.00000000e+000 0.00000000e+000 0.00000000e+000 0.00000000e+000 0.00000000e+000 0.00000000e+000 0.00000000e+000 0.00000000e+000 0.00000000e+000 0.00000000e+000 0.00000000e+000 0.00000000e+000 0.00000000e+000 0.00000000e+000
61432.84024801 -190531.840684 72387.773561 41090.224148 0.00000000e+000 0.00000000e+000 0.00000000e+000 0.00000000e+000 0.00000000e+000 0.00000000e+000 0.00000000e+000 0.00000000e+000 0.00000000e+000 0.00000000e+000 0.00000000e+000 0.00000000e+000 0.00000000e+000 0.00000000e+000 0.00000000e+000 0.00000000e+000 0.00000000e+000 0.00000000e+000 0.00000000e+000 0.00000000e+000 0.00000000e+000
61432.92596730 -201272.261341 72578.211484 41140.115777 0.00000000e+000 0.00000000e+000 0.00000000e+000 0.00000000e+000 0.00000000e+000 0.00000000e+000 0.00000000e+000 0.00000000e+000 0.00000000e+000 0.00000000e+000 0.00000000e+000 0.00000000e+000 0.00000000e+000 0.00000000e+000 0.00000000e+000 0.00000000e+000 0.00000000e+000 0.00000000e+000 0.00000000e+000 0.00000000e+000 0.00000000e+000
61433.01848692 -212388.778606 72610.408656 41095.357133 0.00000000e+000 0.00000000e+000 0.00000000e+000 0.00000000e+000 0.00000000e+000 0.00000000e+000 0.00000000e+000 0.00000000e+000 0.00000000e+000 0.00000000e+000 0.00000000e+000 0.00000000e+000 0.00000000e+000 0.00000000e+000 0.00000000e+000 0.00000000e+000 0.00000000e+000 0.00000000e+000 0.00000000e+000 0.00000000e+000 0.00000000e+000
61433.11833072 -223876.031472 72469.025759 40946.960776 0.00000000e+000 0.00000000e+000 0.00000000e+000 0.00000000e+000 0.00000000e+000 0.00000000e+000 0.00000000e+000 0.00000000e+000 0.00000000e+000 0.00000000e+000 0.00000000e+000 0.00000000e+000 0.00000000e+000 0.00000000e+000 0.00000000e+000 0.00000000e+000 0.00000000e+000 0.00000000e+000 0.00000000e+000 0.00000000e+000 0.00000000e+000
61433.22605766 -235725.087850 72137.677700 40685.339268 0.00000000e+000 0.00000000e+000 0.00000000e+000 0.00000000e+000 0.00000000e+000 0.00000000e+000 0.00000000e+000 0.00000000e+000 0.00000000e+000 0.00000000e+000 0.00000000e+000 0.00000000e+000 0.00000000e+000 0.00000000e+000 0.00000000e+000 0.00000000e+000 0.00000000e+000 0.00000000e+000 0.00000000e+000 0.00000000e+000 0.00000000e+000
61433.34226184 -247922.707593 71598.944070 40300.315672 0.00000000e+000 0.00000000e+000 0.00000000e+000 0.00000000e+000 0.00000000e+000 0.00000000e+000 0.00000000e+000 0.00000000e+000 0.00000000e+000 0.00000000e+000 0.00000000e+000 0.00000000e+000 0.00000000e+000 0.00000000e+000 0.00000000e+000 0.00000000e+000 0.00000000e+000 0.00000000e+000 0.00000000e+000 0.00000000e+000 0.00000000e+000
61433.46757485 -260450.819903 70834.397874 39781.143763 0.00000000e+000 0.00000000e+000 0.00000000e+000 0.00000000e+000 0.00000000e+000 0.00000000e+000 0.00000000e+000 0.00000000e+000 0.00000000e+000 0.00000000e+000 0.00000000e+000 0.00000000e+000 0.00000000e+000 0.00000000e+000 0.00000000e+000 0.00000000e+000 0.00000000e+000 0.00000000e+000 0.00000000e+000 0.00000000e+000 0.00000000e+000
61433.60266853 -273285.936137 69824.648237 39116.536808 0.00000000e+000 0.00000000e+000 0.00000000e+000 0.00000000e+000 0.00000000e+000 0.00000000e+000 0.00000000e+000 0.00000000e+000 0.00000000e+000 0.00000000e+000 0.00000000e+000 0.00000000e+000 0.00000000e+000 0.00000000e+000 0.00000000e+000 0.00000000e+000 0.00000000e+000 0.00000000e+000 0.00000000e+000 0.00000000e+000 0.00000000e+000
61433.74825840 -286398.514353 68549.395667 38294.703655 0.00000000e+000 0.00000000e+000 0.00000000e+000 0.00000000e+000 0.00000000e+000 0.00000000e+000 0.00000000e+000 0.00000000e+000 0.00000000e+000 0.00000000e+000 0.00000000e+000 0.00000000e+000 0.00000000e+000 0.00000000e+000 0.00000000e+000 0.00000000e+000 0.00000000e+000 0.00000000e+000 0.00000000e+000 0.00000000e+000 0.00000000e+000
61433.90511367 -299752.729126 66987.436625 37303.352015 0.00000000e+000 0.00000000e+000 0.00000000e+000 0.00000000e+000 0.00000000e+000 0.00000000e+000 0.00000000e+000 0.00000000e+000 0.00000000e+000 0.00000000e+000 0.00000000e+000 0.00000000e+000 0.00000000e+000 0.00000000e+000 0.00000000e+000 0.00000000e+000 0.00000000e+000 0.00000000e+000 0.00000000e+000 0.00000000e+000 0.00000000e+000
