# Ae9Ap9 Model output file: MoonBEAM_trajectory_trade/Rp18408_COM_8per90prop30inc_Sci.AE9.output_mc_fluenceIntv_023.txt
# Ae9Ap9 Software Version:  1.50.001
#
# Model type:               AE9
# Particle species:         e-
# Flux type:                1PtDiff
# Flux direction:           Omnidirectional
# Energy levels (MeV):       0.04 0.07 0.1 0.25 0.5 0.75 1 1.5 2 2.5 3 3.5 4 4.5 5 5.5 6 6.5 7 8.5 10
#
# Accumulation mode:        Interval, length = 16589 seconds (0.192002 days)
#
# Time format:              Modified Julian Date
# Coordinate system:        GEI (Geocentric Equatorial Inertial) Cartesian in km
# Data Delimiter:           space
#
# datetime(mjd),posx(km),posy(km),posz(km),fluence,fluence,fluence,fluence,fluence,fluence,fluence,fluence,fluence,fluence,fluence,fluence,fluence,fluence,fluence,fluence,fluence,fluence,fluence,fluence,fluence(#/cm^2/MeV)
61429.66149804 0.000000 0.000000 0.000000 0.00000000e+000 0.00000000e+000 0.00000000e+000 0.00000000e+000 0.00000000e+000 0.00000000e+000 0.00000000e+000 0.00000000e+000 0.00000000e+000 0.00000000e+000 0.00000000e+000 0.00000000e+000 0.00000000e+000 0.00000000e+000 0.00000000e+000 0.00000000e+000 0.00000000e+000 0.00000000e+000 0.00000000e+000 0.00000000e+000 0.00000000e+000
61429.85350036 0.000000 0.000000 0.000000 0.00000000e+000 0.00000000e+000 0.00000000e+000 0.00000000e+000 0.00000000e+000 0.00000000e+000 0.00000000e+000 0.00000000e+000 0.00000000e+000 0.00000000e+000 0.00000000e+000 0.00000000e+000 0.00000000e+000 0.00000000e+000 0.00000000e+000 0.00000000e+000 0.00000000e+000 0.00000000e+000 0.00000000e+000 0.00000000e+000 0.00000000e+000
61430.04550267 0.000000 0.000000 0.000000 0.00000000e+000 0.00000000e+000 0.00000000e+000 0.00000000e+000 0.00000000e+000 0.00000000e+000 0.00000000e+000 0.00000000e+000 0.00000000e+000 0.00000000e+000 0.00000000e+000 0.00000000e+000 0.00000000e+000 0.00000000e+000 0.00000000e+000 0.00000000e+000 0.00000000e+000 0.00000000e+000 0.00000000e+000 0.00000000e+000 0.00000000e+000
61430.23750499 0.000000 0.000000 0.000000 0.00000000e+000 0.00000000e+000 0.00000000e+000 0.00000000e+000 0.00000000e+000 0.00000000e+000 0.00000000e+000 0.00000000e+000 0.00000000e+000 0.00000000e+000 0.00000000e+000 0.00000000e+000 0.00000000e+000 0.00000000e+000 0.00000000e+000 0.00000000e+000 0.00000000e+000 0.00000000e+000 0.00000000e+000 0.00000000e+000 0.00000000e+000
61430.42950730 0.000000 0.000000 0.000000 0.00000000e+000 0.00000000e+000 0.00000000e+000 0.00000000e+000 0.00000000e+000 0.00000000e+000 0.00000000e+000 0.00000000e+000 0.00000000e+000 0.00000000e+000 0.00000000e+000 0.00000000e+000 0.00000000e+000 0.00000000e+000 0.00000000e+000 0.00000000e+000 0.00000000e+000 0.00000000e+000 0.00000000e+000 0.00000000e+000 0.00000000e+000
61430.62150962 0.000000 0.000000 0.000000 0.00000000e+000 0.00000000e+000 0.00000000e+000 0.00000000e+000 0.00000000e+000 0.00000000e+000 0.00000000e+000 0.00000000e+000 0.00000000e+000 0.00000000e+000 0.00000000e+000 0.00000000e+000 0.00000000e+000 0.00000000e+000 0.00000000e+000 0.00000000e+000 0.00000000e+000 0.00000000e+000 0.00000000e+000 0.00000000e+000 0.00000000e+000
61430.81351193 0.000000 0.000000 0.000000 0.00000000e+000 0.00000000e+000 0.00000000e+000 0.00000000e+000 0.00000000e+000 0.00000000e+000 0.00000000e+000 0.00000000e+000 0.00000000e+000 0.00000000e+000 0.00000000e+000 0.00000000e+000 0.00000000e+000 0.00000000e+000 0.00000000e+000 0.00000000e+000 0.00000000e+000 0.00000000e+000 0.00000000e+000 0.00000000e+000 0.00000000e+000
61431.00551425 0.000000 0.000000 0.000000 0.00000000e+000 0.00000000e+000 0.00000000e+000 0.00000000e+000 0.00000000e+000 0.00000000e+000 0.00000000e+000 0.00000000e+000 0.00000000e+000 0.00000000e+000 0.00000000e+000 0.00000000e+000 0.00000000e+000 0.00000000e+000 0.00000000e+000 0.00000000e+000 0.00000000e+000 0.00000000e+000 0.00000000e+000 0.00000000e+000 0.00000000e+000
61431.19751656 0.000000 0.000000 0.000000 0.00000000e+000 0.00000000e+000 0.00000000e+000 0.00000000e+000 0.00000000e+000 0.00000000e+000 0.00000000e+000 0.00000000e+000 0.00000000e+000 0.00000000e+000 0.00000000e+000 0.00000000e+000 0.00000000e+000 0.00000000e+000 0.00000000e+000 0.00000000e+000 0.00000000e+000 0.00000000e+000 0.00000000e+000 0.00000000e+000 0.00000000e+000
61431.38951888 0.000000 0.000000 0.000000 0.00000000e+000 0.00000000e+000 0.00000000e+000 0.00000000e+000 0.00000000e+000 0.00000000e+000 0.00000000e+000 0.00000000e+000 0.00000000e+000 0.00000000e+000 0.00000000e+000 0.00000000e+000 0.00000000e+000 0.00000000e+000 0.00000000e+000 0.00000000e+000 0.00000000e+000 0.00000000e+000 0.00000000e+000 0.00000000e+000 0.00000000e+000
61431.58152119 0.000000 0.000000 0.000000 1.73411349e+011 1.25865092e+011 2.96341354e+010 3.27779019e+009 1.91666763e+008 2.53983222e+007 4.78166360e+006 9.08542572e+005 1.86080285e+005 4.70710255e+004 1.53466885e+004 5.72907862e+003 2.43508510e+003 8.63660728e+002 3.20505101e+002 1.00426741e+002 1.22942951e+001 8.19755341e+000 4.41501879e+000 -8.76707048e-001 0.00000000e+000
61431.77352351 0.000000 0.000000 0.000000 6.23405787e+012 4.31170525e+012 1.35693348e+012 4.88205689e+011 2.38258985e+011 1.14758643e+011 6.44757290e+010 3.04629306e+010 1.04031937e+010 3.09901795e+009 1.11034933e+009 4.47218903e+008 1.89913198e+008 9.42609513e+007 5.26954928e+007 3.45073207e+007 2.29998594e+007 1.66138902e+007 1.13446370e+007 7.99915856e+006 6.44953196e+006
61431.96552582 0.000000 0.000000 0.000000 9.07400274e+012 6.24497094e+012 1.93193751e+012 6.01667525e+011 2.57991617e+011 1.21298239e+011 6.79938337e+010 3.26562327e+010 1.11124254e+010 3.28061039e+009 1.16413639e+009 4.66408389e+008 1.97794713e+008 9.75006205e+007 5.40087618e+007 3.50544297e+007 2.32766088e+007 1.67873247e+007 1.14462383e+007 8.06327121e+006 6.50323274e+006
61432.15752814 0.000000 0.000000 0.000000 9.07400274e+012 6.24497094e+012 1.93193751e+012 6.01667525e+011 2.57991617e+011 1.21298239e+011 6.79938337e+010 3.26562327e+010 1.11124254e+010 3.28061039e+009 1.16413639e+009 4.66408389e+008 1.97794713e+008 9.75006205e+007 5.40087618e+007 3.50544297e+007 2.32766088e+007 1.67873247e+007 1.14462383e+007 8.06327121e+006 6.50323274e+006
61432.34953045 0.000000 0.000000 0.000000 9.07400274e+012 6.24497094e+012 1.93193751e+012 6.01667525e+011 2.57991617e+011 1.21298239e+011 6.79938337e+010 3.26562327e+010 1.11124254e+010 3.28061039e+009 1.16413639e+009 4.66408389e+008 1.97794713e+008 9.75006205e+007 5.40087618e+007 3.50544297e+007 2.32766088e+007 1.67873247e+007 1.14462383e+007 8.06327121e+006 6.50323274e+006
61432.54153277 0.000000 0.000000 0.000000 9.07400274e+012 6.24497094e+012 1.93193751e+012 6.01667525e+011 2.57991617e+011 1.21298239e+011 6.79938337e+010 3.26562327e+010 1.11124254e+010 3.28061039e+009 1.16413639e+009 4.66408389e+008 1.97794713e+008 9.75006205e+007 5.40087618e+007 3.50544297e+007 2.32766088e+007 1.67873247e+007 1.14462383e+007 8.06327121e+006 6.50323274e+006
61432.73353508 0.000000 0.000000 0.000000 9.07400274e+012 6.24497094e+012 1.93193751e+012 6.01667525e+011 2.57991617e+011 1.21298239e+011 6.79938337e+010 3.26562327e+010 1.11124254e+010 3.28061039e+009 1.16413639e+009 4.66408389e+008 1.97794713e+008 9.75006205e+007 5.40087618e+007 3.50544297e+007 2.32766088e+007 1.67873247e+007 1.14462383e+007 8.06327121e+006 6.50323274e+006
61432.92553740 0.000000 0.000000 0.000000 9.07400274e+012 6.24497094e+012 1.93193751e+012 6.01667525e+011 2.57991617e+011 1.21298239e+011 6.79938337e+010 3.26562327e+010 1.11124254e+010 3.28061039e+009 1.16413639e+009 4.66408389e+008 1.97794713e+008 9.75006205e+007 5.40087618e+007 3.50544297e+007 2.32766088e+007 1.67873247e+007 1.14462383e+007 8.06327121e+006 6.50323274e+006
61433.11753971 0.000000 0.000000 0.000000 9.07400274e+012 6.24497094e+012 1.93193751e+012 6.01667525e+011 2.57991617e+011 1.21298239e+011 6.79938337e+010 3.26562327e+010 1.11124254e+010 3.28061039e+009 1.16413639e+009 4.66408389e+008 1.97794713e+008 9.75006205e+007 5.40087618e+007 3.50544297e+007 2.32766088e+007 1.67873247e+007 1.14462383e+007 8.06327121e+006 6.50323274e+006
61433.30954203 0.000000 0.000000 0.000000 9.07400274e+012 6.24497094e+012 1.93193751e+012 6.01667525e+011 2.57991617e+011 1.21298239e+011 6.79938337e+010 3.26562327e+010 1.11124254e+010 3.28061039e+009 1.16413639e+009 4.66408389e+008 1.97794713e+008 9.75006205e+007 5.40087618e+007 3.50544297e+007 2.32766088e+007 1.67873247e+007 1.14462383e+007 8.06327121e+006 6.50323274e+006
61433.50154434 0.000000 0.000000 0.000000 9.07400274e+012 6.24497094e+012 1.93193751e+012 6.01667525e+011 2.57991617e+011 1.21298239e+011 6.79938337e+010 3.26562327e+010 1.11124254e+010 3.28061039e+009 1.16413639e+009 4.66408389e+008 1.97794713e+008 9.75006205e+007 5.40087618e+007 3.50544297e+007 2.32766088e+007 1.67873247e+007 1.14462383e+007 8.06327121e+006 6.50323274e+006
61433.69354666 0.000000 0.000000 0.000000 9.07400274e+012 6.24497094e+012 1.93193751e+012 6.01667525e+011 2.57991617e+011 1.21298239e+011 6.79938337e+010 3.26562327e+010 1.11124254e+010 3.28061039e+009 1.16413639e+009 4.66408389e+008 1.97794713e+008 9.75006205e+007 5.40087618e+007 3.50544297e+007 2.32766088e+007 1.67873247e+007 1.14462383e+007 8.06327121e+006 6.50323274e+006
61433.88554897 0.000000 0.000000 0.000000 9.07400274e+012 6.24497094e+012 1.93193751e+012 6.01667525e+011 2.57991617e+011 1.21298239e+011 6.79938337e+010 3.26562327e+010 1.11124254e+010 3.28061039e+009 1.16413639e+009 4.66408389e+008 1.97794713e+008 9.75006205e+007 5.40087618e+007 3.50544297e+007 2.32766088e+007 1.67873247e+007 1.14462383e+007 8.06327121e+006 6.50323274e+006
61433.90511367 0.000000 0.000000 0.000000 9.07400274e+012 6.24497094e+012 1.93193751e+012 6.01667525e+011 2.57991617e+011 1.21298239e+011 6.79938337e+010 3.26562327e+010 1.11124254e+010 3.28061039e+009 1.16413639e+009 4.66408389e+008 1.97794713e+008 9.75006205e+007 5.40087618e+007 3.50544297e+007 2.32766088e+007 1.67873247e+007 1.14462383e+007 8.06327121e+006 6.50323274e+006
