# Ae9Ap9 Model output file: MoonBEAM_trajectory_trade/Rp18408_COM_8per90prop30inc_Tran.AP9.output_mc_fluenceIntv_036.txt
# Ae9Ap9 Software Version:  1.50.001
#
# Model type:               AP9
# Particle species:         H+
# Flux type:                1PtDiff
# Flux direction:           Omnidirectional
# Energy levels (MeV):       0.1 0.2 0.4 0.6 0.8 1 2 4 6 8 10 15 20 30 50 60 80 100 150 200 300 400 700 1200 2000
#
# Accumulation mode:        Interval, length = 13997 seconds (0.162002 days)
#
# Time format:              Modified Julian Date
# Coordinate system:        GEI (Geocentric Equatorial Inertial) Cartesian in km
# Data Delimiter:           space
#
# datetime(mjd),posx(km),posy(km),posz(km),fluence,fluence,fluence,fluence,fluence,fluence,fluence,fluence,fluence,fluence,fluence,fluence,fluence,fluence,fluence,fluence,fluence,fluence,fluence,fluence,fluence,fluence,fluence,fluence,fluence(#/cm^2/MeV)
61411.87033565 0.000000 0.000000 0.000000 3.70867604e+012 1.56176585e+012 5.62389411e+011 2.54174952e+011 1.27518958e+011 2.78176969e+010 2.64121619e+009 2.40692376e+008 2.90503663e+007 6.92301344e+006 2.05404906e+006 7.06230385e+005 2.99309310e+005 1.52956346e+005 9.92493297e+004 6.67104289e+004 4.76087543e+004 2.33625113e+004 8.96592868e+003 2.12470422e+003 4.68068907e+002 2.25369046e+001 4.40709810e-001 1.55388227e-003 0.00000000e+000
61412.03233796 0.000000 0.000000 0.000000 4.56027237e+012 1.78581048e+012 5.88017790e+011 2.58812838e+011 1.29010608e+011 2.80358041e+010 2.64325471e+009 2.40701506e+008 2.90504071e+007 6.92301344e+006 2.05404906e+006 7.06230385e+005 2.99309310e+005 1.52956346e+005 9.92493297e+004 6.67104289e+004 4.76087543e+004 2.33625113e+004 8.96592868e+003 2.12470422e+003 4.68068907e+002 2.25369046e+001 4.40709810e-001 1.55388227e-003 0.00000000e+000
61412.19434028 0.000000 0.000000 0.000000 6.48923726e+012 2.47455007e+012 7.69779205e+011 3.12230780e+011 1.47580273e+011 3.11644205e+010 2.83458636e+009 2.53180359e+008 3.04095487e+007 7.32804337e+006 2.21128268e+006 7.81710123e+005 3.35788263e+005 1.69551634e+005 1.07953913e+005 7.11399068e+004 4.98552030e+004 2.40365382e+004 9.16765380e+003 2.17682679e+003 4.82277634e+002 2.29598118e+001 4.44311188e-001 1.55388227e-003 0.00000000e+000
61412.35634259 0.000000 0.000000 0.000000 7.21894073e+012 2.67745430e+012 7.97231865e+011 3.17183895e+011 1.48961801e+011 3.13584610e+010 2.83675952e+009 2.53193757e+008 3.04096285e+007 7.32804352e+006 2.21128268e+006 7.81710123e+005 3.35788263e+005 1.69551634e+005 1.07953913e+005 7.11399068e+004 4.98552030e+004 2.40365382e+004 9.16765380e+003 2.17682679e+003 4.82277634e+002 2.29598118e+001 4.44311188e-001 1.55388227e-003 0.00000000e+000
61412.51834491 0.000000 0.000000 0.000000 7.34932102e+012 2.71658119e+012 8.02431616e+011 3.18211107e+011 1.49282307e+011 3.13915006e+010 2.83702115e+009 2.53194892e+008 3.04096285e+007 7.32804352e+006 2.21128268e+006 7.81710123e+005 3.35788263e+005 1.69551634e+005 1.07953913e+005 7.11399068e+004 4.98552030e+004 2.40365382e+004 9.16765380e+003 2.17682679e+003 4.82277634e+002 2.29598118e+001 4.44311188e-001 1.55388227e-003 0.00000000e+000
61412.68034722 0.000000 0.000000 0.000000 1.00883448e+013 3.79185931e+012 1.14132401e+012 4.47767231e+011 2.05423606e+011 3.96673668e+010 3.11326886e+009 2.55791816e+008 3.05155577e+007 7.34272502e+006 2.21333748e+006 7.82276013e+005 3.35996980e+005 1.69651397e+005 1.07990621e+005 7.11525180e+004 4.98626455e+004 2.40379708e+004 9.16768585e+003 2.17681649e+003 4.82277634e+002 2.29598118e+001 4.44311188e-001 1.55388227e-003 0.00000000e+000
61412.84234954 0.000000 0.000000 0.000000 1.26316115e+013 5.05064809e+012 1.72337874e+012 7.44829391e+011 3.62472005e+011 7.91566430e+010 7.78916231e+009 8.07447735e+008 1.18276144e+008 3.25052417e+007 1.04897291e+007 3.78830260e+006 1.60353065e+006 8.04523833e+005 4.97285948e+005 3.42157113e+005 2.58996596e+005 1.42964567e+005 6.56942487e+004 2.02555050e+004 5.18813982e+003 3.15376276e+002 1.18111318e+001 1.91327471e-001 0.00000000e+000
61413.00435185 0.000000 0.000000 0.000000 1.27782456e+013 5.09248910e+012 1.72873410e+012 7.45873931e+011 3.62813249e+011 7.91992699e+010 7.78952736e+009 8.07449194e+008 1.18276147e+008 3.25052417e+007 1.04897291e+007 3.78830260e+006 1.60353065e+006 8.04523833e+005 4.97285948e+005 3.42157113e+005 2.58996596e+005 1.42964567e+005 6.56942487e+004 2.02555050e+004 5.18813982e+003 3.15376276e+002 1.18111318e+001 1.91327471e-001 0.00000000e+000
61413.16635417 0.000000 0.000000 0.000000 1.27812326e+013 5.09345724e+012 1.72888345e+012 7.45894146e+011 3.62816898e+011 7.91994571e+010 7.78952856e+009 8.07449195e+008 1.18276147e+008 3.25052417e+007 1.04897291e+007 3.78830260e+006 1.60353065e+006 8.04523833e+005 4.97285948e+005 3.42157113e+005 2.58996596e+005 1.42964567e+005 6.56942487e+004 2.02555050e+004 5.18813982e+003 3.15376276e+002 1.18111318e+001 1.91327471e-001 0.00000000e+000
61413.32835648 0.000000 0.000000 0.000000 1.28700576e+013 5.12025786e+012 1.73249526e+012 7.46613514e+011 3.63045801e+011 7.92244265e+010 7.78973119e+009 8.07450004e+008 1.18276147e+008 3.25052417e+007 1.04897291e+007 3.78830260e+006 1.60353065e+006 8.04523833e+005 4.97285948e+005 3.42157113e+005 2.58996596e+005 1.42964567e+005 6.56942487e+004 2.02555050e+004 5.18813982e+003 3.15376276e+002 1.18111318e+001 1.91327471e-001 0.00000000e+000
61413.49035880 0.000000 0.000000 0.000000 1.50543254e+013 6.13324007e+012 2.14129714e+012 9.20843728e+011 4.43248080e+011 9.64328779e+010 9.50319345e+009 9.90509567e+008 1.46079955e+008 4.06312668e+007 1.32954502e+007 4.89278432e+006 2.10259025e+006 1.05836613e+006 6.51826135e+005 4.46632442e+005 3.36699066e+005 1.85337008e+005 8.51903214e+004 2.62221467e+004 6.63041085e+003 3.98021673e+002 1.47517574e+001 2.30524613e-001 0.00000000e+000
61413.65236111 0.000000 0.000000 0.000000 1.65034406e+013 6.74819331e+012 2.37134966e+012 1.01515259e+012 4.85175742e+011 1.03583768e+011 9.86949796e+009 9.98425172e+008 1.46476742e+008 4.07018267e+007 1.33066325e+007 4.89527563e+006 2.10340080e+006 1.05872262e+006 6.51976031e+005 4.46699857e+005 3.36732210e+005 1.85346113e+005 8.51919996e+004 2.62223051e+004 6.63041085e+003 3.98021673e+002 1.47517574e+001 2.30524613e-001 0.00000000e+000
61413.81436343 0.000000 0.000000 0.000000 1.65057003e+013 6.74890214e+012 2.37145284e+012 1.01517106e+012 4.85180272e+011 1.03584032e+011 9.86950034e+009 9.98425177e+008 1.46476742e+008 4.07018267e+007 1.33066325e+007 4.89527563e+006 2.10340080e+006 1.05872262e+006 6.51976031e+005 4.46699857e+005 3.36732210e+005 1.85346113e+005 8.51919996e+004 2.62223051e+004 6.63041085e+003 3.98021673e+002 1.47517574e+001 2.30524613e-001 0.00000000e+000
61413.97636574 0.000000 0.000000 0.000000 1.65057003e+013 6.74890214e+012 2.37145284e+012 1.01517106e+012 4.85180272e+011 1.03584032e+011 9.86950034e+009 9.98425177e+008 1.46476742e+008 4.07018267e+007 1.33066325e+007 4.89527563e+006 2.10340080e+006 1.05872262e+006 6.51976031e+005 4.46699857e+005 3.36732210e+005 1.85346113e+005 8.51919996e+004 2.62223051e+004 6.63041085e+003 3.98021673e+002 1.47517574e+001 2.30524613e-001 0.00000000e+000
61414.13836806 0.000000 0.000000 0.000000 1.65057003e+013 6.74890214e+012 2.37145284e+012 1.01517106e+012 4.85180272e+011 1.03584032e+011 9.86950034e+009 9.98425177e+008 1.46476742e+008 4.07018267e+007 1.33066325e+007 4.89527563e+006 2.10340080e+006 1.05872262e+006 6.51976031e+005 4.46699857e+005 3.36732210e+005 1.85346113e+005 8.51919996e+004 2.62223051e+004 6.63041085e+003 3.98021673e+002 1.47517574e+001 2.30524613e-001 0.00000000e+000
61414.30037037 0.000000 0.000000 0.000000 1.65107555e+013 6.75057180e+012 2.37171563e+012 1.01521960e+012 4.85192142e+011 1.03584724e+011 9.86950608e+009 9.98425187e+008 1.46476742e+008 4.07018267e+007 1.33066325e+007 4.89527563e+006 2.10340080e+006 1.05872262e+006 6.51976031e+005 4.46699857e+005 3.36732210e+005 1.85346113e+005 8.51919996e+004 2.62223051e+004 6.63041085e+003 3.98021673e+002 1.47517574e+001 2.30524613e-001 0.00000000e+000
61414.46237269 0.000000 0.000000 0.000000 1.83625603e+013 7.62896864e+012 2.74587107e+012 1.17452160e+012 5.56374109e+011 1.16189007e+011 1.05752648e+010 1.01920063e+009 1.47553966e+008 4.09058527e+007 1.33423875e+007 4.90373296e+006 2.10617548e+006 1.05996341e+006 6.52533832e+005 4.46937719e+005 3.36836599e+005 1.85373988e+005 8.51980830e+004 2.62228257e+004 6.63041085e+003 3.98021673e+002 1.47517574e+001 2.30524613e-001 0.00000000e+000
61414.62437500 0.000000 0.000000 0.000000 1.97382083e+013 8.31469245e+012 3.06963478e+012 1.32650924e+012 6.29802921e+011 1.33121878e+011 1.23721280e+010 1.22032040e+009 1.78077058e+008 4.96131731e+007 1.63349700e+007 6.09250600e+006 2.65302899e+006 1.34434633e+006 8.25216540e+005 5.64400854e+005 4.24382580e+005 2.32693201e+005 1.06710283e+005 3.27361820e+004 8.22545849e+003 4.98771189e+002 1.86834527e+001 2.82463046e-001 0.00000000e+000
61414.78637731 0.000000 0.000000 0.000000 1.97444110e+013 8.31666239e+012 3.06992247e+012 1.32656516e+012 6.29818556e+011 1.33123053e+011 1.23721376e+010 1.22032043e+009 1.78077058e+008 4.96131731e+007 1.63349700e+007 6.09250600e+006 2.65302899e+006 1.34434633e+006 8.25216540e+005 5.64400854e+005 4.24382580e+005 2.32693201e+005 1.06710283e+005 3.27361820e+004 8.22545849e+003 4.98771189e+002 1.86834527e+001 2.82463046e-001 0.00000000e+000
61414.94837963 0.000000 0.000000 0.000000 1.97444110e+013 8.31666239e+012 3.06992247e+012 1.32656516e+012 6.29818556e+011 1.33123053e+011 1.23721376e+010 1.22032043e+009 1.78077058e+008 4.96131731e+007 1.63349700e+007 6.09250600e+006 2.65302899e+006 1.34434633e+006 8.25216540e+005 5.64400854e+005 4.24382580e+005 2.32693201e+005 1.06710283e+005 3.27361820e+004 8.22545849e+003 4.98771189e+002 1.86834527e+001 2.82463046e-001 0.00000000e+000
61415.11038194 0.000000 0.000000 0.000000 1.97444110e+013 8.31666239e+012 3.06992247e+012 1.32656516e+012 6.29818556e+011 1.33123053e+011 1.23721376e+010 1.22032043e+009 1.78077058e+008 4.96131731e+007 1.63349700e+007 6.09250600e+006 2.65302899e+006 1.34434633e+006 8.25216540e+005 5.64400854e+005 4.24382580e+005 2.32693201e+005 1.06710283e+005 3.27361820e+004 8.22545849e+003 4.98771189e+002 1.86834527e+001 2.82463046e-001 0.00000000e+000
61415.27238426 0.000000 0.000000 0.000000 1.97444110e+013 8.31666239e+012 3.06992247e+012 1.32656516e+012 6.29818556e+011 1.33123053e+011 1.23721376e+010 1.22032043e+009 1.78077058e+008 4.96131731e+007 1.63349700e+007 6.09250600e+006 2.65302899e+006 1.34434633e+006 8.25216540e+005 5.64400854e+005 4.24382580e+005 2.32693201e+005 1.06710283e+005 3.27361820e+004 8.22545849e+003 4.98771189e+002 1.86834527e+001 2.82463046e-001 0.00000000e+000
61415.43438657 0.000000 0.000000 0.000000 1.97444110e+013 8.31666239e+012 3.06992247e+012 1.32656516e+012 6.29818556e+011 1.33123053e+011 1.23721376e+010 1.22032043e+009 1.78077058e+008 4.96131731e+007 1.63349700e+007 6.09250600e+006 2.65302899e+006 1.34434633e+006 8.25216540e+005 5.64400854e+005 4.24382580e+005 2.32693201e+005 1.06710283e+005 3.27361820e+004 8.22545849e+003 4.98771189e+002 1.86834527e+001 2.82463046e-001 0.00000000e+000
61415.59638889 0.000000 0.000000 0.000000 1.97444110e+013 8.31666239e+012 3.06992247e+012 1.32656516e+012 6.29818556e+011 1.33123053e+011 1.23721376e+010 1.22032043e+009 1.78077058e+008 4.96131731e+007 1.63349700e+007 6.09250600e+006 2.65302899e+006 1.34434633e+006 8.25216540e+005 5.64400854e+005 4.24382580e+005 2.32693201e+005 1.06710283e+005 3.27361820e+004 8.22545849e+003 4.98771189e+002 1.86834527e+001 2.82463046e-001 0.00000000e+000
61415.75839120 0.000000 0.000000 0.000000 1.97444815e+013 8.31668656e+012 3.06992473e+012 1.32656539e+012 6.29818590e+011 1.33123054e+011 1.23721376e+010 1.22032043e+009 1.78077058e+008 4.96131731e+007 1.63349700e+007 6.09250600e+006 2.65302899e+006 1.34434633e+006 8.25216540e+005 5.64400854e+005 4.24382580e+005 2.32693201e+005 1.06710283e+005 3.27361820e+004 8.22545849e+003 4.98771189e+002 1.86834527e+001 2.82463046e-001 0.00000000e+000
61415.92039352 0.000000 0.000000 0.000000 2.00625932e+013 8.41693772e+012 3.08607159e+012 1.32951045e+012 6.30591423e+011 1.33229052e+011 1.23733119e+010 1.22032633e+009 1.78077089e+008 4.96131732e+007 1.63349700e+007 6.09250600e+006 2.65302899e+006 1.34434633e+006 8.25216540e+005 5.64400854e+005 4.24382580e+005 2.32693201e+005 1.06710283e+005 3.27361820e+004 8.22545849e+003 4.98771189e+002 1.86834527e+001 2.82463046e-001 0.00000000e+000
61416.08239583 0.000000 0.000000 0.000000 2.13998006e+013 9.18089178e+012 3.48113900e+012 1.49643960e+012 7.03537554e+011 1.47976361e+011 1.35413431e+010 1.31820025e+009 1.92020051e+008 5.37291971e+007 1.78860782e+007 6.81111428e+006 3.03580804e+006 1.56476110e+006 9.65628554e+005 6.61674612e+005 4.94736093e+005 2.67558676e+005 1.21075538e+005 3.68099901e+004 9.30470817e+003 5.89255263e+002 2.43954196e+001 3.27029993e-001 0.00000000e+000
61416.24439815 0.000000 0.000000 0.000000 2.14047458e+013 9.18250888e+012 3.48138404e+012 1.49648702e+012 7.03550553e+011 1.47977289e+011 1.35413504e+010 1.31820027e+009 1.92020051e+008 5.37291971e+007 1.78860782e+007 6.81111428e+006 3.03580804e+006 1.56476110e+006 9.65628554e+005 6.61674612e+005 4.94736093e+005 2.67558676e+005 1.21075538e+005 3.68099901e+004 9.30470817e+003 5.89255263e+002 2.43954196e+001 3.27029993e-001 0.00000000e+000
61416.40640046 0.000000 0.000000 0.000000 2.14047458e+013 9.18250888e+012 3.48138404e+012 1.49648702e+012 7.03550553e+011 1.47977289e+011 1.35413504e+010 1.31820027e+009 1.92020051e+008 5.37291971e+007 1.78860782e+007 6.81111428e+006 3.03580804e+006 1.56476110e+006 9.65628554e+005 6.61674612e+005 4.94736093e+005 2.67558676e+005 1.21075538e+005 3.68099901e+004 9.30470817e+003 5.89255263e+002 2.43954196e+001 3.27029993e-001 0.00000000e+000
61416.56840278 0.000000 0.000000 0.000000 2.14047458e+013 9.18250888e+012 3.48138404e+012 1.49648702e+012 7.03550553e+011 1.47977289e+011 1.35413504e+010 1.31820027e+009 1.92020051e+008 5.37291971e+007 1.78860782e+007 6.81111428e+006 3.03580804e+006 1.56476110e+006 9.65628554e+005 6.61674612e+005 4.94736093e+005 2.67558676e+005 1.21075538e+005 3.68099901e+004 9.30470817e+003 5.89255263e+002 2.43954196e+001 3.27029993e-001 0.00000000e+000
61416.73040509 0.000000 0.000000 0.000000 2.14047458e+013 9.18250888e+012 3.48138404e+012 1.49648702e+012 7.03550553e+011 1.47977289e+011 1.35413504e+010 1.31820027e+009 1.92020051e+008 5.37291971e+007 1.78860782e+007 6.81111428e+006 3.03580804e+006 1.56476110e+006 9.65628554e+005 6.61674612e+005 4.94736093e+005 2.67558676e+005 1.21075538e+005 3.68099901e+004 9.30470817e+003 5.89255263e+002 2.43954196e+001 3.27029993e-001 0.00000000e+000
61416.89240741 0.000000 0.000000 0.000000 2.14047458e+013 9.18250888e+012 3.48138404e+012 1.49648702e+012 7.03550553e+011 1.47977289e+011 1.35413504e+010 1.31820027e+009 1.92020051e+008 5.37291971e+007 1.78860782e+007 6.81111428e+006 3.03580804e+006 1.56476110e+006 9.65628554e+005 6.61674612e+005 4.94736093e+005 2.67558676e+005 1.21075538e+005 3.68099901e+004 9.30470817e+003 5.89255263e+002 2.43954196e+001 3.27029993e-001 0.00000000e+000
61417.05440972 0.000000 0.000000 0.000000 2.14047458e+013 9.18250888e+012 3.48138404e+012 1.49648702e+012 7.03550553e+011 1.47977289e+011 1.35413504e+010 1.31820027e+009 1.92020051e+008 5.37291971e+007 1.78860782e+007 6.81111428e+006 3.03580804e+006 1.56476110e+006 9.65628554e+005 6.61674612e+005 4.94736093e+005 2.67558676e+005 1.21075538e+005 3.68099901e+004 9.30470817e+003 5.89255263e+002 2.43954196e+001 3.27029993e-001 0.00000000e+000
61417.21641204 0.000000 0.000000 0.000000 2.14047458e+013 9.18250888e+012 3.48138404e+012 1.49648702e+012 7.03550553e+011 1.47977289e+011 1.35413504e+010 1.31820027e+009 1.92020051e+008 5.37291971e+007 1.78860782e+007 6.81111428e+006 3.03580804e+006 1.56476110e+006 9.65628554e+005 6.61674612e+005 4.94736093e+005 2.67558676e+005 1.21075538e+005 3.68099901e+004 9.30470817e+003 5.89255263e+002 2.43954196e+001 3.27029993e-001 0.00000000e+000
61417.37841435 0.000000 0.000000 0.000000 2.14047458e+013 9.18250888e+012 3.48138404e+012 1.49648702e+012 7.03550553e+011 1.47977289e+011 1.35413504e+010 1.31820027e+009 1.92020051e+008 5.37291971e+007 1.78860782e+007 6.81111428e+006 3.03580804e+006 1.56476110e+006 9.65628554e+005 6.61674612e+005 4.94736093e+005 2.67558676e+005 1.21075538e+005 3.68099901e+004 9.30470817e+003 5.89255263e+002 2.43954196e+001 3.27029993e-001 0.00000000e+000
61417.54041667 0.000000 0.000000 0.000000 2.14047458e+013 9.18250888e+012 3.48138404e+012 1.49648702e+012 7.03550553e+011 1.47977289e+011 1.35413504e+010 1.31820027e+009 1.92020051e+008 5.37291971e+007 1.78860782e+007 6.81111428e+006 3.03580804e+006 1.56476110e+006 9.65628554e+005 6.61674612e+005 4.94736093e+005 2.67558676e+005 1.21075538e+005 3.68099901e+004 9.30470817e+003 5.89255263e+002 2.43954196e+001 3.27029993e-001 0.00000000e+000
61417.70241898 0.000000 0.000000 0.000000 2.14047458e+013 9.18250888e+012 3.48138404e+012 1.49648702e+012 7.03550553e+011 1.47977289e+011 1.35413504e+010 1.31820027e+009 1.92020051e+008 5.37291971e+007 1.78860782e+007 6.81111428e+006 3.03580804e+006 1.56476110e+006 9.65628554e+005 6.61674612e+005 4.94736093e+005 2.67558676e+005 1.21075538e+005 3.68099901e+004 9.30470817e+003 5.89255263e+002 2.43954196e+001 3.27029993e-001 0.00000000e+000
61417.86442130 0.000000 0.000000 0.000000 2.14047458e+013 9.18250888e+012 3.48138404e+012 1.49648702e+012 7.03550553e+011 1.47977289e+011 1.35413504e+010 1.31820027e+009 1.92020051e+008 5.37291971e+007 1.78860782e+007 6.81111428e+006 3.03580804e+006 1.56476110e+006 9.65628554e+005 6.61674612e+005 4.94736093e+005 2.67558676e+005 1.21075538e+005 3.68099901e+004 9.30470817e+003 5.89255263e+002 2.43954196e+001 3.27029993e-001 0.00000000e+000
61418.02642361 0.000000 0.000000 0.000000 2.14047458e+013 9.18250888e+012 3.48138404e+012 1.49648702e+012 7.03550553e+011 1.47977289e+011 1.35413504e+010 1.31820027e+009 1.92020051e+008 5.37291971e+007 1.78860782e+007 6.81111428e+006 3.03580804e+006 1.56476110e+006 9.65628554e+005 6.61674612e+005 4.94736093e+005 2.67558676e+005 1.21075538e+005 3.68099901e+004 9.30470817e+003 5.89255263e+002 2.43954196e+001 3.27029993e-001 0.00000000e+000
61418.18842593 0.000000 0.000000 0.000000 2.14047457e+013 9.18250883e+012 3.48138404e+012 1.49648702e+012 7.03550553e+011 1.47977289e+011 1.35413504e+010 1.31820027e+009 1.92020051e+008 5.37291971e+007 1.78860782e+007 6.81111428e+006 3.03580804e+006 1.56476110e+006 9.65628554e+005 6.61674612e+005 4.94736093e+005 2.67558676e+005 1.21075538e+005 3.68099901e+004 9.30470817e+003 5.89255263e+002 2.43954196e+001 3.27029993e-001 0.00000000e+000
61418.35042824 0.000000 0.000000 0.000000 2.15105221e+013 9.21384545e+012 3.48541569e+012 1.49725535e+012 7.03798870e+011 1.48010279e+011 1.35416401e+010 1.31820127e+009 1.92020054e+008 5.37291971e+007 1.78860782e+007 6.81111428e+006 3.03580804e+006 1.56476110e+006 9.65628554e+005 6.61674612e+005 4.94736093e+005 2.67558676e+005 1.21075538e+005 3.68099901e+004 9.30470817e+003 5.89255263e+002 2.43954196e+001 3.27029993e-001 0.00000000e+000
61418.51243056 0.000000 0.000000 0.000000 2.35260599e+013 1.03569537e+013 4.09910274e+012 1.78288887e+012 8.35836713e+011 1.75163725e+011 1.58728325e+010 1.52584494e+009 2.21967051e+008 6.24340224e+007 2.09504357e+007 8.07602115e+006 3.63140232e+006 1.87892419e+006 1.14788951e+006 7.85801882e+005 5.88083498e+005 3.19081145e+005 1.45459225e+005 4.45654756e+004 1.12943266e+004 7.41989362e+002 3.23675296e+001 4.48383518e-001 0.00000000e+000
61418.67443287 0.000000 0.000000 0.000000 2.35588133e+013 1.03670004e+013 4.10044118e+012 1.78315408e+012 8.35923774e+011 1.75173739e+011 1.58729130e+010 1.52584522e+009 2.21967051e+008 6.24340224e+007 2.09504357e+007 8.07602115e+006 3.63140232e+006 1.87892419e+006 1.14788951e+006 7.85801882e+005 5.88083498e+005 3.19081145e+005 1.45459225e+005 4.45654756e+004 1.12943266e+004 7.41989362e+002 3.23675296e+001 4.48383518e-001 0.00000000e+000
61418.83643519 0.000000 0.000000 0.000000 2.35588133e+013 1.03670004e+013 4.10044118e+012 1.78315408e+012 8.35923774e+011 1.75173739e+011 1.58729130e+010 1.52584522e+009 2.21967051e+008 6.24340224e+007 2.09504357e+007 8.07602115e+006 3.63140232e+006 1.87892419e+006 1.14788951e+006 7.85801882e+005 5.88083498e+005 3.19081145e+005 1.45459225e+005 4.45654756e+004 1.12943266e+004 7.41989362e+002 3.23675296e+001 4.48383518e-001 0.00000000e+000
61418.99843750 0.000000 0.000000 0.000000 2.35588133e+013 1.03670004e+013 4.10044118e+012 1.78315408e+012 8.35923774e+011 1.75173739e+011 1.58729130e+010 1.52584522e+009 2.21967051e+008 6.24340224e+007 2.09504357e+007 8.07602115e+006 3.63140232e+006 1.87892419e+006 1.14788951e+006 7.85801882e+005 5.88083498e+005 3.19081145e+005 1.45459225e+005 4.45654756e+004 1.12943266e+004 7.41989362e+002 3.23675296e+001 4.48383518e-001 0.00000000e+000
61419.16043981 0.000000 0.000000 0.000000 2.35588133e+013 1.03670004e+013 4.10044118e+012 1.78315408e+012 8.35923774e+011 1.75173739e+011 1.58729130e+010 1.52584522e+009 2.21967051e+008 6.24340224e+007 2.09504357e+007 8.07602115e+006 3.63140232e+006 1.87892419e+006 1.14788951e+006 7.85801882e+005 5.88083498e+005 3.19081145e+005 1.45459225e+005 4.45654756e+004 1.12943266e+004 7.41989362e+002 3.23675296e+001 4.48383518e-001 0.00000000e+000
61419.32244213 0.000000 0.000000 0.000000 2.35588133e+013 1.03670004e+013 4.10044118e+012 1.78315408e+012 8.35923774e+011 1.75173739e+011 1.58729130e+010 1.52584522e+009 2.21967051e+008 6.24340224e+007 2.09504357e+007 8.07602115e+006 3.63140232e+006 1.87892419e+006 1.14788951e+006 7.85801882e+005 5.88083498e+005 3.19081145e+005 1.45459225e+005 4.45654756e+004 1.12943266e+004 7.41989362e+002 3.23675296e+001 4.48383518e-001 0.00000000e+000
61419.48444444 0.000000 0.000000 0.000000 2.35588133e+013 1.03670004e+013 4.10044118e+012 1.78315408e+012 8.35923774e+011 1.75173739e+011 1.58729130e+010 1.52584522e+009 2.21967051e+008 6.24340224e+007 2.09504357e+007 8.07602115e+006 3.63140232e+006 1.87892419e+006 1.14788951e+006 7.85801882e+005 5.88083498e+005 3.19081145e+005 1.45459225e+005 4.45654756e+004 1.12943266e+004 7.41989362e+002 3.23675296e+001 4.48383518e-001 0.00000000e+000
61419.64644676 0.000000 0.000000 0.000000 2.35588133e+013 1.03670004e+013 4.10044118e+012 1.78315408e+012 8.35923774e+011 1.75173739e+011 1.58729130e+010 1.52584522e+009 2.21967051e+008 6.24340224e+007 2.09504357e+007 8.07602115e+006 3.63140232e+006 1.87892419e+006 1.14788951e+006 7.85801882e+005 5.88083498e+005 3.19081145e+005 1.45459225e+005 4.45654756e+004 1.12943266e+004 7.41989362e+002 3.23675296e+001 4.48383518e-001 0.00000000e+000
61419.80844907 0.000000 0.000000 0.000000 2.35588133e+013 1.03670004e+013 4.10044118e+012 1.78315408e+012 8.35923774e+011 1.75173739e+011 1.58729130e+010 1.52584522e+009 2.21967051e+008 6.24340224e+007 2.09504357e+007 8.07602115e+006 3.63140232e+006 1.87892419e+006 1.14788951e+006 7.85801882e+005 5.88083498e+005 3.19081145e+005 1.45459225e+005 4.45654756e+004 1.12943266e+004 7.41989362e+002 3.23675296e+001 4.48383518e-001 0.00000000e+000
61419.97045139 0.000000 0.000000 0.000000 2.35588133e+013 1.03670004e+013 4.10044118e+012 1.78315408e+012 8.35923774e+011 1.75173739e+011 1.58729130e+010 1.52584522e+009 2.21967051e+008 6.24340224e+007 2.09504357e+007 8.07602115e+006 3.63140232e+006 1.87892419e+006 1.14788951e+006 7.85801882e+005 5.88083498e+005 3.19081145e+005 1.45459225e+005 4.45654756e+004 1.12943266e+004 7.41989362e+002 3.23675296e+001 4.48383518e-001 0.00000000e+000
61420.13245370 0.000000 0.000000 0.000000 2.35588133e+013 1.03670004e+013 4.10044118e+012 1.78315408e+012 8.35923774e+011 1.75173739e+011 1.58729130e+010 1.52584522e+009 2.21967051e+008 6.24340224e+007 2.09504357e+007 8.07602115e+006 3.63140232e+006 1.87892419e+006 1.14788951e+006 7.85801882e+005 5.88083498e+005 3.19081145e+005 1.45459225e+005 4.45654756e+004 1.12943266e+004 7.41989362e+002 3.23675296e+001 4.48383518e-001 0.00000000e+000
61420.29445602 0.000000 0.000000 0.000000 2.35588133e+013 1.03670004e+013 4.10044118e+012 1.78315408e+012 8.35923774e+011 1.75173739e+011 1.58729130e+010 1.52584522e+009 2.21967051e+008 6.24340224e+007 2.09504357e+007 8.07602115e+006 3.63140232e+006 1.87892419e+006 1.14788951e+006 7.85801882e+005 5.88083498e+005 3.19081145e+005 1.45459225e+005 4.45654756e+004 1.12943266e+004 7.41989362e+002 3.23675296e+001 4.48383518e-001 0.00000000e+000
61420.45645833 0.000000 0.000000 0.000000 2.35588133e+013 1.03670004e+013 4.10044118e+012 1.78315408e+012 8.35923774e+011 1.75173739e+011 1.58729130e+010 1.52584522e+009 2.21967051e+008 6.24340224e+007 2.09504357e+007 8.07602115e+006 3.63140232e+006 1.87892419e+006 1.14788951e+006 7.85801882e+005 5.88083498e+005 3.19081145e+005 1.45459225e+005 4.45654756e+004 1.12943266e+004 7.41989362e+002 3.23675296e+001 4.48383518e-001 0.00000000e+000
61420.55915852 0.000000 0.000000 0.000000 2.35588133e+013 1.03670004e+013 4.10044118e+012 1.78315408e+012 8.35923774e+011 1.75173739e+011 1.58729130e+010 1.52584522e+009 2.21967051e+008 6.24340224e+007 2.09504357e+007 8.07602115e+006 3.63140232e+006 1.87892419e+006 1.14788951e+006 7.85801882e+005 5.88083498e+005 3.19081145e+005 1.45459225e+005 4.45654756e+004 1.12943266e+004 7.41989362e+002 3.23675296e+001 4.48383518e-001 0.00000000e+000
