# Ae9Ap9 Model output file: MoonBEAM_trajectory_trade/Rp18408_COM_8per90prop30inc_Tran.AE9.output_mc_fluenceIntv_022.txt
# Ae9Ap9 Software Version:  1.50.001
#
# Model type:               AE9
# Particle species:         e-
# Flux type:                1PtDiff
# Flux direction:           Omnidirectional
# Energy levels (MeV):       0.04 0.07 0.1 0.25 0.5 0.75 1 1.5 2 2.5 3 3.5 4 4.5 5 5.5 6 6.5 7 8.5 10
#
# Accumulation mode:        Interval, length = 13997 seconds (0.162002 days)
#
# Time format:              Modified Julian Date
# Coordinate system:        GEI (Geocentric Equatorial Inertial) Cartesian in km
# Data Delimiter:           space
#
# datetime(mjd),posx(km),posy(km),posz(km),fluence,fluence,fluence,fluence,fluence,fluence,fluence,fluence,fluence,fluence,fluence,fluence,fluence,fluence,fluence,fluence,fluence,fluence,fluence,fluence,fluence(#/cm^2/MeV)
61411.87033565 0.000000 0.000000 0.000000 4.85942739e+013 2.92637269e+013 7.77828497e+012 7.98794972e+011 1.32008804e+011 4.25093671e+010 1.41081087e+010 3.00345182e+009 6.13564982e+008 1.54731463e+008 4.72098031e+007 1.63874319e+007 6.05175210e+006 2.37364167e+006 9.70495022e+005 4.05301469e+005 1.78313384e+005 8.73431094e+004 3.67416859e+004 1.16842349e+004 5.16416466e+003
61412.03233796 0.000000 0.000000 0.000000 1.97856196e+014 1.13575486e+014 2.41663888e+013 2.18912356e+012 2.29473027e+011 6.30905125e+010 1.93365412e+010 4.07186278e+009 8.27872525e+008 1.94118259e+008 5.42294962e+007 1.80363419e+007 6.72708242e+006 2.66785495e+006 1.08785364e+006 4.45665810e+005 1.93321553e+005 9.32917437e+004 3.83191487e+004 1.18746370e+004 5.20550429e+003
61412.19434028 0.000000 0.000000 0.000000 2.29169776e+014 1.32117027e+014 2.94886441e+013 2.77380665e+012 2.87373650e+011 8.06342094e+010 2.58709559e+010 5.91692894e+009 1.30436846e+009 3.31061822e+008 1.03861602e+008 3.87256778e+007 1.61655794e+007 6.90224895e+006 2.91768938e+006 1.21405530e+006 5.54866864e+005 2.91375515e+005 1.30484571e+005 4.34152789e+004 1.93890797e+004
61412.35634259 0.000000 0.000000 0.000000 3.24258145e+014 1.87605903e+014 4.06976846e+013 3.75491556e+012 3.47226097e+011 9.29450044e+010 2.93678090e+010 6.74524968e+009 1.45882989e+009 3.63733295e+008 1.13281640e+008 4.22055096e+007 1.77063495e+007 7.59188579e+006 3.22696311e+006 1.35151999e+006 6.22930414e+005 3.27902286e+005 1.45616502e+005 4.78517583e+004 2.12392995e+004
61412.51834491 0.000000 0.000000 0.000000 3.90906257e+014 2.27987192e+014 4.85999187e+013 4.34211074e+012 3.75215000e+011 9.62830463e+010 2.98983436e+010 6.82137345e+009 1.47217592e+009 3.66720808e+008 1.14173795e+008 4.25250638e+007 1.78466344e+007 7.64453538e+006 3.24828108e+006 1.36085431e+006 6.28969142e+005 3.31732687e+005 1.47237513e+005 4.82917408e+004 2.14301393e+004
61412.68034722 0.000000 0.000000 0.000000 4.32359560e+014 2.53081469e+014 5.49008968e+013 5.14074094e+012 4.58165232e+011 1.15621773e+011 3.56060603e+010 8.03895990e+009 1.65044773e+009 3.94102829e+008 1.20383123e+008 4.44683304e+007 1.86717272e+007 8.04353202e+006 3.45336123e+006 1.45986865e+006 6.78415073e+005 3.57764941e+005 1.57699638e+005 5.20706592e+004 2.34304885e+004
61412.84234954 0.000000 0.000000 0.000000 4.43647513e+014 2.60721257e+014 5.76808453e+013 5.56894993e+012 4.99614877e+011 1.24503831e+011 3.83478323e+010 8.64084509e+009 1.72622039e+009 4.03881972e+008 1.22590529e+008 4.51823285e+007 1.89804227e+007 8.20620156e+006 3.54583685e+006 1.50825433e+006 7.03380306e+005 3.71430923e+005 1.63865469e+005 5.50017983e+004 2.53127934e+004
61413.00435185 0.000000 0.000000 0.000000 4.54491168e+014 2.67515903e+014 5.94041395e+013 5.79311688e+012 5.16419583e+011 1.26919673e+011 3.87769269e+010 8.71103377e+009 1.73773387e+009 4.06112371e+008 1.23251072e+008 4.54931571e+007 1.91763862e+007 8.31042386e+006 3.60093418e+006 1.53885160e+006 7.26719220e+005 3.90342531e+005 1.75360418e+005 6.22839515e+004 3.00915071e+004
61413.16635417 0.000000 0.000000 0.000000 4.54963561e+014 2.67815087e+014 5.94857949e+013 5.80440629e+012 5.17026269e+011 1.26973710e+011 3.87850389e+010 8.71212595e+009 1.73800704e+009 4.06262499e+008 1.23362488e+008 4.55697686e+007 1.92280873e+007 8.34003893e+006 3.61810292e+006 1.54798264e+006 7.32534209e+005 3.95309470e+005 1.78830214e+005 6.32000858e+004 3.00923887e+004
61413.32835648 0.000000 0.000000 0.000000 4.58607054e+014 2.70195064e+014 6.01785883e+013 5.91969286e+012 5.26208682e+011 1.28109863e+011 3.89530615e+010 8.73622308e+009 1.74177712e+009 4.07202885e+008 1.23839745e+008 4.58983318e+007 1.94748747e+007 8.48194849e+006 3.69999333e+006 1.59954822e+006 7.76003593e+005 4.33790507e+005 2.05499258e+005 8.44351334e+004 4.57484757e+004
61413.49035880 0.000000 0.000000 0.000000 4.63362487e+014 2.73992123e+014 6.16545340e+013 6.17980631e+012 5.51573865e+011 1.32720813e+011 4.01503631e+010 8.96594204e+009 1.76615249e+009 4.10319969e+008 1.24579762e+008 4.61678743e+007 1.96210794e+007 8.56999569e+006 3.75256909e+006 1.62806038e+006 7.93256309e+005 4.45612392e+005 2.11880283e+005 8.86647881e+004 4.93727393e+004
61413.65236111 0.000000 0.000000 0.000000 4.67537300e+014 2.77141747e+014 6.26845719e+013 6.36698882e+012 5.72557329e+011 1.36660283e+011 4.10936621e+010 9.12607134e+009 1.78348827e+009 4.13081551e+008 1.25443150e+008 4.65735681e+007 1.98829713e+007 8.72064182e+006 3.83766697e+006 1.67545358e+006 8.26069223e+005 4.70434420e+005 2.26417582e+005 9.82492546e+004 5.69210822e+004
61413.81436343 0.000000 0.000000 0.000000 4.67679906e+014 2.77244219e+014 6.27140320e+013 6.37069361e+012 5.72786475e+011 1.36681351e+011 4.10965871e+010 9.12646956e+009 1.78357384e+009 4.13118739e+008 1.25471572e+008 4.65944645e+007 1.98976603e+007 8.72883225e+006 3.84234990e+006 1.67816069e+006 8.28059044e+005 4.72091929e+005 2.27515576e+005 9.89936891e+004 5.72468977e+004
61413.97636574 0.000000 0.000000 0.000000 4.67679906e+014 2.77244219e+014 6.27140320e+013 6.37069361e+012 5.72786475e+011 1.36681351e+011 4.10965871e+010 9.12646956e+009 1.78357384e+009 4.13118739e+008 1.25471572e+008 4.65944645e+007 1.98976603e+007 8.72883225e+006 3.84234990e+006 1.67816069e+006 8.28059044e+005 4.72091929e+005 2.27515576e+005 9.89936891e+004 5.72468977e+004
61414.13836806 0.000000 0.000000 0.000000 4.67679906e+014 2.77244219e+014 6.27140320e+013 6.37069361e+012 5.72786475e+011 1.36681351e+011 4.10965871e+010 9.12646956e+009 1.78357384e+009 4.13118739e+008 1.25471572e+008 4.65944645e+007 1.98976603e+007 8.72883225e+006 3.84234990e+006 1.67816069e+006 8.28059044e+005 4.72091929e+005 2.27515576e+005 9.89936891e+004 5.72468977e+004
61414.30037037 0.000000 0.000000 0.000000 4.68034984e+014 2.77533518e+014 6.27989295e+013 6.37963430e+012 5.73403998e+011 1.36739652e+011 4.11037884e+010 9.12753508e+009 1.78382592e+009 4.13216252e+008 1.25533612e+008 4.66345182e+007 1.99230385e+007 8.74182800e+006 3.84898363e+006 1.68152746e+006 8.30141006e+005 4.73619144e+005 2.28365662e+005 9.92991396e+004 5.72913542e+004
61414.46237269 0.000000 0.000000 0.000000 4.72245718e+014 2.81115051e+014 6.39420510e+013 6.55933923e+012 6.03282407e+011 1.45579849e+011 4.40833204e+010 9.88540484e+009 1.95018043e+009 4.57597342e+008 1.40724101e+008 5.23698234e+007 2.23237346e+007 9.78662736e+006 4.31979780e+006 1.89641503e+006 9.37088982e+005 5.31448546e+005 2.53533157e+005 1.08792407e+005 6.24422226e+004
61414.62437500 0.000000 0.000000 0.000000 4.76896478e+014 2.85195056e+014 6.54470663e+013 6.76889280e+012 6.31428384e+011 1.53941717e+011 4.70552884e+010 1.06900549e+010 2.13392288e+009 5.08441320e+008 1.58169117e+008 5.89656178e+007 2.51045296e+007 1.09933413e+007 4.85785915e+006 2.14130972e+006 1.05976255e+006 5.98571884e+005 2.83086576e+005 1.19643338e+005 6.81864394e+004
61414.78637731 0.000000 0.000000 0.000000 4.77358757e+014 2.85585249e+014 6.55597661e+013 6.77861369e+012 6.32056455e+011 1.54016131e+011 4.70657442e+010 1.06916342e+010 2.13425988e+009 5.08553002e+008 1.58229686e+008 5.90021603e+007 2.51264942e+007 1.10037318e+007 4.86271062e+006 2.14361913e+006 1.06121373e+006 5.99494710e+005 2.83506389e+005 1.19757826e+005 6.82257486e+004
61414.94837963 0.000000 0.000000 0.000000 4.77358757e+014 2.85585249e+014 6.55597661e+013 6.77861369e+012 6.32056455e+011 1.54016131e+011 4.70657442e+010 1.06916342e+010 2.13425988e+009 5.08553002e+008 1.58229686e+008 5.90021603e+007 2.51264942e+007 1.10037318e+007 4.86271062e+006 2.14361913e+006 1.06121373e+006 5.99494710e+005 2.83506389e+005 1.19757826e+005 6.82257486e+004
61415.11038194 0.000000 0.000000 0.000000 4.77358757e+014 2.85585249e+014 6.55597661e+013 6.77861369e+012 6.32056455e+011 1.54016131e+011 4.70657442e+010 1.06916342e+010 2.13425988e+009 5.08553002e+008 1.58229686e+008 5.90021603e+007 2.51264942e+007 1.10037318e+007 4.86271062e+006 2.14361913e+006 1.06121373e+006 5.99494710e+005 2.83506389e+005 1.19757826e+005 6.82257486e+004
61415.27238426 0.000000 0.000000 0.000000 4.77358757e+014 2.85585249e+014 6.55597661e+013 6.77861369e+012 6.32056455e+011 1.54016131e+011 4.70657442e+010 1.06916342e+010 2.13425988e+009 5.08553002e+008 1.58229686e+008 5.90021603e+007 2.51264942e+007 1.10037318e+007 4.86271062e+006 2.14361913e+006 1.06121373e+006 5.99494710e+005 2.83506389e+005 1.19757826e+005 6.82257486e+004
61415.43438657 0.000000 0.000000 0.000000 4.77358757e+014 2.85585249e+014 6.55597661e+013 6.77861369e+012 6.32056455e+011 1.54016131e+011 4.70657442e+010 1.06916342e+010 2.13425988e+009 5.08553002e+008 1.58229686e+008 5.90021603e+007 2.51264942e+007 1.10037318e+007 4.86271062e+006 2.14361913e+006 1.06121373e+006 5.99494710e+005 2.83506389e+005 1.19757826e+005 6.82257486e+004
61415.59638889 0.000000 0.000000 0.000000 4.77358757e+014 2.85585249e+014 6.55597661e+013 6.77861369e+012 6.32056455e+011 1.54016131e+011 4.70657442e+010 1.06916342e+010 2.13425988e+009 5.08553002e+008 1.58229686e+008 5.90021603e+007 2.51264942e+007 1.10037318e+007 4.86271062e+006 2.14361913e+006 1.06121373e+006 5.99494710e+005 2.83506389e+005 1.19757826e+005 6.82257486e+004
61415.75839120 0.000000 0.000000 0.000000 4.77361025e+014 2.85587860e+014 6.55608814e+013 6.77870676e+012 6.32065148e+011 1.54017172e+011 4.70659502e+010 1.06916912e+010 2.13428307e+009 5.08565080e+008 1.58237286e+008 5.90070188e+007 2.51297928e+007 1.10053021e+007 4.86358035e+006 2.14380360e+006 1.06121004e+006 5.99492233e+005 2.83505191e+005 1.19757826e+005 6.82257486e+004
61415.92039352 0.000000 0.000000 0.000000 4.77562944e+014 2.85835740e+014 6.56866091e+013 6.81220426e+012 6.43469147e+011 1.58018800e+011 4.84082973e+010 1.10727420e+010 2.24088177e+009 5.51682322e+008 1.78375724e+008 6.90407710e+007 3.06672697e+007 1.38644758e+007 6.33827613e+006 2.95993333e+006 1.59864391e+006 9.85641139e+005 5.18721041e+005 2.46282663e+005 1.50396393e+005
61416.08239583 0.000000 0.000000 0.000000 4.77915038e+014 2.86371600e+014 6.59985716e+013 6.97924060e+012 6.86904575e+011 1.74624047e+011 5.52933543e+010 1.28726876e+010 2.62710924e+009 6.75042967e+008 2.29830012e+008 9.31366388e+007 4.29217994e+007 1.98391212e+007 9.26929818e+006 4.53965090e+006 2.62482472e+006 1.73559506e+006 9.94535051e+005 5.38998349e+005 3.64531072e+005
61416.24439815 0.000000 0.000000 0.000000 4.77922707e+014 2.86381636e+014 6.60045601e+013 6.98022640e+012 6.87184467e+011 1.74674324e+011 5.53027247e+010 1.28750706e+010 2.62801275e+009 6.75632961e+008 2.30391363e+008 9.35982654e+007 4.32659029e+007 2.00564173e+007 9.40119044e+006 4.62031571e+006 2.68081778e+006 1.77893180e+006 1.02351248e+006 5.54851089e+005 3.72265422e+005
61416.40640046 0.000000 0.000000 0.000000 4.77922707e+014 2.86381636e+014 6.60045601e+013 6.98022640e+012 6.87184467e+011 1.74674324e+011 5.53027247e+010 1.28750706e+010 2.62801275e+009 6.75632961e+008 2.30391363e+008 9.35982654e+007 4.32659029e+007 2.00564173e+007 9.40119044e+006 4.62031571e+006 2.68081778e+006 1.77893180e+006 1.02351248e+006 5.54851089e+005 3.72265422e+005
61416.56840278 0.000000 0.000000 0.000000 4.77922707e+014 2.86381636e+014 6.60045601e+013 6.98022640e+012 6.87184467e+011 1.74674324e+011 5.53027247e+010 1.28750706e+010 2.62801275e+009 6.75632961e+008 2.30391363e+008 9.35982654e+007 4.32659029e+007 2.00564173e+007 9.40119044e+006 4.62031571e+006 2.68081778e+006 1.77893180e+006 1.02351248e+006 5.54851089e+005 3.72265422e+005
61416.73040509 0.000000 0.000000 0.000000 4.77922707e+014 2.86381636e+014 6.60045601e+013 6.98022640e+012 6.87184467e+011 1.74674324e+011 5.53027247e+010 1.28750706e+010 2.62801275e+009 6.75632961e+008 2.30391363e+008 9.35982654e+007 4.32659029e+007 2.00564173e+007 9.40119044e+006 4.62031571e+006 2.68081778e+006 1.77893180e+006 1.02351248e+006 5.54851089e+005 3.72265422e+005
61416.89240741 0.000000 0.000000 0.000000 4.77922707e+014 2.86381636e+014 6.60045601e+013 6.98022640e+012 6.87184467e+011 1.74674324e+011 5.53027247e+010 1.28750706e+010 2.62801275e+009 6.75632961e+008 2.30391363e+008 9.35982654e+007 4.32659029e+007 2.00564173e+007 9.40119044e+006 4.62031571e+006 2.68081778e+006 1.77893180e+006 1.02351248e+006 5.54851089e+005 3.72265422e+005
61417.05440972 0.000000 0.000000 0.000000 4.77922707e+014 2.86381636e+014 6.60045601e+013 6.98022640e+012 6.87184467e+011 1.74674324e+011 5.53027247e+010 1.28750706e+010 2.62801275e+009 6.75632961e+008 2.30391363e+008 9.35982654e+007 4.32659029e+007 2.00564173e+007 9.40119044e+006 4.62031571e+006 2.68081778e+006 1.77893180e+006 1.02351248e+006 5.54851089e+005 3.72265422e+005
61417.21641204 0.000000 0.000000 0.000000 4.77922707e+014 2.86381636e+014 6.60045601e+013 6.98022640e+012 6.87184467e+011 1.74674324e+011 5.53027247e+010 1.28750706e+010 2.62801275e+009 6.75632961e+008 2.30391363e+008 9.35982654e+007 4.32659029e+007 2.00564173e+007 9.40119044e+006 4.62031571e+006 2.68081778e+006 1.77893180e+006 1.02351248e+006 5.54851089e+005 3.72265422e+005
61417.37841435 0.000000 0.000000 0.000000 4.77922707e+014 2.86381636e+014 6.60045601e+013 6.98022640e+012 6.87184467e+011 1.74674324e+011 5.53027247e+010 1.28750706e+010 2.62801275e+009 6.75632961e+008 2.30391363e+008 9.35982654e+007 4.32659029e+007 2.00564173e+007 9.40119044e+006 4.62031571e+006 2.68081778e+006 1.77893180e+006 1.02351248e+006 5.54851089e+005 3.72265422e+005
61417.54041667 0.000000 0.000000 0.000000 4.77922707e+014 2.86381636e+014 6.60045601e+013 6.98022640e+012 6.87184467e+011 1.74674324e+011 5.53027247e+010 1.28750706e+010 2.62801275e+009 6.75632961e+008 2.30391363e+008 9.35982654e+007 4.32659029e+007 2.00564173e+007 9.40119044e+006 4.62031571e+006 2.68081778e+006 1.77893180e+006 1.02351248e+006 5.54851089e+005 3.72265422e+005
61417.70241898 0.000000 0.000000 0.000000 4.77922707e+014 2.86381636e+014 6.60045601e+013 6.98022640e+012 6.87184467e+011 1.74674324e+011 5.53027247e+010 1.28750706e+010 2.62801275e+009 6.75632961e+008 2.30391363e+008 9.35982654e+007 4.32659029e+007 2.00564173e+007 9.40119044e+006 4.62031571e+006 2.68081778e+006 1.77893180e+006 1.02351248e+006 5.54851089e+005 3.72265422e+005
61417.86442130 0.000000 0.000000 0.000000 4.77922707e+014 2.86381636e+014 6.60045601e+013 6.98022640e+012 6.87184467e+011 1.74674324e+011 5.53027247e+010 1.28750706e+010 2.62801275e+009 6.75632961e+008 2.30391363e+008 9.35982654e+007 4.32659029e+007 2.00564173e+007 9.40119044e+006 4.62031571e+006 2.68081778e+006 1.77893180e+006 1.02351248e+006 5.54851089e+005 3.72265422e+005
61418.02642361 0.000000 0.000000 0.000000 4.77922707e+014 2.86381636e+014 6.60045601e+013 6.98022640e+012 6.87184467e+011 1.74674324e+011 5.53027247e+010 1.28750706e+010 2.62801275e+009 6.75632961e+008 2.30391363e+008 9.35982654e+007 4.32659029e+007 2.00564173e+007 9.40119044e+006 4.62031571e+006 2.68081778e+006 1.77893180e+006 1.02351248e+006 5.54851089e+005 3.72265422e+005
61418.18842593 0.000000 0.000000 0.000000 4.77923097e+014 2.86381869e+014 6.60045811e+013 6.98022297e+012 6.87184335e+011 1.74674313e+011 5.53027228e+010 1.28750702e+010 2.62801267e+009 6.75632936e+008 2.30391332e+008 9.35982621e+007 4.32659007e+007 2.00564173e+007 9.40119044e+006 4.62031571e+006 2.68081778e+006 1.77893180e+006 1.02351248e+006 5.54851089e+005 3.72265422e+005
61418.35042824 0.000000 0.000000 0.000000 4.93039680e+014 2.96569840e+014 6.82783927e+013 7.16677943e+012 7.01332650e+011 1.77307464e+011 5.59035381e+010 1.30016189e+010 2.65403828e+009 6.81987253e+008 2.32425248e+008 9.44557687e+007 4.37406115e+007 2.02918902e+007 9.51474207e+006 4.67564804e+006 2.71419223e+006 1.80050026e+006 1.03406238e+006 5.58945794e+005 3.74519923e+005
61418.51243056 0.000000 0.000000 0.000000 5.04282299e+014 3.05488426e+014 7.14827492e+013 7.77501611e+012 8.01363071e+011 2.08733964e+011 6.82032722e+010 1.65095718e+010 3.48182682e+009 9.13459824e+008 3.15567927e+008 1.27553653e+008 5.80993702e+007 2.67454550e+007 1.24269282e+007 6.04470743e+006 3.43143464e+006 2.23259175e+006 1.26330153e+006 6.73458144e+005 4.50366129e+005
61418.67443287 0.000000 0.000000 0.000000 5.09162258e+014 3.08902472e+014 7.22873120e+013 7.83668693e+012 8.05351798e+011 2.09357005e+011 6.83252668e+010 1.65342431e+010 3.48713902e+009 9.14930940e+008 3.16168083e+008 1.27861929e+008 5.82859625e+007 2.68387067e+007 1.24719022e+007 6.06679437e+006 3.44542034e+006 2.24187808e+006 1.26795408e+006 6.75310777e+005 4.51383360e+005
61418.83643519 0.000000 0.000000 0.000000 5.09162258e+014 3.08902472e+014 7.22873120e+013 7.83668693e+012 8.05351798e+011 2.09357005e+011 6.83252668e+010 1.65342431e+010 3.48713902e+009 9.14930940e+008 3.16168083e+008 1.27861929e+008 5.82859625e+007 2.68387067e+007 1.24719022e+007 6.06679437e+006 3.44542034e+006 2.24187808e+006 1.26795408e+006 6.75310777e+005 4.51383360e+005
61418.99843750 0.000000 0.000000 0.000000 5.09162258e+014 3.08902472e+014 7.22873120e+013 7.83668693e+012 8.05351798e+011 2.09357005e+011 6.83252668e+010 1.65342431e+010 3.48713902e+009 9.14930940e+008 3.16168083e+008 1.27861929e+008 5.82859625e+007 2.68387067e+007 1.24719022e+007 6.06679437e+006 3.44542034e+006 2.24187808e+006 1.26795408e+006 6.75310777e+005 4.51383360e+005
61419.16043981 0.000000 0.000000 0.000000 5.09162258e+014 3.08902472e+014 7.22873120e+013 7.83668693e+012 8.05351798e+011 2.09357005e+011 6.83252668e+010 1.65342431e+010 3.48713902e+009 9.14930940e+008 3.16168083e+008 1.27861929e+008 5.82859625e+007 2.68387067e+007 1.24719022e+007 6.06679437e+006 3.44542034e+006 2.24187808e+006 1.26795408e+006 6.75310777e+005 4.51383360e+005
61419.32244213 0.000000 0.000000 0.000000 5.09162258e+014 3.08902472e+014 7.22873120e+013 7.83668693e+012 8.05351798e+011 2.09357005e+011 6.83252668e+010 1.65342431e+010 3.48713902e+009 9.14930940e+008 3.16168083e+008 1.27861929e+008 5.82859625e+007 2.68387067e+007 1.24719022e+007 6.06679437e+006 3.44542034e+006 2.24187808e+006 1.26795408e+006 6.75310777e+005 4.51383360e+005
61419.48444444 0.000000 0.000000 0.000000 5.09162258e+014 3.08902472e+014 7.22873120e+013 7.83668693e+012 8.05351798e+011 2.09357005e+011 6.83252668e+010 1.65342431e+010 3.48713902e+009 9.14930940e+008 3.16168083e+008 1.27861929e+008 5.82859625e+007 2.68387067e+007 1.24719022e+007 6.06679437e+006 3.44542034e+006 2.24187808e+006 1.26795408e+006 6.75310777e+005 4.51383360e+005
61419.64644676 0.000000 0.000000 0.000000 5.09162258e+014 3.08902472e+014 7.22873120e+013 7.83668693e+012 8.05351798e+011 2.09357005e+011 6.83252668e+010 1.65342431e+010 3.48713902e+009 9.14930940e+008 3.16168083e+008 1.27861929e+008 5.82859625e+007 2.68387067e+007 1.24719022e+007 6.06679437e+006 3.44542034e+006 2.24187808e+006 1.26795408e+006 6.75310777e+005 4.51383360e+005
61419.80844907 0.000000 0.000000 0.000000 5.09162258e+014 3.08902472e+014 7.22873120e+013 7.83668693e+012 8.05351798e+011 2.09357005e+011 6.83252668e+010 1.65342431e+010 3.48713902e+009 9.14930940e+008 3.16168083e+008 1.27861929e+008 5.82859625e+007 2.68387067e+007 1.24719022e+007 6.06679437e+006 3.44542034e+006 2.24187808e+006 1.26795408e+006 6.75310777e+005 4.51383360e+005
61419.97045139 0.000000 0.000000 0.000000 5.09162258e+014 3.08902472e+014 7.22873120e+013 7.83668693e+012 8.05351798e+011 2.09357005e+011 6.83252668e+010 1.65342431e+010 3.48713902e+009 9.14930940e+008 3.16168083e+008 1.27861929e+008 5.82859625e+007 2.68387067e+007 1.24719022e+007 6.06679437e+006 3.44542034e+006 2.24187808e+006 1.26795408e+006 6.75310777e+005 4.51383360e+005
61420.13245370 0.000000 0.000000 0.000000 5.09162258e+014 3.08902472e+014 7.22873120e+013 7.83668693e+012 8.05351798e+011 2.09357005e+011 6.83252668e+010 1.65342431e+010 3.48713902e+009 9.14930940e+008 3.16168083e+008 1.27861929e+008 5.82859625e+007 2.68387067e+007 1.24719022e+007 6.06679437e+006 3.44542034e+006 2.24187808e+006 1.26795408e+006 6.75310777e+005 4.51383360e+005
61420.29445602 0.000000 0.000000 0.000000 5.09162258e+014 3.08902472e+014 7.22873120e+013 7.83668693e+012 8.05351798e+011 2.09357005e+011 6.83252668e+010 1.65342431e+010 3.48713902e+009 9.14930940e+008 3.16168083e+008 1.27861929e+008 5.82859625e+007 2.68387067e+007 1.24719022e+007 6.06679437e+006 3.44542034e+006 2.24187808e+006 1.26795408e+006 6.75310777e+005 4.51383360e+005
61420.45645833 0.000000 0.000000 0.000000 5.09162258e+014 3.08902472e+014 7.22873120e+013 7.83668693e+012 8.05351798e+011 2.09357005e+011 6.83252668e+010 1.65342431e+010 3.48713902e+009 9.14930940e+008 3.16168083e+008 1.27861929e+008 5.82859625e+007 2.68387067e+007 1.24719022e+007 6.06679437e+006 3.44542034e+006 2.24187808e+006 1.26795408e+006 6.75310777e+005 4.51383360e+005
61420.55915852 0.000000 0.000000 0.000000 5.09162258e+014 3.08902472e+014 7.22873120e+013 7.83668693e+012 8.05351798e+011 2.09357005e+011 6.83252668e+010 1.65342431e+010 3.48713902e+009 9.14930940e+008 3.16168083e+008 1.27861929e+008 5.82859625e+007 2.68387067e+007 1.24719022e+007 6.06679437e+006 3.44542034e+006 2.24187808e+006 1.26795408e+006 6.75310777e+005 4.51383360e+005
