# Ae9Ap9 Model output file: MoonBEAM_trajectory_trade/Rp18408_COM_8per90prop30inc_Sci.AE9.output_mc_flux_027.txt
# Ae9Ap9 Software Version:  1.50.001
#
# Model type:               AE9
# Particle species:         e-
# Flux type:                1PtDiff
# Flux direction:           Omnidirectional
# Energy levels (MeV):       0.04 0.07 0.1 0.25 0.5 0.75 1 1.5 2 2.5 3 3.5 4 4.5 5 5.5 6 6.5 7 8.5 10
#
# Time format:              Modified Julian Date
# Coordinate system:        GEI (Geocentric Equatorial Inertial) Cartesian in km
# Data Delimiter:           space
#
# datetime(mjd),posx(km),posy(km),posz(km),flux,flux,flux,flux,flux,flux,flux,flux,flux,flux,flux,flux,flux,flux,flux,flux,flux,flux,flux,flux,flux(#/cm^2/s/MeV)
61429.46949573 -304181.640280 -80019.908149 -48268.149155 0.00000000e+000 0.00000000e+000 0.00000000e+000 0.00000000e+000 0.00000000e+000 0.00000000e+000 0.00000000e+000 0.00000000e+000 0.00000000e+000 0.00000000e+000 0.00000000e+000 0.00000000e+000 0.00000000e+000 0.00000000e+000 0.00000000e+000 0.00000000e+000 0.00000000e+000 0.00000000e+000 0.00000000e+000 0.00000000e+000 0.00000000e+000
61429.66048586 -288432.736372 -81391.796844 -48968.293303 0.00000000e+000 0.00000000e+000 0.00000000e+000 0.00000000e+000 0.00000000e+000 0.00000000e+000 0.00000000e+000 0.00000000e+000 0.00000000e+000 0.00000000e+000 0.00000000e+000 0.00000000e+000 0.00000000e+000 0.00000000e+000 0.00000000e+000 0.00000000e+000 0.00000000e+000 0.00000000e+000 0.00000000e+000 0.00000000e+000 0.00000000e+000
61429.83554417 -273010.020262 -82357.483670 -49436.342914 0.00000000e+000 0.00000000e+000 0.00000000e+000 0.00000000e+000 0.00000000e+000 0.00000000e+000 0.00000000e+000 0.00000000e+000 0.00000000e+000 0.00000000e+000 0.00000000e+000 0.00000000e+000 0.00000000e+000 0.00000000e+000 0.00000000e+000 0.00000000e+000 0.00000000e+000 0.00000000e+000 0.00000000e+000 0.00000000e+000 0.00000000e+000
61429.99606503 -257962.515504 -82957.629171 -49695.942067 0.00000000e+000 0.00000000e+000 0.00000000e+000 0.00000000e+000 0.00000000e+000 0.00000000e+000 0.00000000e+000 0.00000000e+000 0.00000000e+000 0.00000000e+000 0.00000000e+000 0.00000000e+000 0.00000000e+000 0.00000000e+000 0.00000000e+000 0.00000000e+000 0.00000000e+000 0.00000000e+000 0.00000000e+000 0.00000000e+000 0.00000000e+000
61430.14332375 -243325.313087 -83229.370856 -49768.584099 0.00000000e+000 0.00000000e+000 0.00000000e+000 0.00000000e+000 0.00000000e+000 0.00000000e+000 0.00000000e+000 0.00000000e+000 0.00000000e+000 0.00000000e+000 0.00000000e+000 0.00000000e+000 0.00000000e+000 0.00000000e+000 0.00000000e+000 0.00000000e+000 0.00000000e+000 0.00000000e+000 0.00000000e+000 0.00000000e+000 0.00000000e+000
61430.27841426 -229129.707830 -83206.426949 -49673.748906 0.00000000e+000 0.00000000e+000 0.00000000e+000 0.00000000e+000 0.00000000e+000 0.00000000e+000 0.00000000e+000 0.00000000e+000 0.00000000e+000 0.00000000e+000 0.00000000e+000 0.00000000e+000 0.00000000e+000 0.00000000e+000 0.00000000e+000 0.00000000e+000 0.00000000e+000 0.00000000e+000 0.00000000e+000 0.00000000e+000 0.00000000e+000
61430.40228940 -215403.737884 -82919.837530 -49429.352360 0.00000000e+000 0.00000000e+000 0.00000000e+000 0.00000000e+000 0.00000000e+000 0.00000000e+000 0.00000000e+000 0.00000000e+000 0.00000000e+000 0.00000000e+000 0.00000000e+000 0.00000000e+000 0.00000000e+000 0.00000000e+000 0.00000000e+000 0.00000000e+000 0.00000000e+000 0.00000000e+000 0.00000000e+000 0.00000000e+000 0.00000000e+000
61430.51580883 -202170.399177 -82398.415302 -49052.011790 0.00000000e+000 0.00000000e+000 0.00000000e+000 0.00000000e+000 0.00000000e+000 0.00000000e+000 0.00000000e+000 0.00000000e+000 0.00000000e+000 0.00000000e+000 0.00000000e+000 0.00000000e+000 0.00000000e+000 0.00000000e+000 0.00000000e+000 0.00000000e+000 0.00000000e+000 0.00000000e+000 0.00000000e+000 0.00000000e+000 0.00000000e+000
61430.61977333 -189445.885593 -81668.859664 -48557.111969 0.00000000e+000 0.00000000e+000 0.00000000e+000 0.00000000e+000 0.00000000e+000 0.00000000e+000 0.00000000e+000 0.00000000e+000 0.00000000e+000 0.00000000e+000 0.00000000e+000 0.00000000e+000 0.00000000e+000 0.00000000e+000 0.00000000e+000 0.00000000e+000 0.00000000e+000 0.00000000e+000 0.00000000e+000 0.00000000e+000 0.00000000e+000
61430.71493913 -177239.203290 -80755.717461 -47958.784592 0.00000000e+000 0.00000000e+000 0.00000000e+000 0.00000000e+000 0.00000000e+000 0.00000000e+000 0.00000000e+000 0.00000000e+000 0.00000000e+000 0.00000000e+000 0.00000000e+000 0.00000000e+000 0.00000000e+000 0.00000000e+000 0.00000000e+000 0.00000000e+000 0.00000000e+000 0.00000000e+000 0.00000000e+000 0.00000000e+000 0.00000000e+000
61430.80201861 -165553.095089 -79681.378917 -47269.910770 0.00000000e+000 0.00000000e+000 0.00000000e+000 0.00000000e+000 0.00000000e+000 0.00000000e+000 0.00000000e+000 0.00000000e+000 0.00000000e+000 0.00000000e+000 0.00000000e+000 0.00000000e+000 0.00000000e+000 0.00000000e+000 0.00000000e+000 0.00000000e+000 0.00000000e+000 0.00000000e+000 0.00000000e+000 0.00000000e+000 0.00000000e+000
61430.88167676 -154385.502613 -78466.176697 -46502.183187 0.00000000e+000 0.00000000e+000 0.00000000e+000 0.00000000e+000 0.00000000e+000 0.00000000e+000 0.00000000e+000 0.00000000e+000 0.00000000e+000 0.00000000e+000 0.00000000e+000 0.00000000e+000 0.00000000e+000 0.00000000e+000 0.00000000e+000 0.00000000e+000 0.00000000e+000 0.00000000e+000 0.00000000e+000 0.00000000e+000 0.00000000e+000
61430.95453120 -143730.591781 -77128.516026 -45666.182304 0.00000000e+000 0.00000000e+000 0.00000000e+000 0.00000000e+000 0.00000000e+000 0.00000000e+000 0.00000000e+000 0.00000000e+000 0.00000000e+000 0.00000000e+000 0.00000000e+000 0.00000000e+000 0.00000000e+000 0.00000000e+000 0.00000000e+000 0.00000000e+000 0.00000000e+000 0.00000000e+000 0.00000000e+000 0.00000000e+000 0.00000000e+000
61431.02115235 -133579.751094 -75685.045112 -44771.475483 0.00000000e+000 0.00000000e+000 0.00000000e+000 0.00000000e+000 0.00000000e+000 0.00000000e+000 0.00000000e+000 0.00000000e+000 0.00000000e+000 0.00000000e+000 0.00000000e+000 0.00000000e+000 0.00000000e+000 0.00000000e+000 0.00000000e+000 0.00000000e+000 0.00000000e+000 0.00000000e+000 0.00000000e+000 0.00000000e+000 0.00000000e+000
61431.08206661 -123922.090855 -74150.787180 -43826.691445 0.00000000e+000 0.00000000e+000 0.00000000e+000 0.00000000e+000 0.00000000e+000 0.00000000e+000 0.00000000e+000 0.00000000e+000 0.00000000e+000 0.00000000e+000 0.00000000e+000 0.00000000e+000 0.00000000e+000 0.00000000e+000 0.00000000e+000 0.00000000e+000 0.00000000e+000 0.00000000e+000 0.00000000e+000 0.00000000e+000 0.00000000e+000
61431.13775961 -114744.842966 -72539.255136 -42839.584784 0.00000000e+000 0.00000000e+000 0.00000000e+000 0.00000000e+000 0.00000000e+000 0.00000000e+000 0.00000000e+000 0.00000000e+000 0.00000000e+000 0.00000000e+000 0.00000000e+000 0.00000000e+000 0.00000000e+000 0.00000000e+000 0.00000000e+000 0.00000000e+000 0.00000000e+000 0.00000000e+000 0.00000000e+000 0.00000000e+000 0.00000000e+000
61431.18867788 -106033.925911 -70862.596598 -41817.119832 0.00000000e+000 0.00000000e+000 0.00000000e+000 0.00000000e+000 0.00000000e+000 0.00000000e+000 0.00000000e+000 0.00000000e+000 0.00000000e+000 0.00000000e+000 0.00000000e+000 0.00000000e+000 0.00000000e+000 0.00000000e+000 0.00000000e+000 0.00000000e+000 0.00000000e+000 0.00000000e+000 0.00000000e+000 0.00000000e+000 0.00000000e+000
61431.23513819 -97791.164519 -69135.393878 -40767.771557 0.00000000e+000 0.00000000e+000 0.00000000e+000 0.00000000e+000 0.00000000e+000 0.00000000e+000 0.00000000e+000 0.00000000e+000 0.00000000e+000 0.00000000e+000 0.00000000e+000 0.00000000e+000 0.00000000e+000 0.00000000e+000 0.00000000e+000 0.00000000e+000 0.00000000e+000 0.00000000e+000 0.00000000e+000 0.00000000e+000 0.00000000e+000
61431.27743281 -90018.360808 -67372.421130 -39700.132733 0.00000000e+000 0.00000000e+000 0.00000000e+000 0.00000000e+000 0.00000000e+000 0.00000000e+000 0.00000000e+000 0.00000000e+000 0.00000000e+000 0.00000000e+000 0.00000000e+000 0.00000000e+000 0.00000000e+000 0.00000000e+000 0.00000000e+000 0.00000000e+000 0.00000000e+000 0.00000000e+000 0.00000000e+000 0.00000000e+000 0.00000000e+000
61431.31596339 -82691.844157 -65582.343558 -38619.109235 0.00000000e+000 0.00000000e+000 0.00000000e+000 0.00000000e+000 0.00000000e+000 0.00000000e+000 0.00000000e+000 0.00000000e+000 0.00000000e+000 0.00000000e+000 0.00000000e+000 0.00000000e+000 0.00000000e+000 0.00000000e+000 0.00000000e+000 0.00000000e+000 0.00000000e+000 0.00000000e+000 0.00000000e+000 0.00000000e+000 0.00000000e+000
61431.35109535 -75787.741705 -63772.423078 -37528.792685 0.00000000e+000 0.00000000e+000 0.00000000e+000 0.00000000e+000 0.00000000e+000 0.00000000e+000 0.00000000e+000 0.00000000e+000 0.00000000e+000 0.00000000e+000 0.00000000e+000 0.00000000e+000 0.00000000e+000 0.00000000e+000 0.00000000e+000 0.00000000e+000 0.00000000e+000 0.00000000e+000 0.00000000e+000 0.00000000e+000 0.00000000e+000
61431.38315644 -69283.119910 -61948.876330 -36432.673884 0.00000000e+000 0.00000000e+000 0.00000000e+000 0.00000000e+000 0.00000000e+000 0.00000000e+000 0.00000000e+000 0.00000000e+000 0.00000000e+000 0.00000000e+000 0.00000000e+000 0.00000000e+000 0.00000000e+000 0.00000000e+000 0.00000000e+000 0.00000000e+000 0.00000000e+000 0.00000000e+000 0.00000000e+000 0.00000000e+000 0.00000000e+000
61431.41244163 -63155.874443 -60116.950926 -35333.685850 0.00000000e+000 0.00000000e+000 0.00000000e+000 0.00000000e+000 0.00000000e+000 0.00000000e+000 0.00000000e+000 0.00000000e+000 0.00000000e+000 0.00000000e+000 0.00000000e+000 0.00000000e+000 0.00000000e+000 0.00000000e+000 0.00000000e+000 0.00000000e+000 0.00000000e+000 0.00000000e+000 0.00000000e+000 0.00000000e+000 0.00000000e+000
61431.43921602 -57384.902802 -58281.066994 -34234.286578 0.00000000e+000 0.00000000e+000 0.00000000e+000 0.00000000e+000 0.00000000e+000 0.00000000e+000 0.00000000e+000 0.00000000e+000 0.00000000e+000 0.00000000e+000 0.00000000e+000 0.00000000e+000 0.00000000e+000 0.00000000e+000 0.00000000e+000 0.00000000e+000 0.00000000e+000 0.00000000e+000 0.00000000e+000 0.00000000e+000 0.00000000e+000
61431.46371848 -51950.009894 -56444.873818 -33136.491117 0.00000000e+000 0.00000000e+000 0.00000000e+000 0.00000000e+000 0.00000000e+000 0.00000000e+000 0.00000000e+000 0.00000000e+000 0.00000000e+000 0.00000000e+000 0.00000000e+000 0.00000000e+000 0.00000000e+000 0.00000000e+000 0.00000000e+000 0.00000000e+000 0.00000000e+000 0.00000000e+000 0.00000000e+000 0.00000000e+000 0.00000000e+000
61431.48616410 -46832.005709 -54611.356613 -32041.933955 0.00000000e+000 0.00000000e+000 0.00000000e+000 0.00000000e+000 0.00000000e+000 0.00000000e+000 0.00000000e+000 0.00000000e+000 0.00000000e+000 0.00000000e+000 0.00000000e+000 0.00000000e+000 0.00000000e+000 0.00000000e+000 0.00000000e+000 0.00000000e+000 0.00000000e+000 0.00000000e+000 0.00000000e+000 0.00000000e+000 0.00000000e+000
61431.50674721 -42012.562069 -52782.853828 -30951.878132 1.84313662e+005 7.74330483e+004 1.38812280e+004 1.22572665e+003 3.04502203e+002 4.44754835e+001 1.03372770e+001 3.28499512e+000 1.06830029e+000 4.29162403e-001 1.02173638e-001 6.66696520e-003 1.05122990e-003 0.00000000e+000 0.00000000e+000 0.00000000e+000 0.00000000e+000 0.00000000e+000 0.00000000e+000 0.00000000e+000 0.00000000e+000
61431.52564326 -37474.288399 -50961.140176 -29867.263822 4.07154545e+005 1.71863111e+005 3.17368987e+004 2.29063854e+003 4.92664256e+002 7.95965492e+001 1.94081282e+001 6.71286041e+000 2.35661226e+000 9.60568025e-001 4.49253242e-001 1.52210237e-001 8.04678838e-002 0.00000000e+000 0.00000000e+000 0.00000000e+000 0.00000000e+000 0.00000000e+000 0.00000000e+000 0.00000000e+000 0.00000000e+000
61431.54301094 -33200.670830 -49147.454626 -28788.724199 1.15002383e+006 5.08683865e+005 9.87931683e+004 6.32416874e+003 9.93523016e+002 1.60208322e+002 4.06388797e+001 1.52817070e+001 5.85641234e+000 2.47859465e+000 1.14463304e+000 5.77748510e-001 3.13729073e-001 9.12718135e-002 3.91267545e-002 0.00000000e+000 0.00000000e+000 0.00000000e+000 0.00000000e+000 0.00000000e+000 0.00000000e+000
61431.55899419 -29175.977304 -47342.499611 -27716.584394 3.50244110e+006 1.65233250e+006 3.32325430e+005 1.98626749e+004 2.35434044e+003 3.37962277e+002 7.92116331e+001 2.78218999e+001 1.04180687e+001 4.54104345e+000 2.24928674e+000 1.16799676e+000 6.65180171e-001 3.24606358e-001 1.40785223e-001 4.05369802e-002 0.00000000e+000 0.00000000e+000 0.00000000e+000 0.00000000e+000 0.00000000e+000
61431.57372376 -25385.242279 -45546.459765 -26650.872266 1.00070530e+007 4.97773759e+006 1.03017421e+006 6.05382618e+004 6.07124812e+003 7.64969012e+002 1.56926920e+002 4.56741152e+001 1.44459995e+001 6.35726156e+000 3.59434570e+000 2.06624224e+000 1.26618071e+000 6.69686003e-001 3.12527363e-001 1.58867668e-001 5.23375173e-002 4.22090972e-002 2.61648749e-002 0.00000000e+000 0.00000000e+000
61431.58731852 -21814.254303 -43759.013391 -25591.324964 2.52728738e+007 1.31953293e+007 2.81364515e+006 1.66031015e+005 1.54247787e+004 1.80541629e+003 3.39227681e+002 8.57877168e+001 2.35065791e+001 9.96894202e+000 6.00578747e+000 3.58127801e+000 2.25034091e+000 1.22465689e+000 6.51199293e-001 3.57875042e-001 2.55067591e-001 2.03908457e-001 1.20331418e-001 2.01157308e-002 0.00000000e+000
61431.59988725 -18449.387632 -41979.249760 -24537.339856 5.80383292e+007 3.19541208e+007 7.03997544e+006 4.14757384e+005 3.71311489e+004 4.18638606e+003 7.49011374e+002 1.68431952e+002 4.03669591e+001 1.64856820e+001 1.05621293e+001 6.59853483e+000 4.24559713e+000 2.33873148e+000 1.29518868e+000 7.45436421e-001 5.53842703e-001 4.45203840e-001 2.77652022e-001 1.79130412e-001 2.42891079e-003
61431.61152972 -15277.586574 -40205.633901 -23487.953927 1.16192027e+008 6.72507522e+007 1.57774621e+007 9.73823132e+005 8.84292068e+004 9.60344386e+003 1.72231813e+003 3.51587690e+002 7.43753857e+001 2.80470029e+001 1.84105471e+001 1.21069039e+001 8.11597448e+000 4.63310420e+000 2.64403699e+000 1.57507758e+000 1.19457997e+000 9.64934276e-001 6.06694283e-001 3.80583947e-001 2.41864071e-001
61431.62233831 -12286.188991 -38435.853595 -22441.753733 1.89344243e+008 1.11818212e+008 2.68006765e+007 1.72969812e+006 1.77067864e+005 2.09409327e+004 3.84235874e+003 7.75672027e+002 1.44362421e+002 5.05474835e+001 3.08445189e+001 2.12778665e+001 1.47626388e+001 8.62608486e+000 5.05671542e+000 3.05759973e+000 2.31242139e+000 1.85330703e+000 1.15151880e+000 6.87699807e-001 5.05846702e-001
61431.63239924 -9462.809850 -36666.643592 -21396.772434 2.57775694e+008 1.54294570e+008 3.76922881e+007 2.58411653e+006 3.09521801e+005 4.18108829e+004 7.93428481e+003 1.58059684e+003 2.70314198e+002 8.85509053e+001 5.06977820e+001 3.54975028e+001 2.49628360e+001 1.43574454e+001 8.58035185e+000 5.21031876e+000 3.86461682e+000 3.03724883e+000 1.87772878e+000 1.09107930e+000 7.81407143e-001
61431.64167470 -6829.232722 -34916.830106 -20364.085756 3.08626826e+008 1.87158554e+008 4.67324029e+007 3.46410687e+006 4.89203274e+005 7.50308520e+004 1.47488717e+004 2.90373879e+003 4.74033111e+002 1.47244570e+002 8.16571521e+001 5.65722381e+001 3.96686855e+001 2.23394270e+001 1.31857396e+001 7.91173425e+000 5.68505471e+000 4.35463095e+000 2.67812833e+000 1.55821170e+000 1.10646952e+000
61431.64917141 -4682.035821 -33408.405228 -19474.508369 3.44190386e+008 2.12152425e+008 5.36750238e+007 4.21410442e+006 7.02408137e+005 1.21254081e+005 2.44385932e+004 4.74364742e+003 7.58405566e+002 2.25276112e+002 1.22881595e+002 8.23873487e+001 5.72257936e+001 3.18421356e+001 1.81523720e+001 1.05511572e+001 7.31601875e+000 5.44012053e+000 3.25712069e+000 1.88026162e+000 1.37062493e+000
61431.65591118 -2740.314228 -31971.793818 -18627.826499 3.62149019e+008 2.28491439e+008 5.85646909e+007 4.85287126e+006 9.43782429e+005 1.82123627e+005 3.84717503e+004 7.56909927e+003 1.23927747e+003 3.67285601e+002 1.99670173e+002 1.26244971e+002 8.21630899e+001 4.52008048e+001 2.50665842e+001 1.40519583e+001 9.25873490e+000 6.58952457e+000 3.81402369e+000 2.12883949e+000 1.56815576e+000
61431.66186836 -1017.971230 -30631.769911 -17838.537559 3.68973696e+008 2.38600511e+008 6.23004154e+007 5.47828769e+006 1.23949099e+006 2.63575104e+005 5.74880113e+004 1.12441982e+004 1.93173165e+003 5.98801271e+002 3.22111718e+002 1.89160617e+002 1.14900040e+002 6.24274800e+001 3.42260491e+001 1.89173901e+001 1.19359055e+001 8.17797477e+000 4.59451044e+000 2.48454006e+000 1.82148520e+000
61431.66686289 428.007429 -29452.625757 -17144.375092 3.58172317e+008 2.37084961e+008 6.42201364e+007 6.09035325e+006 1.63837778e+006 3.83887866e+005 8.63589315e+004 1.68226600e+004 3.15785310e+003 1.04317872e+003 5.38228108e+002 2.89846428e+002 1.64204096e+002 8.79441577e+001 4.82528962e+001 2.67795199e+001 1.63119207e+001 1.08417201e+001 5.94073069e+000 3.14618492e+000 2.26285468e+000
61431.67114536 1667.261493 -28397.762024 -16523.662545 3.36912668e+008 2.28790875e+008 6.47426940e+007 6.56279850e+006 2.03752301e+006 5.15466864e+005 1.20237048e+005 2.26106052e+004 4.63692991e+003 1.61967860e+003 8.41047337e+002 4.24852062e+002 2.27352290e+002 1.20443138e+002 6.59844280e+001 3.70322942e+001 2.19853107e+001 1.43007982e+001 7.69034890e+000 3.97957016e+000 2.80250589e+000
61431.67543397 2905.695021 -27297.742762 -15876.662696 3.03982753e+008 2.13148662e+008 6.36306162e+007 6.91551547e+006 2.49547850e+006 6.80570905e+005 1.65356609e+005 3.02682591e+004 6.82834427e+003 2.47821849e+003 1.28565302e+003 6.18981389e+002 3.16958173e+002 1.66536909e+002 9.08271026e+001 5.14921170e+001 2.99079570e+001 1.91249067e+001 1.01261653e+001 5.12085167e+000 3.52906438e+000
61431.68030434 4305.866904 -25991.487737 -15108.731510 2.64920278e+008 1.89540898e+008 6.08444968e+007 8.02283312e+006 3.17734269e+006 9.80256701e+005 2.70404667e+005 5.18847038e+004 1.38087281e+004 5.12277334e+003 2.45317598e+003 1.10249163e+003 5.32484786e+002 2.74633287e+002 1.45710591e+002 8.14915936e+001 4.66041514e+001 2.98895886e+001 1.57758933e+001 7.88288421e+000 5.41763284e+000
61431.68529240 5728.483784 -24585.708153 -14282.734049 2.26693386e+008 1.64261895e+008 5.76379535e+007 9.79526569e+006 4.13097074e+006 1.43021301e+006 4.41531040e+005 9.01540184e+004 2.78173815e+004 1.05433550e+004 4.69828880e+003 1.98733733e+003 9.10843948e+002 4.59922986e+002 2.35516178e+002 1.28934881e+002 7.26648205e+001 4.70442033e+001 2.48649220e+001 1.23049652e+001 8.45658302e+000
61431.69026297 7128.703956 -23110.625731 -13416.502521 1.95308638e+008 1.42296498e+008 5.50688065e+007 1.23933624e+007 5.41008026e+006 2.07125117e+006 7.04133867e+005 1.57693534e+005 5.56551405e+004 2.14057001e+004 9.06314268e+003 3.65490695e+003 1.60185485e+003 7.90103381e+002 3.87234561e+002 2.06096138e+002 1.14194957e+002 7.48878410e+001 3.97441515e+001 1.95341660e+001 1.34069775e+001
61431.69513431 8476.830909 -21587.097294 -12522.336740 1.80090748e+008 1.23269705e+008 5.09962024e+007 1.61406656e+007 6.14863674e+006 2.61818463e+006 1.02691355e+006 3.00292262e+005 1.19869449e+005 4.52430170e+004 1.86060267e+004 7.37069992e+003 3.16969236e+003 1.52479051e+003 7.02847658e+002 3.55850865e+002 1.93535622e+002 1.29163783e+002 6.93183627e+001 3.47527132e+001 2.40003193e+001
61431.69977353 9730.315561 -20058.855115 -11625.923399 1.85870163e+008 1.14328088e+008 4.67147738e+007 2.05376391e+007 6.12012977e+006 2.80979603e+006 1.29617006e+006 5.13507037e+005 2.38332075e+005 9.07938457e+004 3.69473273e+004 1.46216666e+004 6.22740600e+003 2.95003533e+003 1.28653763e+003 6.10710575e+002 3.25074020e+002 2.20420663e+002 1.20938381e+002 6.14440352e+001 4.25100421e+001
61431.70408845 10861.059108 -18565.035549 -10750.197341 1.83035348e+008 1.03911759e+008 4.22784941e+007 2.20662291e+007 5.40232944e+006 2.52771456e+006 1.29485231e+006 6.65239429e+005 3.63096437e+005 1.49128125e+005 6.25819532e+004 2.56241756e+004 1.10151426e+004 5.27476267e+003 2.27050148e+003 1.05345898e+003 5.50730937e+002 3.72955458e+002 2.05876296e+002 1.04561494e+002 7.18901449e+001
61431.70811359 11876.924252 -17104.957763 -9894.720782 1.82966613e+008 9.73884801e+007 3.92532796e+007 2.29947112e+007 4.46827711e+006 2.06465415e+006 1.15279489e+006 7.56107818e+005 4.83232845e+005 2.14282025e+005 9.29921233e+004 3.94410400e+004 1.72410362e+004 8.47779614e+003 3.73570275e+003 1.75697775e+003 9.16876692e+002 6.14800196e+002 3.36871006e+002 1.70267968e+002 1.16284298e+002
61431.71188773 12787.075846 -15674.897787 -9057.277299 1.84076535e+008 9.74991292e+007 3.94790076e+007 2.36317438e+007 3.61514517e+006 1.63823104e+006 9.95284252e+005 8.02832910e+005 5.71625224e+005 2.66626201e+005 1.20502027e+005 5.34428912e+004 2.40728083e+004 1.21827979e+004 5.57040899e+003 2.70242237e+003 1.43030037e+003 9.52386101e+002 5.21933843e+002 2.64641994e+002 1.79988868e+002
61431.71544760 13600.008472 -14270.190171 -8235.105896 1.83450423e+008 1.07967564e+008 4.56428961e+007 2.27464977e+007 2.70970032e+006 1.15275174e+006 7.65937836e+005 7.74358725e+005 5.93475545e+005 2.85340330e+005 1.37194936e+005 6.48536840e+004 3.06149063e+004 1.59160022e+004 7.58743305e+003 3.81643853e+003 2.06207514e+003 1.36597833e+003 7.55351535e+002 3.87392803e+002 2.62858996e+002
61431.71882763 14323.261264 -12885.448699 -7425.031016 1.85716826e+008 1.21853846e+008 5.43108296e+007 2.19990519e+007 2.12933869e+006 8.44151934e+005 6.08179762e+005 7.06627911e+005 5.55868533e+005 2.69024487e+005 1.35076142e+005 6.73762988e+004 3.32659253e+004 1.77858797e+004 9.01638222e+003 4.84091944e+003 2.73946799e+003 1.82178118e+003 1.03489731e+003 5.54930249e+002 3.82135482e+002
61431.72206027 14963.286892 -11514.597663 -6623.481448 1.87975113e+008 1.36621100e+008 6.52855793e+007 2.17401587e+007 1.83731032e+006 6.55502412e+005 4.85369025e+005 6.21643052e+005 5.08991886e+005 2.51402477e+005 1.29330066e+005 6.61494920e+004 3.38527754e+004 1.89177813e+004 1.02504603e+004 5.80435059e+003 3.39454447e+003 2.27741119e+003 1.33484692e+003 7.49224150e+002 5.28323734e+002
61431.72517670 15525.370828 -10150.769958 -5826.431435 1.92616096e+008 1.52070520e+008 7.86905048e+007 2.18806090e+007 1.79607660e+006 6.18301736e+005 4.49546354e+005 5.45351436e+005 4.58697285e+005 2.33868294e+005 1.21398913e+005 6.24045929e+004 3.29487918e+004 1.95461496e+004 1.13294078e+004 6.70012956e+003 4.00734635e+003 2.71828594e+003 1.64487537e+003 9.62748624e+002 6.94594411e+002
61431.72820773 16013.538508 -8786.089243 -5029.274348 2.00373750e+008 1.72293596e+008 9.89547477e+007 2.22870177e+007 1.81694777e+006 5.86175876e+005 4.26655836e+005 4.89223046e+005 4.10558469e+005 2.11317032e+005 1.10561523e+005 5.77451491e+004 3.11555923e+004 1.91493223e+004 1.16007974e+004 7.13209944e+003 4.39697509e+003 3.04883016e+003 1.91839965e+003 1.18970556e+003 8.90004300e+002
61431.73118492 16430.402000 -7411.325721 -4226.623113 2.02055612e+008 1.86960833e+008 1.17276906e+008 2.23808976e+007 1.67566912e+006 5.07407265e+005 3.90781827e+005 4.42042914e+005 3.66468121e+005 1.89456375e+005 1.00001816e+005 5.32821263e+004 2.93159522e+004 1.85769158e+004 1.16836124e+004 7.42821245e+003 4.69959015e+003 3.32494148e+003 2.16219103e+003 1.40322203e+003 1.07788136e+003
61431.73414154 16776.836890 -6015.644031 -3412.165191 2.15918711e+008 2.06915125e+008 1.30814196e+008 2.28196051e+007 1.72213227e+006 4.80981628e+005 3.54075130e+005 3.86587158e+005 3.20320117e+005 1.65926261e+005 8.74510567e+004 4.71148335e+004 2.62398557e+004 1.69329986e+004 1.08708528e+004 7.06457229e+003 4.55874439e+003 3.28494265e+003 2.19333848e+003 1.46879125e+003 1.14825183e+003
61431.73711182 17051.373634 -4587.232742 -2579.032398 2.29375915e+008 2.24238734e+008 1.40162918e+008 2.30945314e+007 1.77590150e+006 4.59892096e+005 3.17836963e+005 3.34929457e+005 2.77687947e+005 1.43915782e+005 7.55896386e+004 4.09482352e+004 2.30018140e+004 1.50350929e+004 9.78691724e+003 6.47533774e+003 4.25208010e+003 3.11490744e+003 2.12546957e+003 1.45732914e+003 1.15449133e+003
61431.74000355 17243.080081 -3176.251410 -1756.488882 2.38670026e+008 2.36123040e+008 1.45016964e+008 2.31524606e+007 1.82145856e+006 4.48497332e+005 2.94899452e+005 3.01315330e+005 2.50401224e+005 1.30197119e+005 6.84146734e+004 3.73296459e+004 2.11907818e+004 1.40298227e+004 9.24285259e+003 6.20001653e+003 4.12873391e+003 3.06332582e+003 2.12288225e+003 1.47806896e+003 1.18072709e+003
61431.74281304 17354.335434 -1791.558455 -949.681058 2.44204362e+008 2.42525145e+008 1.45333184e+008 2.29843695e+007 1.85418458e+006 4.45307857e+005 2.84642593e+005 2.84834390e+005 2.37380996e+005 1.23976593e+005 6.53572836e+004 3.59010569e+004 2.05704477e+004 1.37555778e+004 9.13866664e+003 6.18184369e+003 4.15309686e+003 3.10386385e+003 2.16739335e+003 1.51897325e+003 1.21782715e+003
61431.74556248 17389.323914 -428.814487 -156.061474 2.46844173e+008 2.44353135e+008 1.41651656e+008 2.25150407e+007 1.86155017e+006 4.46694589e+005 2.84870487e+005 2.82010900e+005 2.34710889e+005 1.22898834e+005 6.50889178e+004 3.57118110e+004 2.04514521e+004 1.36674907e+004 9.08142716e+003 6.15096926e+003 4.13736884e+003 3.09022648e+003 2.15138769e+003 1.50161937e+003 1.20290222e+003
61431.74827603 17351.078403 917.958484 627.865273 2.46517948e+008 2.42168310e+008 1.35406380e+008 2.18666299e+007 1.84689974e+006 4.54447241e+005 2.96123566e+005 2.93343622e+005 2.42340043e+005 1.26822436e+005 6.75589930e+004 3.68027704e+004 2.08756896e+004 1.38048795e+004 9.09253773e+003 6.11764534e+003 4.08616153e+003 3.02784403e+003 2.08324805e+003 1.43582605e+003 1.14463408e+003
61431.75092794 17243.887464 2230.488288 1391.482273 2.42816724e+008 2.36073694e+008 1.26790819e+008 2.11035359e+007 1.82082615e+006 4.72643204e+005 3.20663159e+005 3.20712975e+005 2.61346740e+005 1.36364846e+005 7.32774510e+004 3.94608606e+004 2.20666796e+004 1.43392864e+004 9.29028529e+003 6.16511656e+003 4.06217275e+003 2.96829356e+003 2.00252354e+003 1.35134959e+003 1.06737809e+003
61431.75360282 17066.964741 3545.487653 2156.159259 2.34723553e+008 2.26185327e+008 1.17058092e+008 2.03540542e+007 1.79553410e+006 5.06016375e+005 3.61202539e+005 3.65836687e+005 2.91724894e+005 1.51378484e+005 8.22879439e+004 4.38141568e+004 2.41360188e+004 1.53630674e+004 9.74191567e+003 6.34836439e+003 4.10985037e+003 2.95132582e+003 1.94390141e+003 1.27753494e+003 9.96100458e+002
61431.75632662 16817.977830 4870.225051 2926.114254 2.20987276e+008 2.11855618e+008 1.07133938e+008 1.96748139e+007 1.77010085e+006 5.55136802e+005 4.19730166e+005 4.31230339e+005 3.34990675e+005 1.72804844e+005 9.49614340e+004 5.01908959e+004 2.71789794e+004 1.69139360e+004 1.04680664e+004 6.68774910e+003 4.23984211e+003 2.98753573e+003 1.91651485e+003 1.22360902e+003 9.38900484e+002
61431.75914362 16490.755319 6220.076285 3710.264787 2.13857433e+008 1.94871054e+008 9.06203989e+007 1.90660197e+007 1.79271736e+006 6.13032316e+005 4.68477525e+005 5.12454498e+005 3.93671347e+005 2.00211730e+005 1.07973526e+005 5.59886400e+004 2.94973940e+004 1.77099486e+004 1.04493434e+004 6.41361599e+003 3.94305179e+003 2.73019813e+003 1.70153037e+003 1.04305286e+003 7.83381667e+002
61431.76204797 16083.705693 7585.488688 4503.039061 2.05157073e+008 1.73974119e+008 7.29469279e+007 1.84454511e+007 1.81943590e+006 6.88455726e+005 5.31416988e+005 6.17420971e+005 4.65222212e+005 2.32376126e+005 1.22403579e+005 6.21582430e+004 3.19897475e+004 1.85751433e+004 1.04057265e+004 6.08617090e+003 3.61973037e+003 2.46635154e+003 1.49250416e+003 8.68245518e+002 6.34301398e+002
61431.76506150 15592.324826 8969.657572 5306.271796 1.96176038e+008 1.57833794e+008 6.16199557e+007 1.82578897e+007 1.90880691e+006 7.83385601e+005 6.06332912e+005 7.54603862e+005 5.34727494e+005 2.52921328e+005 1.29336627e+005 6.52241837e+004 3.26979264e+004 1.79676888e+004 9.29334614e+003 5.10242794e+003 2.93944701e+003 1.98491734e+003 1.17412494e+003 6.50644972e+002 4.64397081e+002
61431.76820051 15012.672331 10372.437808 6119.855917 1.86697348e+008 1.38885666e+008 5.21401265e+007 1.84507733e+007 2.24742645e+006 9.98647445e+005 7.37810394e+005 8.76413004e+005 5.90094540e+005 2.70696574e+005 1.32115945e+005 6.41415381e+004 3.11748837e+004 1.64519914e+004 7.90104301e+003 4.02115183e+003 2.22002713e+003 1.48837099e+003 8.63831592e+002 4.56674767e+002 3.19038625e+002
61431.77144661 14348.380379 11778.283121 6934.758748 1.77498045e+008 1.17546197e+008 4.40525054e+007 1.90329219e+007 2.85887006e+006 1.31881537e+006 8.95464816e+005 9.33113052e+005 6.03821546e+005 2.74287255e+005 1.25923288e+005 5.70618162e+004 2.65828322e+004 1.36048374e+004 6.13788113e+003 2.89720638e+003 1.51930473e+003 1.01433295e+003 5.80355529e+002 3.01063242e+002 2.08709134e+002
61431.77461972 13643.053890 13106.742989 7704.377087 1.66129529e+008 9.86578849e+007 3.82329099e+007 1.99705424e+007 3.59593073e+006 1.65093355e+006 1.01749613e+006 9.11312702e+005 5.49822100e+005 2.43660667e+005 1.04436486e+005 4.42230538e+004 1.96779056e+004 9.77597283e+003 4.20698483e+003 1.89419182e+003 9.61846233e+002 6.43564175e+002 3.66257930e+002 1.90697805e+002 1.32603703e+002
61431.77781155 12885.155879 14396.626784 8451.244027 1.62500549e+008 9.92079226e+007 4.06313485e+007 1.87200691e+007 4.24059136e+006 1.90858913e+006 1.05800814e+006 7.85639943e+005 4.21661041e+005 1.74565168e+005 7.16476402e+004 2.96104937e+004 1.30264413e+004 6.35628174e+003 2.66144931e+003 1.16230369e+003 5.79419431e+002 3.89113461e+002 2.23573092e+002 1.17974748e+002 8.31916193e+001
61431.78107417 12067.396662 15667.078899 9186.466136 1.61774619e+008 1.02557716e+008 4.39160015e+007 1.73241096e+007 4.69656793e+006 1.99029692e+006 9.88750208e+005 6.16515021e+005 2.97974462e+005 1.14927201e+005 4.51034557e+004 1.81997362e+004 7.97708637e+003 3.85342368e+003 1.60449695e+003 6.97982122e+002 3.46219422e+002 2.32657105e+002 1.33749336e+002 7.13994780e+001 5.13096510e+001
61431.78444324 11184.269828 16928.810403 9916.249535 1.57352491e+008 1.06878622e+008 4.82883486e+007 1.52284128e+007 4.78609254e+006 1.90238597e+006 8.34790046e+005 4.26302481e+005 1.87293500e+005 6.77459119e+004 2.55385871e+004 1.00588102e+004 4.42978188e+003 2.15216740e+003 9.24933296e+002 4.17930814e+002 2.10429942e+002 1.40627206e+002 7.92676015e+001 4.21944852e+001 3.05043850e+001
61431.78794869 10230.592453 18188.976717 10644.731894 1.47908648e+008 1.12010550e+008 5.34357768e+007 1.21844135e+007 4.34171415e+006 1.63657176e+006 6.22414839e+005 2.39398165e+005 9.63806468e+004 3.35847543e+004 1.25655070e+004 4.90762882e+003 2.21107827e+003 1.11998184e+003 5.20600975e+002 2.52107404e+002 1.29739207e+002 8.52517539e+001 4.59030855e+001 2.36599642e+001 1.66809073e+001
61431.79161829 9201.105671 19452.795081 11374.921997 1.58820246e+008 1.27522020e+008 5.82428313e+007 9.49705355e+006 3.58008311e+006 1.25069940e+006 4.11438120e+005 1.21590889e+005 4.59213554e+004 1.58972702e+004 6.05522993e+003 2.40627330e+003 1.11959564e+003 5.92286166e+002 2.96039478e+002 1.51131125e+002 7.97531676e+001 5.15548364e+001 2.70191351e+001 1.34949088e+001 9.25674882e+000
61431.79547926 8090.347888 20724.240111 12109.104030 1.86510322e+008 1.48403691e+008 6.19843191e+007 7.72983810e+006 2.66415824e+006 8.56640273e+005 2.61320873e+005 6.80005212e+004 2.27751005e+004 7.80453621e+003 3.05908802e+003 1.27366346e+003 6.26762417e+002 3.41801627e+002 1.78161419e+002 9.36063779e+001 5.04968660e+001 3.21060748e+001 1.67276653e+001 8.43617339e+000 5.76270654e+000
61431.79955911 6892.644997 22006.368342 12849.026491 2.25851593e+008 1.76693763e+008 6.70459614e+007 6.41298958e+006 1.91379706e+006 5.51442693e+005 1.54712413e+005 3.64809511e+004 1.04448484e+004 3.55677998e+003 1.45949957e+003 6.52204648e+002 3.43907468e+002 1.92026629e+002 1.03329773e+002 5.56433171e+001 3.06893936e+001 1.92053907e+001 1.00548453e+001 5.20459110e+000 3.57060598e+000
61431.80388598 5602.166113 23301.470835 13595.991353 2.77666725e+008 2.10847675e+008 7.25762416e+007 5.54607074e+006 1.35758469e+006 3.40752033e+005 8.61358306e+004 1.86010881e+004 4.43405137e+003 1.49575632e+003 6.55212721e+002 3.19031891e+002 1.80485622e+002 1.02550724e+002 5.68805965e+001 3.13485829e+001 1.77988676e+001 1.10978048e+001 5.90880529e+000 3.16663076e+000 2.20499104e+000
61431.80846444 4220.411728 24604.382544 14346.999690 3.41030232e+008 2.47491258e+008 7.68654909e+007 5.09406707e+006 9.56611010e+005 2.07446778e+005 4.91598720e+004 1.05976333e+004 2.09918985e+003 6.66894674e+002 3.08326093e+002 1.62240877e+002 9.73953299e+001 5.56065918e+001 3.16664850e+001 1.74991653e+001 1.04981997e+001 6.79244486e+000 3.74624613e+000 2.09232481e+000 1.52172798e+000
61431.81316024 2791.732774 25873.915830 15078.314535 3.96909710e+008 2.75721175e+008 7.64651079e+007 4.21689461e+006 6.08565774e+005 1.16475764e+005 2.67608216e+004 5.70047096e+003 9.97812336e+002 3.05555313e+002 1.54517079e+002 8.89853084e+001 5.68983342e+001 3.27175539e+001 1.88916759e+001 1.06453523e+001 6.78398089e+000 4.60823714e+000 2.66358114e+000 1.53795829e+000 1.15813417e+000
61431.81793764 1331.256721 27101.473609 15785.013798 4.10620040e+008 2.76646176e+008 7.31593135e+007 3.39265456e+006 3.81076750e+005 6.31486278e+004 1.41191328e+004 2.99033966e+003 4.79644245e+002 1.47745316e+002 8.14269226e+001 5.15527189e+001 3.53095690e+001 2.06052532e+001 1.23820676e+001 7.38273326e+000 5.07846585e+000 3.66620922e+000 2.23458515e+000 1.35475431e+000 1.03145510e+000
61431.82271715 -132.863050 28270.003054 16457.323768 3.96807607e+008 2.62454363e+008 6.77811750e+007 2.61096348e+006 2.20234538e+005 3.00794743e+004 6.68299109e+003 1.46050469e+003 2.28092912e+002 7.53002309e+001 4.42759933e+001 3.07245309e+001 2.24727737e+001 1.34115374e+001 8.59411329e+000 5.55593671e+000 4.13513170e+000 3.15927613e+000 2.01604705e+000 1.27014306e+000 9.50685745e-001
61431.82632672 -1238.604464 29115.853042 16943.728155 3.65518873e+008 2.41515258e+008 6.20125301e+007 2.06958006e+006 1.42655380e+005 1.73858848e+004 4.01576809e+003 9.31720585e+002 1.50681666e+002 5.30249406e+001 3.18217079e+001 2.27508545e+001 1.67695118e+001 1.01680732e+001 6.84365405e+000 4.69577473e+000 3.67096678e+000 2.89639310e+000 1.89734287e+000 1.21185122e+000 8.74032016e-001
61431.82992903 -2340.885842 29930.610128 17412.047911 3.32683316e+008 2.19711392e+008 5.60598419e+007 1.58870474e+006 8.45051494e+004 8.58151524e+003 2.12507378e+003 5.45083789e+002 9.33436860e+001 3.56014987e+001 2.19233944e+001 1.61854086e+001 1.20807047e+001 7.47983462e+000 5.32410167e+000 3.88111527e+000 3.18144316e+000 2.57924841e+000 1.72033746e+000 1.10019516e+000 7.78471951e-001
61431.83485771 -3845.392967 31000.875833 18026.921973 2.84601067e+008 1.87767642e+008 4.74587749e+007 1.09933188e+006 4.63580175e+004 4.22532382e+003 1.11017170e+003 3.12081459e+002 5.94485515e+001 2.36904967e+001 1.46120075e+001 1.07100696e+001 8.06073645e+000 5.10461906e+000 3.78209246e+000 2.86240594e+000 2.43627572e+000 2.00687977e+000 1.33190329e+000 8.11608005e-001 5.76494073e-001
61431.84039466 -5528.481211 32146.404059 18684.634356 2.21414504e+008 1.45390643e+008 3.66395657e+007 6.93536975e+005 2.31263175e+004 1.85837375e+003 5.31986111e+002 1.67493478e+002 3.62601553e+001 1.50223510e+001 9.34015627e+000 6.77016013e+000 5.10380191e+000 3.28564104e+000 2.52039816e+000 1.96774110e+000 1.69414573e+000 1.40250946e+000 9.16466297e-001 5.44136111e-001 3.89583881e-001
61431.84656392 -7392.570845 33357.878280 19379.747426 1.50728126e+008 9.76677543e+007 2.46793449e+007 3.69680326e+005 9.80875302e+003 7.12106031e+002 2.28291646e+002 8.33114226e+001 2.20424850e+001 9.56030738e+000 5.97739242e+000 4.16824524e+000 3.04647574e+000 1.96300627e+000 1.51227889e+000 1.19529575e+000 9.98508135e-001 8.13925940e-001 5.10728996e-001 3.04310353e-001 2.08867271e-001
61431.85334700 -9426.187745 34618.093839 20102.307241 9.40738690e+007 5.99590051e+007 1.49979718e+007 1.79834385e+005 4.27203282e+003 3.17783695e+002 1.12006872e+002 4.83790656e+001 1.45636036e+001 6.44038671e+000 3.98681438e+000 2.70049014e+000 1.88811080e+000 1.19498631e+000 8.94978861e-001 6.40646605e-001 5.11737444e-001 4.05303309e-001 2.54922613e-001 1.60300857e-001 4.61767039e-002
61431.86075890 -11627.132498 35917.376250 20846.693215 5.44343484e+007 3.38617478e+007 8.29484027e+006 7.98540560e+004 1.78402772e+003 1.42024476e+002 5.66305051e+001 2.94393880e+001 1.00368734e+001 4.34248963e+000 2.58184717e+000 1.68040701e+000 1.12245531e+000 6.98819800e-001 4.86158690e-001 3.13043345e-001 2.38647386e-001 1.81615957e-001 1.09402805e-001 5.01472722e-002 0.00000000e+000
61431.86882834 -13996.419265 37248.833897 21608.887382 2.75239022e+007 1.66383616e+007 3.93723716e+006 3.03549917e+004 6.86236682e+002 6.50493783e+001 2.92513897e+001 1.78230004e+001 6.82843563e+000 2.92679987e+000 1.66426307e+000 1.03766886e+000 6.57951427e-001 3.85935012e-001 2.30774441e-001 1.25528441e-001 7.58323601e-002 5.89757982e-002 2.46766922e-002 0.00000000e+000 0.00000000e+000
61431.87759450 -16537.208130 38607.293226 22385.860293 1.22423465e+007 7.23966851e+006 1.65295515e+006 1.10424515e+004 2.91658298e+002 3.55727219e+001 1.70914844e+001 1.11504684e+001 4.74053087e+000 2.13086388e+000 1.14792306e+000 6.76562816e-001 4.05172361e-001 2.11813711e-001 9.13698767e-002 4.10651759e-002 0.00000000e+000 0.00000000e+000 0.00000000e+000 0.00000000e+000 0.00000000e+000
61431.88710493 -19254.100778 39988.619182 23175.179202 5.18778596e+006 3.01367021e+006 6.64795395e+005 4.08424262e+003 1.36776669e+002 2.12960742e+001 1.02843062e+001 7.14249008e+000 3.39506155e+000 1.59284962e+000 7.63535583e-001 3.86699709e-001 2.09921322e-001 8.33336336e-002 3.02769502e-002 1.52264322e-003 0.00000000e+000 0.00000000e+000 0.00000000e+000 0.00000000e+000 0.00000000e+000
61431.89741499 -22152.855767 41389.368105 23974.807532 2.28731366e+006 1.32401024e+006 2.78632025e+005 1.70822587e+003 6.88781289e+001 1.11458632e+001 4.44222483e+000 2.62181049e+000 1.18147542e+000 5.79894795e-001 2.85417834e-001 1.51942316e-001 8.42409058e-002 1.04717026e-002 3.69823442e-003 0.00000000e+000 0.00000000e+000 0.00000000e+000 0.00000000e+000 0.00000000e+000 0.00000000e+000
61431.90858727 -25240.101887 42806.500961 24782.939467 1.19595338e+006 6.94740804e+005 1.41586326e+005 9.12186849e+002 4.08876560e+001 6.17234840e+000 2.00695539e+000 9.76269163e-001 4.12655044e-001 2.10305219e-001 1.02183632e-001 3.39047052e-002 1.93313942e-002 0.00000000e+000 0.00000000e+000 0.00000000e+000 0.00000000e+000 0.00000000e+000 0.00000000e+000 0.00000000e+000 0.00000000e+000
61431.92069223 -28523.376135 44237.289298 25597.944972 8.32361897e+005 4.84094891e+005 9.79274280e+004 6.87921255e+002 2.86429335e+001 3.85182050e+000 1.08364528e+000 4.27457782e-001 1.66253873e-001 8.76162874e-002 2.93790044e-002 0.00000000e+000 0.00000000e+000 0.00000000e+000 0.00000000e+000 0.00000000e+000 0.00000000e+000 0.00000000e+000 0.00000000e+000 0.00000000e+000 0.00000000e+000
61431.93375916 -31998.050590 45673.947095 26415.316116 0.00000000e+000 0.00000000e+000 0.00000000e+000 0.00000000e+000 0.00000000e+000 0.00000000e+000 0.00000000e+000 0.00000000e+000 0.00000000e+000 0.00000000e+000 0.00000000e+000 0.00000000e+000 0.00000000e+000 0.00000000e+000 0.00000000e+000 0.00000000e+000 0.00000000e+000 0.00000000e+000 0.00000000e+000 0.00000000e+000 0.00000000e+000
61431.94777851 -35649.153125 47105.604015 27228.805938 0.00000000e+000 0.00000000e+000 0.00000000e+000 0.00000000e+000 0.00000000e+000 0.00000000e+000 0.00000000e+000 0.00000000e+000 0.00000000e+000 0.00000000e+000 0.00000000e+000 0.00000000e+000 0.00000000e+000 0.00000000e+000 0.00000000e+000 0.00000000e+000 0.00000000e+000 0.00000000e+000 0.00000000e+000 0.00000000e+000 0.00000000e+000
61431.96280698 -39479.047376 48529.251897 28036.649694 0.00000000e+000 0.00000000e+000 0.00000000e+000 0.00000000e+000 0.00000000e+000 0.00000000e+000 0.00000000e+000 0.00000000e+000 0.00000000e+000 0.00000000e+000 0.00000000e+000 0.00000000e+000 0.00000000e+000 0.00000000e+000 0.00000000e+000 0.00000000e+000 0.00000000e+000 0.00000000e+000 0.00000000e+000 0.00000000e+000 0.00000000e+000
61431.97930722 -43589.336317 49975.958785 28856.377319 0.00000000e+000 0.00000000e+000 0.00000000e+000 0.00000000e+000 0.00000000e+000 0.00000000e+000 0.00000000e+000 0.00000000e+000 0.00000000e+000 0.00000000e+000 0.00000000e+000 0.00000000e+000 0.00000000e+000 0.00000000e+000 0.00000000e+000 0.00000000e+000 0.00000000e+000 0.00000000e+000 0.00000000e+000 0.00000000e+000 0.00000000e+000
61431.99665116 -47809.241884 51381.254588 29651.390293 0.00000000e+000 0.00000000e+000 0.00000000e+000 0.00000000e+000 0.00000000e+000 0.00000000e+000 0.00000000e+000 0.00000000e+000 0.00000000e+000 0.00000000e+000 0.00000000e+000 0.00000000e+000 0.00000000e+000 0.00000000e+000 0.00000000e+000 0.00000000e+000 0.00000000e+000 0.00000000e+000 0.00000000e+000 0.00000000e+000 0.00000000e+000
61432.01465213 -52086.743112 52729.762074 30413.020764 0.00000000e+000 0.00000000e+000 0.00000000e+000 0.00000000e+000 0.00000000e+000 0.00000000e+000 0.00000000e+000 0.00000000e+000 0.00000000e+000 0.00000000e+000 0.00000000e+000 0.00000000e+000 0.00000000e+000 0.00000000e+000 0.00000000e+000 0.00000000e+000 0.00000000e+000 0.00000000e+000 0.00000000e+000 0.00000000e+000 0.00000000e+000
61432.03472073 -56740.675597 54116.892162 31195.066308 0.00000000e+000 0.00000000e+000 0.00000000e+000 0.00000000e+000 0.00000000e+000 0.00000000e+000 0.00000000e+000 0.00000000e+000 0.00000000e+000 0.00000000e+000 0.00000000e+000 0.00000000e+000 0.00000000e+000 0.00000000e+000 0.00000000e+000 0.00000000e+000 0.00000000e+000 0.00000000e+000 0.00000000e+000 0.00000000e+000 0.00000000e+000
61432.05633005 -61625.563605 55489.968184 31967.655132 0.00000000e+000 0.00000000e+000 0.00000000e+000 0.00000000e+000 0.00000000e+000 0.00000000e+000 0.00000000e+000 0.00000000e+000 0.00000000e+000 0.00000000e+000 0.00000000e+000 0.00000000e+000 0.00000000e+000 0.00000000e+000 0.00000000e+000 0.00000000e+000 0.00000000e+000 0.00000000e+000 0.00000000e+000 0.00000000e+000 0.00000000e+000
61432.07963422 -66757.082471 56847.771818 32729.989889 0.00000000e+000 0.00000000e+000 0.00000000e+000 0.00000000e+000 0.00000000e+000 0.00000000e+000 0.00000000e+000 0.00000000e+000 0.00000000e+000 0.00000000e+000 0.00000000e+000 0.00000000e+000 0.00000000e+000 0.00000000e+000 0.00000000e+000 0.00000000e+000 0.00000000e+000 0.00000000e+000 0.00000000e+000 0.00000000e+000 0.00000000e+000
61432.10478522 -72147.845591 58187.578313 33480.412442 0.00000000e+000 0.00000000e+000 0.00000000e+000 0.00000000e+000 0.00000000e+000 0.00000000e+000 0.00000000e+000 0.00000000e+000 0.00000000e+000 0.00000000e+000 0.00000000e+000 0.00000000e+000 0.00000000e+000 0.00000000e+000 0.00000000e+000 0.00000000e+000 0.00000000e+000 0.00000000e+000 0.00000000e+000 0.00000000e+000 0.00000000e+000
61432.13194944 -77810.993677 59506.223191 34217.005057 0.00000000e+000 0.00000000e+000 0.00000000e+000 0.00000000e+000 0.00000000e+000 0.00000000e+000 0.00000000e+000 0.00000000e+000 0.00000000e+000 0.00000000e+000 0.00000000e+000 0.00000000e+000 0.00000000e+000 0.00000000e+000 0.00000000e+000 0.00000000e+000 0.00000000e+000 0.00000000e+000 0.00000000e+000 0.00000000e+000 0.00000000e+000
61432.16130868 -83760.070500 60800.037840 34937.553417 0.00000000e+000 0.00000000e+000 0.00000000e+000 0.00000000e+000 0.00000000e+000 0.00000000e+000 0.00000000e+000 0.00000000e+000 0.00000000e+000 0.00000000e+000 0.00000000e+000 0.00000000e+000 0.00000000e+000 0.00000000e+000 0.00000000e+000 0.00000000e+000 0.00000000e+000 0.00000000e+000 0.00000000e+000 0.00000000e+000 0.00000000e+000
61432.19300115 -89997.273482 62062.524603 35638.257499 0.00000000e+000 0.00000000e+000 0.00000000e+000 0.00000000e+000 0.00000000e+000 0.00000000e+000 0.00000000e+000 0.00000000e+000 0.00000000e+000 0.00000000e+000 0.00000000e+000 0.00000000e+000 0.00000000e+000 0.00000000e+000 0.00000000e+000 0.00000000e+000 0.00000000e+000 0.00000000e+000 0.00000000e+000 0.00000000e+000 0.00000000e+000
61432.22719831 -96529.306140 63288.039505 36315.788329 0.00000000e+000 0.00000000e+000 0.00000000e+000 0.00000000e+000 0.00000000e+000 0.00000000e+000 0.00000000e+000 0.00000000e+000 0.00000000e+000 0.00000000e+000 0.00000000e+000 0.00000000e+000 0.00000000e+000 0.00000000e+000 0.00000000e+000 0.00000000e+000 0.00000000e+000 0.00000000e+000 0.00000000e+000 0.00000000e+000 0.00000000e+000
61432.26410505 -103366.579889 64471.292614 36967.001135 0.00000000e+000 0.00000000e+000 0.00000000e+000 0.00000000e+000 0.00000000e+000 0.00000000e+000 0.00000000e+000 0.00000000e+000 0.00000000e+000 0.00000000e+000 0.00000000e+000 0.00000000e+000 0.00000000e+000 0.00000000e+000 0.00000000e+000 0.00000000e+000 0.00000000e+000 0.00000000e+000 0.00000000e+000 0.00000000e+000 0.00000000e+000
61432.30394166 -110519.228760 65606.445439 37588.431415 0.00000000e+000 0.00000000e+000 0.00000000e+000 0.00000000e+000 0.00000000e+000 0.00000000e+000 0.00000000e+000 0.00000000e+000 0.00000000e+000 0.00000000e+000 0.00000000e+000 0.00000000e+000 0.00000000e+000 0.00000000e+000 0.00000000e+000 0.00000000e+000 0.00000000e+000 0.00000000e+000 0.00000000e+000 0.00000000e+000 0.00000000e+000
61432.34694535 -117997.086135 66687.094690 38176.285196 0.00000000e+000 0.00000000e+000 0.00000000e+000 0.00000000e+000 0.00000000e+000 0.00000000e+000 0.00000000e+000 0.00000000e+000 0.00000000e+000 0.00000000e+000 0.00000000e+000 0.00000000e+000 0.00000000e+000 0.00000000e+000 0.00000000e+000 0.00000000e+000 0.00000000e+000 0.00000000e+000 0.00000000e+000 0.00000000e+000 0.00000000e+000
61432.39337235 -125809.727738 67706.257717 38726.429816 0.00000000e+000 0.00000000e+000 0.00000000e+000 0.00000000e+000 0.00000000e+000 0.00000000e+000 0.00000000e+000 0.00000000e+000 0.00000000e+000 0.00000000e+000 0.00000000e+000 0.00000000e+000 0.00000000e+000 0.00000000e+000 0.00000000e+000 0.00000000e+000 0.00000000e+000 0.00000000e+000 0.00000000e+000 0.00000000e+000 0.00000000e+000
61432.44349859 -133966.229619 68656.313670 39234.360407 0.00000000e+000 0.00000000e+000 0.00000000e+000 0.00000000e+000 0.00000000e+000 0.00000000e+000 0.00000000e+000 0.00000000e+000 0.00000000e+000 0.00000000e+000 0.00000000e+000 0.00000000e+000 0.00000000e+000 0.00000000e+000 0.00000000e+000 0.00000000e+000 0.00000000e+000 0.00000000e+000 0.00000000e+000 0.00000000e+000 0.00000000e+000
61432.49762079 -142474.981212 69528.959464 39695.174609 0.00000000e+000 0.00000000e+000 0.00000000e+000 0.00000000e+000 0.00000000e+000 0.00000000e+000 0.00000000e+000 0.00000000e+000 0.00000000e+000 0.00000000e+000 0.00000000e+000 0.00000000e+000 0.00000000e+000 0.00000000e+000 0.00000000e+000 0.00000000e+000 0.00000000e+000 0.00000000e+000 0.00000000e+000 0.00000000e+000 0.00000000e+000
61432.55605924 -151343.723278 70315.187334 40103.558503 0.00000000e+000 0.00000000e+000 0.00000000e+000 0.00000000e+000 0.00000000e+000 0.00000000e+000 0.00000000e+000 0.00000000e+000 0.00000000e+000 0.00000000e+000 0.00000000e+000 0.00000000e+000 0.00000000e+000 0.00000000e+000 0.00000000e+000 0.00000000e+000 0.00000000e+000 0.00000000e+000 0.00000000e+000 0.00000000e+000 0.00000000e+000
61432.61915747 -160579.063661 71005.209701 40453.744661 0.00000000e+000 0.00000000e+000 0.00000000e+000 0.00000000e+000 0.00000000e+000 0.00000000e+000 0.00000000e+000 0.00000000e+000 0.00000000e+000 0.00000000e+000 0.00000000e+000 0.00000000e+000 0.00000000e+000 0.00000000e+000 0.00000000e+000 0.00000000e+000 0.00000000e+000 0.00000000e+000 0.00000000e+000 0.00000000e+000 0.00000000e+000
61432.68728510 -170186.454775 71588.433290 40739.496249 0.00000000e+000 0.00000000e+000 0.00000000e+000 0.00000000e+000 0.00000000e+000 0.00000000e+000 0.00000000e+000 0.00000000e+000 0.00000000e+000 0.00000000e+000 0.00000000e+000 0.00000000e+000 0.00000000e+000 0.00000000e+000 0.00000000e+000 0.00000000e+000 0.00000000e+000 0.00000000e+000 0.00000000e+000 0.00000000e+000 0.00000000e+000
61432.76083995 -180169.983554 72053.409474 40954.078265 0.00000000e+000 0.00000000e+000 0.00000000e+000 0.00000000e+000 0.00000000e+000 0.00000000e+000 0.00000000e+000 0.00000000e+000 0.00000000e+000 0.00000000e+000 0.00000000e+000 0.00000000e+000 0.00000000e+000 0.00000000e+000 0.00000000e+000 0.00000000e+000 0.00000000e+000 0.00000000e+000 0.00000000e+000 0.00000000e+000 0.00000000e+000
61432.84024801 -190531.840684 72387.773561 41090.224148 0.00000000e+000 0.00000000e+000 0.00000000e+000 0.00000000e+000 0.00000000e+000 0.00000000e+000 0.00000000e+000 0.00000000e+000 0.00000000e+000 0.00000000e+000 0.00000000e+000 0.00000000e+000 0.00000000e+000 0.00000000e+000 0.00000000e+000 0.00000000e+000 0.00000000e+000 0.00000000e+000 0.00000000e+000 0.00000000e+000 0.00000000e+000
61432.92596730 -201272.261341 72578.211484 41140.115777 0.00000000e+000 0.00000000e+000 0.00000000e+000 0.00000000e+000 0.00000000e+000 0.00000000e+000 0.00000000e+000 0.00000000e+000 0.00000000e+000 0.00000000e+000 0.00000000e+000 0.00000000e+000 0.00000000e+000 0.00000000e+000 0.00000000e+000 0.00000000e+000 0.00000000e+000 0.00000000e+000 0.00000000e+000 0.00000000e+000 0.00000000e+000
61433.01848692 -212388.778606 72610.408656 41095.357133 0.00000000e+000 0.00000000e+000 0.00000000e+000 0.00000000e+000 0.00000000e+000 0.00000000e+000 0.00000000e+000 0.00000000e+000 0.00000000e+000 0.00000000e+000 0.00000000e+000 0.00000000e+000 0.00000000e+000 0.00000000e+000 0.00000000e+000 0.00000000e+000 0.00000000e+000 0.00000000e+000 0.00000000e+000 0.00000000e+000 0.00000000e+000
61433.11833072 -223876.031472 72469.025759 40946.960776 0.00000000e+000 0.00000000e+000 0.00000000e+000 0.00000000e+000 0.00000000e+000 0.00000000e+000 0.00000000e+000 0.00000000e+000 0.00000000e+000 0.00000000e+000 0.00000000e+000 0.00000000e+000 0.00000000e+000 0.00000000e+000 0.00000000e+000 0.00000000e+000 0.00000000e+000 0.00000000e+000 0.00000000e+000 0.00000000e+000 0.00000000e+000
61433.22605766 -235725.087850 72137.677700 40685.339268 0.00000000e+000 0.00000000e+000 0.00000000e+000 0.00000000e+000 0.00000000e+000 0.00000000e+000 0.00000000e+000 0.00000000e+000 0.00000000e+000 0.00000000e+000 0.00000000e+000 0.00000000e+000 0.00000000e+000 0.00000000e+000 0.00000000e+000 0.00000000e+000 0.00000000e+000 0.00000000e+000 0.00000000e+000 0.00000000e+000 0.00000000e+000
61433.34226184 -247922.707593 71598.944070 40300.315672 0.00000000e+000 0.00000000e+000 0.00000000e+000 0.00000000e+000 0.00000000e+000 0.00000000e+000 0.00000000e+000 0.00000000e+000 0.00000000e+000 0.00000000e+000 0.00000000e+000 0.00000000e+000 0.00000000e+000 0.00000000e+000 0.00000000e+000 0.00000000e+000 0.00000000e+000 0.00000000e+000 0.00000000e+000 0.00000000e+000 0.00000000e+000
61433.46757485 -260450.819903 70834.397874 39781.143763 0.00000000e+000 0.00000000e+000 0.00000000e+000 0.00000000e+000 0.00000000e+000 0.00000000e+000 0.00000000e+000 0.00000000e+000 0.00000000e+000 0.00000000e+000 0.00000000e+000 0.00000000e+000 0.00000000e+000 0.00000000e+000 0.00000000e+000 0.00000000e+000 0.00000000e+000 0.00000000e+000 0.00000000e+000 0.00000000e+000 0.00000000e+000
61433.60266853 -273285.936137 69824.648237 39116.536808 0.00000000e+000 0.00000000e+000 0.00000000e+000 0.00000000e+000 0.00000000e+000 0.00000000e+000 0.00000000e+000 0.00000000e+000 0.00000000e+000 0.00000000e+000 0.00000000e+000 0.00000000e+000 0.00000000e+000 0.00000000e+000 0.00000000e+000 0.00000000e+000 0.00000000e+000 0.00000000e+000 0.00000000e+000 0.00000000e+000 0.00000000e+000
61433.74825840 -286398.514353 68549.395667 38294.703655 0.00000000e+000 0.00000000e+000 0.00000000e+000 0.00000000e+000 0.00000000e+000 0.00000000e+000 0.00000000e+000 0.00000000e+000 0.00000000e+000 0.00000000e+000 0.00000000e+000 0.00000000e+000 0.00000000e+000 0.00000000e+000 0.00000000e+000 0.00000000e+000 0.00000000e+000 0.00000000e+000 0.00000000e+000 0.00000000e+000 0.00000000e+000
61433.90511367 -299752.729126 66987.436625 37303.352015 0.00000000e+000 0.00000000e+000 0.00000000e+000 0.00000000e+000 0.00000000e+000 0.00000000e+000 0.00000000e+000 0.00000000e+000 0.00000000e+000 0.00000000e+000 0.00000000e+000 0.00000000e+000 0.00000000e+000 0.00000000e+000 0.00000000e+000 0.00000000e+000 0.00000000e+000 0.00000000e+000 0.00000000e+000 0.00000000e+000 0.00000000e+000
