# Ae9Ap9 Model output file: MoonBEAM_trajectory_trade/Rp18408_COM_8per90prop30inc_Tran.AE9.output_mc_fluenceIntv_019.txt
# Ae9Ap9 Software Version:  1.50.001
#
# Model type:               AE9
# Particle species:         e-
# Flux type:                1PtDiff
# Flux direction:           Omnidirectional
# Energy levels (MeV):       0.04 0.07 0.1 0.25 0.5 0.75 1 1.5 2 2.5 3 3.5 4 4.5 5 5.5 6 6.5 7 8.5 10
#
# Accumulation mode:        Interval, length = 13997 seconds (0.162002 days)
#
# Time format:              Modified Julian Date
# Coordinate system:        GEI (Geocentric Equatorial Inertial) Cartesian in km
# Data Delimiter:           space
#
# datetime(mjd),posx(km),posy(km),posz(km),fluence,fluence,fluence,fluence,fluence,fluence,fluence,fluence,fluence,fluence,fluence,fluence,fluence,fluence,fluence,fluence,fluence,fluence,fluence,fluence,fluence(#/cm^2/MeV)
61411.87033565 0.000000 0.000000 0.000000 1.40834734e+013 8.29684691e+012 3.22626173e+012 1.32699420e+012 3.59206327e+011 1.29676587e+011 5.20808636e+010 1.87702189e+010 6.67751754e+009 2.37540340e+009 9.18687957e+008 3.68845125e+008 1.49699798e+008 6.07010900e+007 2.60117770e+007 1.32258891e+007 8.36389080e+006 6.03155838e+006 3.80990253e+006 2.25542111e+006 1.58475731e+006
61412.03233796 0.000000 0.000000 0.000000 3.10991941e+013 1.92888094e+013 6.68885334e+012 2.55543865e+012 6.59340397e+011 2.10868296e+011 7.95429055e+010 2.79863699e+010 9.55419430e+009 3.27434033e+009 1.24706648e+009 5.03494617e+008 2.09244968e+008 8.62175378e+007 3.86268274e+007 2.08305452e+007 1.40117182e+007 1.05132838e+007 6.88479089e+006 4.42891386e+006 3.35007004e+006
61412.19434028 0.000000 0.000000 0.000000 3.68303600e+013 2.32291660e+013 8.21390751e+012 3.53763899e+012 9.34061395e+011 3.00940052e+011 1.13799399e+011 3.90038175e+010 1.25250405e+010 4.13500071e+009 1.54623086e+009 6.19000452e+008 2.60669143e+008 1.09378461e+008 4.90253301e+007 2.58476344e+007 1.69539954e+007 1.25740757e+007 8.16995515e+006 5.23516682e+006 3.96019375e+006
61412.35634259 0.000000 0.000000 0.000000 5.19534452e+013 3.56126826e+013 1.20419300e+013 4.50939678e+012 1.12798595e+012 3.54448730e+011 1.32769460e+011 4.51365640e+010 1.42230460e+010 4.62056681e+009 1.71588429e+009 6.86306127e+008 2.91923612e+008 1.23865562e+008 5.61128954e+007 2.97896545e+007 1.96344281e+007 1.46009470e+007 9.50373010e+006 6.11992759e+006 4.64529135e+006
61412.51834491 0.000000 0.000000 0.000000 6.93049188e+013 5.18404973e+013 1.66805193e+013 5.15372478e+012 1.20185689e+012 3.69070152e+011 1.36879534e+011 4.62082548e+010 1.44782922e+010 4.69248529e+009 1.74538904e+009 7.00213747e+008 2.99830237e+008 1.28083283e+008 5.84326407e+007 3.11619632e+007 2.06324273e+007 1.53727879e+007 1.00075959e+007 6.41714997e+006 4.84636023e+006
61412.68034722 0.000000 0.000000 0.000000 8.49860754e+013 6.76554747e+013 2.22943550e+013 6.84145237e+012 1.55930670e+012 4.80112913e+011 1.79423650e+011 6.07131929e+010 1.83087009e+010 5.66143124e+009 2.03733756e+009 8.07797480e+008 3.46739786e+008 1.49551797e+008 6.88723341e+007 3.70013200e+007 2.45770686e+007 1.83118777e+007 1.18878961e+007 7.67403289e+006 5.85396592e+006
61412.84234954 0.000000 0.000000 0.000000 9.34669061e+013 7.72164707e+013 2.63701752e+013 8.27223268e+012 1.85098227e+012 5.66551227e+011 2.12839215e+011 7.22663817e+010 2.13746445e+010 6.40226166e+009 2.25076823e+009 8.83571750e+008 3.78314069e+008 1.63936115e+008 7.58052870e+007 4.07849823e+007 2.69860664e+007 2.00299305e+007 1.29595197e+007 8.41277406e+006 6.48056714e+006
61413.00435185 0.000000 0.000000 0.000000 1.08294756e+014 9.60015099e+013 3.21495355e+013 8.85877692e+012 1.92589432e+012 5.85170414e+011 2.18904087e+011 7.40580635e+010 2.18195652e+010 6.51347853e+009 2.28338462e+009 8.95118045e+008 3.84289258e+008 1.67188485e+008 7.76514640e+007 4.19171814e+007 2.78161506e+007 2.06656068e+007 1.33605916e+007 8.63538030e+006 6.62677533e+006
61413.16635417 0.000000 0.000000 0.000000 1.09752361e+014 9.80565783e+013 3.28732562e+013 8.91019698e+012 1.92917449e+012 5.85580725e+011 2.18999941e+011 7.40821078e+010 2.18250104e+010 6.51493079e+009 2.28398390e+009 8.95437980e+008 3.84495853e+008 1.67311510e+008 7.77218897e+007 4.19554249e+007 2.78375047e+007 2.06801866e+007 1.33686427e+007 8.63641491e+006 6.62677668e+006
61413.32835648 0.000000 0.000000 0.000000 1.19774824e+014 1.09433922e+014 3.62459099e+013 9.24222417e+012 1.97209853e+012 5.94698835e+011 2.21664545e+011 7.48275592e+010 2.20085535e+010 6.56697122e+009 2.30372699e+009 9.03964418e+008 3.89199918e+008 1.69775374e+008 7.90486700e+007 4.27160694e+007 2.83573956e+007 2.10573337e+007 1.35919098e+007 8.73998697e+006 6.68287687e+006
61413.49035880 0.000000 0.000000 0.000000 1.27572259e+014 1.17561450e+014 3.94050278e+013 1.01524517e+013 2.22850662e+012 6.88080038e+011 2.60224390e+011 8.94478329e+010 2.73217785e+010 8.42294372e+009 2.99408393e+009 1.18135003e+009 5.06755470e+008 2.20371830e+008 1.00890286e+008 5.33658346e+007 3.45462155e+007 2.52567531e+007 1.61413502e+007 1.02355136e+007 7.79457371e+006
61413.65236111 0.000000 0.000000 0.000000 1.35064975e+014 1.24394718e+014 4.15692058e+013 1.07107638e+013 2.40715623e+012 7.56155978e+011 2.88208325e+011 1.00643388e+011 3.19378498e+010 1.01373423e+010 3.65216792e+009 1.45024347e+009 6.22839581e+008 2.69953037e+008 1.21808598e+008 6.32178881e+007 4.01115222e+007 2.89671770e+007 1.83648889e+007 1.14655086e+007 8.66260375e+006
61413.81436343 0.000000 0.000000 0.000000 1.35337233e+014 1.24642423e+014 4.16390982e+013 1.07180023e+013 2.40804110e+012 7.56290198e+011 2.88240505e+011 1.00652784e+011 3.19402991e+010 1.01380895e+010 3.65250716e+009 1.45041617e+009 6.22937939e+008 2.70003785e+008 1.21834880e+008 6.32318286e+007 4.01202680e+007 2.89731910e+007 1.83681994e+007 1.14666953e+007 8.66294638e+006
61413.97636574 0.000000 0.000000 0.000000 1.35337233e+014 1.24642423e+014 4.16390982e+013 1.07180023e+013 2.40804110e+012 7.56290198e+011 2.88240505e+011 1.00652784e+011 3.19402991e+010 1.01380895e+010 3.65250716e+009 1.45041617e+009 6.22937939e+008 2.70003785e+008 1.21834880e+008 6.32318286e+007 4.01202680e+007 2.89731910e+007 1.83681994e+007 1.14666953e+007 8.66294638e+006
61414.13836806 0.000000 0.000000 0.000000 1.35337233e+014 1.24642423e+014 4.16390982e+013 1.07180023e+013 2.40804110e+012 7.56290198e+011 2.88240505e+011 1.00652784e+011 3.19402991e+010 1.01380895e+010 3.65250716e+009 1.45041617e+009 6.22937939e+008 2.70003785e+008 1.21834880e+008 6.32318286e+007 4.01202680e+007 2.89731910e+007 1.83681994e+007 1.14666953e+007 8.66294638e+006
61414.30037037 0.000000 0.000000 0.000000 1.35885583e+014 1.25107903e+014 4.17644017e+013 1.07324066e+013 2.41020372e+012 7.56610866e+011 2.88309241e+011 1.00671152e+011 3.19449691e+010 1.01395538e+010 3.65321495e+009 1.45078600e+009 6.23144698e+008 2.70106440e+008 1.21885273e+008 6.32573573e+007 4.01355616e+007 2.89834714e+007 1.83735668e+007 1.14681505e+007 8.66316850e+006
61414.46237269 0.000000 0.000000 0.000000 1.42666864e+014 1.31661865e+014 4.40453636e+013 1.15190534e+013 2.71631655e+012 9.00018742e+011 3.50495425e+011 1.22133493e+011 3.95524428e+010 1.28112097e+010 4.61940572e+009 1.81659171e+009 7.66850842e+008 3.26353670e+008 1.43968416e+008 7.32582667e+007 4.56866760e+007 3.26227081e+007 2.04859980e+007 1.25330141e+007 9.34636146e+006
61414.62437500 0.000000 0.000000 0.000000 1.49920559e+014 1.40126539e+014 4.77077612e+013 1.24803735e+013 2.98652197e+012 1.01366581e+012 3.97894634e+011 1.37462069e+011 4.44833098e+010 1.43688708e+010 5.14936171e+009 2.01126883e+009 8.43806830e+008 3.56856512e+008 1.56128745e+008 7.87487689e+007 4.86954918e+007 3.45664877e+007 2.15899548e+007 1.30808695e+007 9.69575074e+006
61414.78637731 0.000000 0.000000 0.000000 1.50613207e+014 1.40828348e+014 4.79124498e+013 1.25007311e+013 2.98930182e+012 1.01409856e+012 3.97992735e+011 1.37486566e+011 4.44891246e+010 1.43706084e+010 5.15016909e+009 2.01169087e+009 8.44050655e+008 3.56984415e+008 1.56196349e+008 7.87858505e+007 4.87193456e+007 3.45825437e+007 2.15984131e+007 1.30835213e+007 9.69662431e+006
61414.94837963 0.000000 0.000000 0.000000 1.50613207e+014 1.40828348e+014 4.79124498e+013 1.25007311e+013 2.98930182e+012 1.01409856e+012 3.97992735e+011 1.37486566e+011 4.44891246e+010 1.43706084e+010 5.15016909e+009 2.01169087e+009 8.44050655e+008 3.56984415e+008 1.56196349e+008 7.87858505e+007 4.87193456e+007 3.45825437e+007 2.15984131e+007 1.30835213e+007 9.69662431e+006
61415.11038194 0.000000 0.000000 0.000000 1.50613207e+014 1.40828348e+014 4.79124498e+013 1.25007311e+013 2.98930182e+012 1.01409856e+012 3.97992735e+011 1.37486566e+011 4.44891246e+010 1.43706084e+010 5.15016909e+009 2.01169087e+009 8.44050655e+008 3.56984415e+008 1.56196349e+008 7.87858505e+007 4.87193456e+007 3.45825437e+007 2.15984131e+007 1.30835213e+007 9.69662431e+006
61415.27238426 0.000000 0.000000 0.000000 1.50613207e+014 1.40828348e+014 4.79124498e+013 1.25007311e+013 2.98930182e+012 1.01409856e+012 3.97992735e+011 1.37486566e+011 4.44891246e+010 1.43706084e+010 5.15016909e+009 2.01169087e+009 8.44050655e+008 3.56984415e+008 1.56196349e+008 7.87858505e+007 4.87193456e+007 3.45825437e+007 2.15984131e+007 1.30835213e+007 9.69662431e+006
61415.43438657 0.000000 0.000000 0.000000 1.50613207e+014 1.40828348e+014 4.79124498e+013 1.25007311e+013 2.98930182e+012 1.01409856e+012 3.97992735e+011 1.37486566e+011 4.44891246e+010 1.43706084e+010 5.15016909e+009 2.01169087e+009 8.44050655e+008 3.56984415e+008 1.56196349e+008 7.87858505e+007 4.87193456e+007 3.45825437e+007 2.15984131e+007 1.30835213e+007 9.69662431e+006
61415.59638889 0.000000 0.000000 0.000000 1.50613207e+014 1.40828348e+014 4.79124498e+013 1.25007311e+013 2.98930182e+012 1.01409856e+012 3.97992735e+011 1.37486566e+011 4.44891246e+010 1.43706084e+010 5.15016909e+009 2.01169087e+009 8.44050655e+008 3.56984415e+008 1.56196349e+008 7.87858505e+007 4.87193456e+007 3.45825437e+007 2.15984131e+007 1.30835213e+007 9.69662431e+006
61415.75839120 0.000000 0.000000 0.000000 1.50628918e+014 1.40846344e+014 4.79187560e+013 1.25014361e+013 2.98936469e+012 1.01410511e+012 3.97993969e+011 1.37486885e+011 4.44891955e+010 1.43706263e+010 5.15017596e+009 2.01169402e+009 8.44052252e+008 3.56985021e+008 1.56196605e+008 7.87858986e+007 4.87193446e+007 3.45825432e+007 2.15984129e+007 1.30835213e+007 9.69662431e+006
61415.92039352 0.000000 0.000000 0.000000 1.52526882e+014 1.42822650e+014 4.87073855e+013 1.28458070e+013 3.14321604e+012 1.08652785e+012 4.30604233e+011 1.50112168e+011 4.89895465e+010 1.56708530e+010 5.55972962e+009 2.16222059e+009 9.06200312e+008 3.81822154e+008 1.65792001e+008 8.30718481e+007 5.10744807e+007 3.61267809e+007 2.25078954e+007 1.34946386e+007 9.92450406e+006
61416.08239583 0.000000 0.000000 0.000000 1.57032086e+014 1.47354877e+014 5.05829548e+013 1.35295598e+013 3.48494443e+012 1.27987031e+012 5.31018967e+011 1.95491196e+011 6.72545626e+010 2.17121214e+010 7.66652000e+009 2.98762919e+009 1.24856561e+009 5.22599920e+008 2.20519073e+008 1.06322523e+008 6.30608006e+007 4.38107156e+007 2.71699074e+007 1.57571400e+007 1.12333609e+007
61416.24439815 0.000000 0.000000 0.000000 1.57426370e+014 1.47730981e+014 5.07007520e+013 1.35508689e+013 3.48812767e+012 1.28042229e+012 5.31142155e+011 1.95521400e+011 6.72623288e+010 2.17144141e+010 7.66750239e+009 2.98808139e+009 1.24878123e+009 5.22692537e+008 2.20559118e+008 1.06340363e+008 6.30703833e+007 4.38158891e+007 2.71719309e+007 1.57574285e+007 1.12334177e+007
61416.40640046 0.000000 0.000000 0.000000 1.57426370e+014 1.47730981e+014 5.07007520e+013 1.35508689e+013 3.48812767e+012 1.28042229e+012 5.31142155e+011 1.95521400e+011 6.72623288e+010 2.17144141e+010 7.66750239e+009 2.98808139e+009 1.24878123e+009 5.22692537e+008 2.20559118e+008 1.06340363e+008 6.30703833e+007 4.38158891e+007 2.71719309e+007 1.57574285e+007 1.12334177e+007
61416.56840278 0.000000 0.000000 0.000000 1.57426370e+014 1.47730981e+014 5.07007520e+013 1.35508689e+013 3.48812767e+012 1.28042229e+012 5.31142155e+011 1.95521400e+011 6.72623288e+010 2.17144141e+010 7.66750239e+009 2.98808139e+009 1.24878123e+009 5.22692537e+008 2.20559118e+008 1.06340363e+008 6.30703833e+007 4.38158891e+007 2.71719309e+007 1.57574285e+007 1.12334177e+007
61416.73040509 0.000000 0.000000 0.000000 1.57426370e+014 1.47730981e+014 5.07007520e+013 1.35508689e+013 3.48812767e+012 1.28042229e+012 5.31142155e+011 1.95521400e+011 6.72623288e+010 2.17144141e+010 7.66750239e+009 2.98808139e+009 1.24878123e+009 5.22692537e+008 2.20559118e+008 1.06340363e+008 6.30703833e+007 4.38158891e+007 2.71719309e+007 1.57574285e+007 1.12334177e+007
61416.89240741 0.000000 0.000000 0.000000 1.57426370e+014 1.47730981e+014 5.07007520e+013 1.35508689e+013 3.48812767e+012 1.28042229e+012 5.31142155e+011 1.95521400e+011 6.72623288e+010 2.17144141e+010 7.66750239e+009 2.98808139e+009 1.24878123e+009 5.22692537e+008 2.20559118e+008 1.06340363e+008 6.30703833e+007 4.38158891e+007 2.71719309e+007 1.57574285e+007 1.12334177e+007
61417.05440972 0.000000 0.000000 0.000000 1.57426370e+014 1.47730981e+014 5.07007520e+013 1.35508689e+013 3.48812767e+012 1.28042229e+012 5.31142155e+011 1.95521400e+011 6.72623288e+010 2.17144141e+010 7.66750239e+009 2.98808139e+009 1.24878123e+009 5.22692537e+008 2.20559118e+008 1.06340363e+008 6.30703833e+007 4.38158891e+007 2.71719309e+007 1.57574285e+007 1.12334177e+007
61417.21641204 0.000000 0.000000 0.000000 1.57426370e+014 1.47730981e+014 5.07007520e+013 1.35508689e+013 3.48812767e+012 1.28042229e+012 5.31142155e+011 1.95521400e+011 6.72623288e+010 2.17144141e+010 7.66750239e+009 2.98808139e+009 1.24878123e+009 5.22692537e+008 2.20559118e+008 1.06340363e+008 6.30703833e+007 4.38158891e+007 2.71719309e+007 1.57574285e+007 1.12334177e+007
61417.37841435 0.000000 0.000000 0.000000 1.57426370e+014 1.47730981e+014 5.07007520e+013 1.35508689e+013 3.48812767e+012 1.28042229e+012 5.31142155e+011 1.95521400e+011 6.72623288e+010 2.17144141e+010 7.66750239e+009 2.98808139e+009 1.24878123e+009 5.22692537e+008 2.20559118e+008 1.06340363e+008 6.30703833e+007 4.38158891e+007 2.71719309e+007 1.57574285e+007 1.12334177e+007
61417.54041667 0.000000 0.000000 0.000000 1.57426370e+014 1.47730981e+014 5.07007520e+013 1.35508689e+013 3.48812767e+012 1.28042229e+012 5.31142155e+011 1.95521400e+011 6.72623288e+010 2.17144141e+010 7.66750239e+009 2.98808139e+009 1.24878123e+009 5.22692537e+008 2.20559118e+008 1.06340363e+008 6.30703833e+007 4.38158891e+007 2.71719309e+007 1.57574285e+007 1.12334177e+007
61417.70241898 0.000000 0.000000 0.000000 1.57426370e+014 1.47730981e+014 5.07007520e+013 1.35508689e+013 3.48812767e+012 1.28042229e+012 5.31142155e+011 1.95521400e+011 6.72623288e+010 2.17144141e+010 7.66750239e+009 2.98808139e+009 1.24878123e+009 5.22692537e+008 2.20559118e+008 1.06340363e+008 6.30703833e+007 4.38158891e+007 2.71719309e+007 1.57574285e+007 1.12334177e+007
61417.86442130 0.000000 0.000000 0.000000 1.57426370e+014 1.47730981e+014 5.07007520e+013 1.35508689e+013 3.48812767e+012 1.28042229e+012 5.31142155e+011 1.95521400e+011 6.72623288e+010 2.17144141e+010 7.66750239e+009 2.98808139e+009 1.24878123e+009 5.22692537e+008 2.20559118e+008 1.06340363e+008 6.30703833e+007 4.38158891e+007 2.71719309e+007 1.57574285e+007 1.12334177e+007
61418.02642361 0.000000 0.000000 0.000000 1.57426370e+014 1.47730981e+014 5.07007520e+013 1.35508689e+013 3.48812767e+012 1.28042229e+012 5.31142155e+011 1.95521400e+011 6.72623288e+010 2.17144141e+010 7.66750239e+009 2.98808139e+009 1.24878123e+009 5.22692537e+008 2.20559118e+008 1.06340363e+008 6.30703833e+007 4.38158891e+007 2.71719309e+007 1.57574285e+007 1.12334177e+007
61418.18842593 0.000000 0.000000 0.000000 1.57426641e+014 1.47731091e+014 5.07007495e+013 1.35508719e+013 3.48812721e+012 1.28042224e+012 5.31142145e+011 1.95521398e+011 6.72623281e+010 2.17144139e+010 7.66750222e+009 2.98808137e+009 1.24878122e+009 5.22692537e+008 2.20559118e+008 1.06340363e+008 6.30703833e+007 4.38158891e+007 2.71719309e+007 1.57574285e+007 1.12334177e+007
61418.35042824 0.000000 0.000000 0.000000 1.81091717e+014 1.62862318e+014 5.40237208e+013 1.40117241e+013 3.53741911e+012 1.29071487e+012 5.34150776e+011 1.96404853e+011 6.75022334e+010 2.17758733e+010 7.68507061e+009 2.99389509e+009 1.25118170e+009 5.23671858e+008 2.20995439e+008 1.06558212e+008 6.32058569e+007 4.39055949e+007 2.72189148e+007 1.57779994e+007 1.12455272e+007
61418.51243056 0.000000 0.000000 0.000000 2.07985961e+014 1.78967872e+014 5.89584793e+013 1.50476823e+013 3.73925085e+012 1.35356065e+012 5.57221919e+011 2.04111229e+011 6.99826406e+010 2.25315824e+010 7.95248281e+009 3.09807155e+009 1.29490701e+009 5.42365638e+008 2.29041815e+008 1.10209391e+008 6.51088209e+007 4.50671332e+007 2.78415707e+007 1.60801659e+007 1.14361702e+007
61418.67443287 0.000000 0.000000 0.000000 2.26251491e+014 1.90567108e+014 6.13252678e+013 1.53289002e+013 3.76137638e+012 1.35742281e+012 5.58280277e+011 2.04390154e+011 7.00495010e+010 2.25474470e+010 7.95716873e+009 3.09971119e+009 1.29563780e+009 5.42675201e+008 2.29181377e+008 1.10278490e+008 6.51526185e+007 4.50964775e+007 2.78569129e+007 1.60868795e+007 1.14401800e+007
61418.83643519 0.000000 0.000000 0.000000 2.26251491e+014 1.90567108e+014 6.13252678e+013 1.53289002e+013 3.76137638e+012 1.35742281e+012 5.58280277e+011 2.04390154e+011 7.00495010e+010 2.25474470e+010 7.95716873e+009 3.09971119e+009 1.29563780e+009 5.42675201e+008 2.29181377e+008 1.10278490e+008 6.51526185e+007 4.50964775e+007 2.78569129e+007 1.60868795e+007 1.14401800e+007
61418.99843750 0.000000 0.000000 0.000000 2.26251491e+014 1.90567108e+014 6.13252678e+013 1.53289002e+013 3.76137638e+012 1.35742281e+012 5.58280277e+011 2.04390154e+011 7.00495010e+010 2.25474470e+010 7.95716873e+009 3.09971119e+009 1.29563780e+009 5.42675201e+008 2.29181377e+008 1.10278490e+008 6.51526185e+007 4.50964775e+007 2.78569129e+007 1.60868795e+007 1.14401800e+007
61419.16043981 0.000000 0.000000 0.000000 2.26251491e+014 1.90567108e+014 6.13252678e+013 1.53289002e+013 3.76137638e+012 1.35742281e+012 5.58280277e+011 2.04390154e+011 7.00495010e+010 2.25474470e+010 7.95716873e+009 3.09971119e+009 1.29563780e+009 5.42675201e+008 2.29181377e+008 1.10278490e+008 6.51526185e+007 4.50964775e+007 2.78569129e+007 1.60868795e+007 1.14401800e+007
61419.32244213 0.000000 0.000000 0.000000 2.26251491e+014 1.90567108e+014 6.13252678e+013 1.53289002e+013 3.76137638e+012 1.35742281e+012 5.58280277e+011 2.04390154e+011 7.00495010e+010 2.25474470e+010 7.95716873e+009 3.09971119e+009 1.29563780e+009 5.42675201e+008 2.29181377e+008 1.10278490e+008 6.51526185e+007 4.50964775e+007 2.78569129e+007 1.60868795e+007 1.14401800e+007
61419.48444444 0.000000 0.000000 0.000000 2.26251491e+014 1.90567108e+014 6.13252678e+013 1.53289002e+013 3.76137638e+012 1.35742281e+012 5.58280277e+011 2.04390154e+011 7.00495010e+010 2.25474470e+010 7.95716873e+009 3.09971119e+009 1.29563780e+009 5.42675201e+008 2.29181377e+008 1.10278490e+008 6.51526185e+007 4.50964775e+007 2.78569129e+007 1.60868795e+007 1.14401800e+007
61419.64644676 0.000000 0.000000 0.000000 2.26251491e+014 1.90567108e+014 6.13252678e+013 1.53289002e+013 3.76137638e+012 1.35742281e+012 5.58280277e+011 2.04390154e+011 7.00495010e+010 2.25474470e+010 7.95716873e+009 3.09971119e+009 1.29563780e+009 5.42675201e+008 2.29181377e+008 1.10278490e+008 6.51526185e+007 4.50964775e+007 2.78569129e+007 1.60868795e+007 1.14401800e+007
61419.80844907 0.000000 0.000000 0.000000 2.26251491e+014 1.90567108e+014 6.13252678e+013 1.53289002e+013 3.76137638e+012 1.35742281e+012 5.58280277e+011 2.04390154e+011 7.00495010e+010 2.25474470e+010 7.95716873e+009 3.09971119e+009 1.29563780e+009 5.42675201e+008 2.29181377e+008 1.10278490e+008 6.51526185e+007 4.50964775e+007 2.78569129e+007 1.60868795e+007 1.14401800e+007
61419.97045139 0.000000 0.000000 0.000000 2.26251491e+014 1.90567108e+014 6.13252678e+013 1.53289002e+013 3.76137638e+012 1.35742281e+012 5.58280277e+011 2.04390154e+011 7.00495010e+010 2.25474470e+010 7.95716873e+009 3.09971119e+009 1.29563780e+009 5.42675201e+008 2.29181377e+008 1.10278490e+008 6.51526185e+007 4.50964775e+007 2.78569129e+007 1.60868795e+007 1.14401800e+007
61420.13245370 0.000000 0.000000 0.000000 2.26251491e+014 1.90567108e+014 6.13252678e+013 1.53289002e+013 3.76137638e+012 1.35742281e+012 5.58280277e+011 2.04390154e+011 7.00495010e+010 2.25474470e+010 7.95716873e+009 3.09971119e+009 1.29563780e+009 5.42675201e+008 2.29181377e+008 1.10278490e+008 6.51526185e+007 4.50964775e+007 2.78569129e+007 1.60868795e+007 1.14401800e+007
61420.29445602 0.000000 0.000000 0.000000 2.26251491e+014 1.90567108e+014 6.13252678e+013 1.53289002e+013 3.76137638e+012 1.35742281e+012 5.58280277e+011 2.04390154e+011 7.00495010e+010 2.25474470e+010 7.95716873e+009 3.09971119e+009 1.29563780e+009 5.42675201e+008 2.29181377e+008 1.10278490e+008 6.51526185e+007 4.50964775e+007 2.78569129e+007 1.60868795e+007 1.14401800e+007
61420.45645833 0.000000 0.000000 0.000000 2.26251491e+014 1.90567108e+014 6.13252678e+013 1.53289002e+013 3.76137638e+012 1.35742281e+012 5.58280277e+011 2.04390154e+011 7.00495010e+010 2.25474470e+010 7.95716873e+009 3.09971119e+009 1.29563780e+009 5.42675201e+008 2.29181377e+008 1.10278490e+008 6.51526185e+007 4.50964775e+007 2.78569129e+007 1.60868795e+007 1.14401800e+007
61420.55915852 0.000000 0.000000 0.000000 2.26251491e+014 1.90567108e+014 6.13252678e+013 1.53289002e+013 3.76137638e+012 1.35742281e+012 5.58280277e+011 2.04390154e+011 7.00495010e+010 2.25474470e+010 7.95716873e+009 3.09971119e+009 1.29563780e+009 5.42675201e+008 2.29181377e+008 1.10278490e+008 6.51526185e+007 4.50964775e+007 2.78569129e+007 1.60868795e+007 1.14401800e+007
