# Ae9Ap9 Model output file: MoonBEAM_trajectory_trade/Rp18408_COM_8per90prop30inc_Tran.AE9.output_mc_fluenceIntv_013.txt
# Ae9Ap9 Software Version:  1.50.001
#
# Model type:               AE9
# Particle species:         e-
# Flux type:                1PtDiff
# Flux direction:           Omnidirectional
# Energy levels (MeV):       0.04 0.07 0.1 0.25 0.5 0.75 1 1.5 2 2.5 3 3.5 4 4.5 5 5.5 6 6.5 7 8.5 10
#
# Accumulation mode:        Interval, length = 13997 seconds (0.162002 days)
#
# Time format:              Modified Julian Date
# Coordinate system:        GEI (Geocentric Equatorial Inertial) Cartesian in km
# Data Delimiter:           space
#
# datetime(mjd),posx(km),posy(km),posz(km),fluence,fluence,fluence,fluence,fluence,fluence,fluence,fluence,fluence,fluence,fluence,fluence,fluence,fluence,fluence,fluence,fluence,fluence,fluence,fluence,fluence(#/cm^2/MeV)
61411.87033565 0.000000 0.000000 0.000000 2.92400782e+012 1.20634459e+012 3.37376725e+011 4.35368056e+010 1.40228189e+010 4.68836952e+009 1.99198257e+009 1.46497573e+009 1.31196917e+009 8.15378608e+008 4.59053156e+008 2.42751245e+008 1.21282368e+008 6.24035464e+007 3.15389698e+007 1.73581815e+007 1.02829664e+007 6.88474190e+006 4.01453400e+006 2.08478073e+006 1.35136569e+006
61412.03233796 0.000000 0.000000 0.000000 5.74163836e+012 2.82901112e+012 7.90565581e+011 6.79527174e+010 1.63829253e+010 5.18731577e+009 2.14349358e+009 1.55233201e+009 1.36592766e+009 8.43913967e+008 4.71490598e+008 2.47081883e+008 1.22954535e+008 6.30470562e+007 3.18076349e+007 1.74804524e+007 1.03507739e+007 6.92574678e+006 4.03474913e+006 2.09268170e+006 1.35612885e+006
61412.19434028 0.000000 0.000000 0.000000 7.14516208e+012 3.51873340e+012 9.86436815e+011 7.95094135e+010 1.98990490e+010 6.73103317e+009 3.25507968e+009 2.99608350e+009 2.51794607e+009 1.43285604e+009 7.61466255e+008 3.91309261e+008 1.96851886e+008 9.91933505e+007 4.69013299e+007 2.37309381e+007 1.34940823e+007 8.94091035e+006 5.26712879e+006 2.73586229e+006 1.77155919e+006
61412.35634259 0.000000 0.000000 0.000000 8.76268255e+012 4.46676752e+012 1.24675978e+012 9.31057260e+010 2.20820728e+010 7.28389804e+009 3.42429213e+009 3.10408411e+009 2.62238987e+009 1.49852467e+009 7.89810532e+008 4.01799411e+008 2.01057910e+008 1.00860947e+008 4.75457859e+007 2.39901305e+007 1.36218376e+007 9.01747978e+006 5.30796619e+006 2.75448535e+006 1.78349894e+006
61412.51834491 0.000000 0.000000 0.000000 9.93270244e+012 5.15470155e+012 1.40354422e+012 9.96731146e+010 2.25503205e+010 7.35949772e+009 3.44382251e+009 3.10977329e+009 2.62399962e+009 1.49911350e+009 7.90148344e+008 4.02035129e+008 2.01209086e+008 1.00932329e+008 4.75784857e+007 2.40060102e+007 1.36321486e+007 9.02464218e+006 5.31204405e+006 2.75645256e+006 1.78480092e+006
61412.68034722 0.000000 0.000000 0.000000 1.15335796e+013 6.07534425e+012 1.66809792e+012 1.37462082e+011 3.73969643e+010 1.33753455e+010 5.90421345e+009 4.45518766e+009 3.66970397e+009 2.11500184e+009 1.11419042e+009 5.61371238e+008 2.75096550e+008 1.34956787e+008 6.23039242e+007 3.08869958e+007 1.73168581e+007 1.13795054e+007 6.62193862e+006 3.35661152e+006 2.13814496e+006
61412.84234954 0.000000 0.000000 0.000000 1.42629721e+013 7.53712138e+012 2.13545332e+012 2.03681057e+011 5.52147294e+010 2.02329998e+010 8.79381936e+009 5.95835954e+009 4.74161239e+009 2.73205402e+009 1.44230424e+009 7.24267590e+008 3.51185359e+008 1.70712387e+008 7.85618673e+007 3.89892667e+007 2.18295734e+007 1.42765248e+007 8.24615362e+006 4.12021750e+006 2.59688599e+006
61413.00435185 0.000000 0.000000 0.000000 1.48340741e+013 7.87076376e+012 2.21371712e+012 2.07525150e+011 5.57562824e+010 2.03475755e+010 8.82496741e+009 5.97010127e+009 4.74656090e+009 2.73446100e+009 1.44356838e+009 7.24953481e+008 3.51596152e+008 1.70917021e+008 7.86625173e+007 3.90411269e+007 2.18627284e+007 1.42992082e+007 8.25869543e+006 4.12577959e+006 2.60017575e+006
61413.16635417 0.000000 0.000000 0.000000 1.49270722e+013 7.91851549e+012 2.22193057e+012 2.07684221e+011 5.57641970e+010 2.03485205e+010 8.82517944e+009 5.97017881e+009 4.74659025e+009 2.73447523e+009 1.44357851e+009 7.24960713e+008 3.51601053e+008 1.70919604e+008 7.86638363e+007 3.90417226e+007 2.18630860e+007 1.42994831e+007 8.25886209e+006 4.12581359e+006 2.60017581e+006
61413.32835648 0.000000 0.000000 0.000000 1.65437434e+013 8.79110261e+012 2.40433948e+012 2.14988567e+011 5.62697477e+010 2.04167091e+010 8.84063408e+009 5.97463509e+009 4.74776308e+009 2.73486845e+009 1.44378943e+009 7.25114287e+008 3.51711718e+008 1.70978130e+008 7.86935963e+007 3.90574381e+007 2.18741452e+007 1.43079142e+007 8.26411579e+006 4.12882604e+006 2.60219981e+006
61413.49035880 0.000000 0.000000 0.000000 2.08337279e+013 1.10976352e+013 3.08973409e+012 2.89311594e+011 6.96860255e+010 2.41771867e+010 1.00446934e+010 6.41099744e+009 4.98481272e+009 2.85840331e+009 1.50724647e+009 7.54834562e+008 3.65387895e+008 1.77320903e+008 8.15934453e+007 4.04490160e+007 2.26353520e+007 1.47900340e+007 8.53397264e+006 4.26136492e+006 2.68590072e+006
61413.65236111 0.000000 0.000000 0.000000 2.65947856e+013 1.41252147e+013 3.83832791e+012 3.40519085e+011 7.65206815e+010 2.59414640e+010 1.05858147e+010 6.62712023e+009 5.10410848e+009 2.91707962e+009 1.53595575e+009 7.68158531e+008 3.71742999e+008 1.80350852e+008 8.29950424e+007 4.11078415e+007 2.29892080e+007 1.50126583e+007 8.65908985e+006 4.32465629e+006 2.72686212e+006
61413.81436343 0.000000 0.000000 0.000000 2.69277495e+013 1.42960800e+013 3.86909561e+012 3.41262406e+011 7.65358315e+010 2.59426160e+010 1.05860345e+010 6.62717182e+009 5.10412119e+009 2.91708439e+009 1.53595892e+009 7.68160763e+008 3.71744525e+008 1.80351647e+008 8.29954862e+007 4.11080974e+007 2.29894167e+007 1.50128508e+007 8.65923253e+006 4.32477596e+006 2.72692776e+006
61413.97636574 0.000000 0.000000 0.000000 2.69277495e+013 1.42960800e+013 3.86909561e+012 3.41262406e+011 7.65358315e+010 2.59426160e+010 1.05860345e+010 6.62717182e+009 5.10412119e+009 2.91708439e+009 1.53595892e+009 7.68160763e+008 3.71744525e+008 1.80351647e+008 8.29954862e+007 4.11080974e+007 2.29894167e+007 1.50128508e+007 8.65923253e+006 4.32477596e+006 2.72692776e+006
61414.13836806 0.000000 0.000000 0.000000 2.69277495e+013 1.42960800e+013 3.86909561e+012 3.41262406e+011 7.65358315e+010 2.59426160e+010 1.05860345e+010 6.62717182e+009 5.10412119e+009 2.91708439e+009 1.53595892e+009 7.68160763e+008 3.71744525e+008 1.80351647e+008 8.29954862e+007 4.11080974e+007 2.29894167e+007 1.50128508e+007 8.65923253e+006 4.32477596e+006 2.72692776e+006
61414.30037037 0.000000 0.000000 0.000000 2.96046915e+013 1.57643936e+013 4.14637311e+012 3.50349406e+011 7.67008857e+010 2.59524879e+010 1.05875657e+010 6.62748213e+009 5.10418991e+009 2.91710514e+009 1.53596948e+009 7.68166448e+008 3.71747830e+008 1.80353211e+008 8.29962880e+007 4.11085204e+007 2.29897447e+007 1.50131828e+007 8.65950950e+006 4.32505011e+006 2.72699638e+006
61414.46237269 0.000000 0.000000 0.000000 4.75663745e+013 2.51665055e+013 6.49360755e+012 4.74898596e+011 8.28480742e+010 2.66614410e+010 1.07165357e+010 6.66113460e+009 5.11590044e+009 2.92121899e+009 1.53759416e+009 7.68813355e+008 3.72033132e+008 1.80488995e+008 8.30666000e+007 4.11456491e+007 2.30120222e+007 1.50281578e+007 8.66859170e+006 4.33090069e+006 2.73171513e+006
61414.62437500 0.000000 0.000000 0.000000 6.42544916e+013 3.41927131e+013 8.91490715e+012 6.31854747e+011 9.42172655e+010 2.80352640e+010 1.10438784e+010 6.78057393e+009 5.14957313e+009 2.93102123e+009 1.54073992e+009 7.69838521e+008 3.72391059e+008 1.80638616e+008 8.31391663e+007 4.11839222e+007 2.30349150e+007 1.50435198e+007 8.67783276e+006 4.33670201e+006 2.73631871e+006
61414.78637731 0.000000 0.000000 0.000000 6.66005966e+013 3.55993740e+013 9.21470687e+012 6.45736487e+011 9.45043569e+010 2.80505704e+010 1.10463207e+010 6.78101042e+009 5.14964689e+009 2.93103608e+009 1.54074572e+009 7.69841243e+008 3.72392676e+008 1.80639421e+008 8.31396255e+007 4.11842169e+007 2.30351937e+007 1.50438249e+007 8.67810135e+006 4.33705341e+006 2.73662476e+006
61414.94837963 0.000000 0.000000 0.000000 6.66005966e+013 3.55993740e+013 9.21470687e+012 6.45736487e+011 9.45043569e+010 2.80505704e+010 1.10463207e+010 6.78101042e+009 5.14964689e+009 2.93103608e+009 1.54074572e+009 7.69841243e+008 3.72392676e+008 1.80639421e+008 8.31396255e+007 4.11842169e+007 2.30351937e+007 1.50438249e+007 8.67810135e+006 4.33705341e+006 2.73662476e+006
61415.11038194 0.000000 0.000000 0.000000 6.66005966e+013 3.55993740e+013 9.21470687e+012 6.45736487e+011 9.45043569e+010 2.80505704e+010 1.10463207e+010 6.78101042e+009 5.14964689e+009 2.93103608e+009 1.54074572e+009 7.69841243e+008 3.72392676e+008 1.80639421e+008 8.31396255e+007 4.11842169e+007 2.30351937e+007 1.50438249e+007 8.67810135e+006 4.33705341e+006 2.73662476e+006
61415.27238426 0.000000 0.000000 0.000000 6.66005966e+013 3.55993740e+013 9.21470687e+012 6.45736487e+011 9.45043569e+010 2.80505704e+010 1.10463207e+010 6.78101042e+009 5.14964689e+009 2.93103608e+009 1.54074572e+009 7.69841243e+008 3.72392676e+008 1.80639421e+008 8.31396255e+007 4.11842169e+007 2.30351937e+007 1.50438249e+007 8.67810135e+006 4.33705341e+006 2.73662476e+006
61415.43438657 0.000000 0.000000 0.000000 6.66005966e+013 3.55993740e+013 9.21470687e+012 6.45736487e+011 9.45043569e+010 2.80505704e+010 1.10463207e+010 6.78101042e+009 5.14964689e+009 2.93103608e+009 1.54074572e+009 7.69841243e+008 3.72392676e+008 1.80639421e+008 8.31396255e+007 4.11842169e+007 2.30351937e+007 1.50438249e+007 8.67810135e+006 4.33705341e+006 2.73662476e+006
61415.59638889 0.000000 0.000000 0.000000 6.66005966e+013 3.55993740e+013 9.21470687e+012 6.45736487e+011 9.45043569e+010 2.80505704e+010 1.10463207e+010 6.78101042e+009 5.14964689e+009 2.93103608e+009 1.54074572e+009 7.69841243e+008 3.72392676e+008 1.80639421e+008 8.31396255e+007 4.11842169e+007 2.30351937e+007 1.50438249e+007 8.67810135e+006 4.33705341e+006 2.73662476e+006
61415.75839120 0.000000 0.000000 0.000000 6.71223998e+013 3.58599565e+013 9.25401525e+012 6.46631846e+011 9.45195227e+010 2.80520544e+010 1.10466908e+010 6.78115786e+009 5.14970534e+009 2.93106282e+009 1.54075938e+009 7.69846989e+008 3.72395145e+008 1.80640049e+008 8.31398768e+007 4.11842344e+007 2.30351934e+007 1.50438246e+007 8.67810120e+006 4.33705341e+006 2.73662476e+006
61415.92039352 0.000000 0.000000 0.000000 8.75113274e+013 4.67743302e+013 1.17165437e+013 7.90095154e+011 9.89891649e+010 2.86704682e+010 1.11630742e+010 6.80949891e+009 5.16569055e+009 2.93913884e+009 1.54378648e+009 7.70828787e+008 3.72770847e+008 1.80785608e+008 8.31999376e+007 4.12097295e+007 2.30496874e+007 1.50538843e+007 8.68444229e+006 4.34203818e+006 2.74132846e+006
61416.08239583 0.000000 0.000000 0.000000 1.10286018e+014 5.88894808e+013 1.53275334e+013 1.20612749e+012 1.39338974e+011 3.73400976e+010 1.35661475e+010 7.44318272e+009 5.40972582e+009 3.03543699e+009 1.58746124e+009 7.92437804e+008 3.84085885e+008 1.86418368e+008 8.56979314e+007 4.22867908e+007 2.35960609e+007 1.53948959e+007 8.87919426e+006 4.43776766e+006 2.79885279e+006
61416.24439815 0.000000 0.000000 0.000000 1.14315005e+014 6.10493810e+013 1.57461303e+013 1.22469660e+012 1.39606998e+011 3.73581289e+010 1.35693143e+010 7.44392646e+009 5.40994978e+009 3.03551651e+009 1.58750557e+009 7.92463213e+008 3.84100159e+008 1.86424869e+008 8.57009967e+007 4.22883235e+007 2.35971868e+007 1.53958834e+007 8.87992250e+006 4.43838506e+006 2.79929293e+006
61416.40640046 0.000000 0.000000 0.000000 1.14315005e+014 6.10493810e+013 1.57461303e+013 1.22469660e+012 1.39606998e+011 3.73581289e+010 1.35693143e+010 7.44392646e+009 5.40994978e+009 3.03551651e+009 1.58750557e+009 7.92463213e+008 3.84100159e+008 1.86424869e+008 8.57009967e+007 4.22883235e+007 2.35971868e+007 1.53958834e+007 8.87992250e+006 4.43838506e+006 2.79929293e+006
61416.56840278 0.000000 0.000000 0.000000 1.14315005e+014 6.10493810e+013 1.57461303e+013 1.22469660e+012 1.39606998e+011 3.73581289e+010 1.35693143e+010 7.44392646e+009 5.40994978e+009 3.03551651e+009 1.58750557e+009 7.92463213e+008 3.84100159e+008 1.86424869e+008 8.57009967e+007 4.22883235e+007 2.35971868e+007 1.53958834e+007 8.87992250e+006 4.43838506e+006 2.79929293e+006
61416.73040509 0.000000 0.000000 0.000000 1.14315005e+014 6.10493810e+013 1.57461303e+013 1.22469660e+012 1.39606998e+011 3.73581289e+010 1.35693143e+010 7.44392646e+009 5.40994978e+009 3.03551651e+009 1.58750557e+009 7.92463213e+008 3.84100159e+008 1.86424869e+008 8.57009967e+007 4.22883235e+007 2.35971868e+007 1.53958834e+007 8.87992250e+006 4.43838506e+006 2.79929293e+006
61416.89240741 0.000000 0.000000 0.000000 1.14315005e+014 6.10493810e+013 1.57461303e+013 1.22469660e+012 1.39606998e+011 3.73581289e+010 1.35693143e+010 7.44392646e+009 5.40994978e+009 3.03551651e+009 1.58750557e+009 7.92463213e+008 3.84100159e+008 1.86424869e+008 8.57009967e+007 4.22883235e+007 2.35971868e+007 1.53958834e+007 8.87992250e+006 4.43838506e+006 2.79929293e+006
61417.05440972 0.000000 0.000000 0.000000 1.14315005e+014 6.10493810e+013 1.57461303e+013 1.22469660e+012 1.39606998e+011 3.73581289e+010 1.35693143e+010 7.44392646e+009 5.40994978e+009 3.03551651e+009 1.58750557e+009 7.92463213e+008 3.84100159e+008 1.86424869e+008 8.57009967e+007 4.22883235e+007 2.35971868e+007 1.53958834e+007 8.87992250e+006 4.43838506e+006 2.79929293e+006
61417.21641204 0.000000 0.000000 0.000000 1.14315005e+014 6.10493810e+013 1.57461303e+013 1.22469660e+012 1.39606998e+011 3.73581289e+010 1.35693143e+010 7.44392646e+009 5.40994978e+009 3.03551651e+009 1.58750557e+009 7.92463213e+008 3.84100159e+008 1.86424869e+008 8.57009967e+007 4.22883235e+007 2.35971868e+007 1.53958834e+007 8.87992250e+006 4.43838506e+006 2.79929293e+006
61417.37841435 0.000000 0.000000 0.000000 1.14315005e+014 6.10493810e+013 1.57461303e+013 1.22469660e+012 1.39606998e+011 3.73581289e+010 1.35693143e+010 7.44392646e+009 5.40994978e+009 3.03551651e+009 1.58750557e+009 7.92463213e+008 3.84100159e+008 1.86424869e+008 8.57009967e+007 4.22883235e+007 2.35971868e+007 1.53958834e+007 8.87992250e+006 4.43838506e+006 2.79929293e+006
61417.54041667 0.000000 0.000000 0.000000 1.14315005e+014 6.10493810e+013 1.57461303e+013 1.22469660e+012 1.39606998e+011 3.73581289e+010 1.35693143e+010 7.44392646e+009 5.40994978e+009 3.03551651e+009 1.58750557e+009 7.92463213e+008 3.84100159e+008 1.86424869e+008 8.57009967e+007 4.22883235e+007 2.35971868e+007 1.53958834e+007 8.87992250e+006 4.43838506e+006 2.79929293e+006
61417.70241898 0.000000 0.000000 0.000000 1.14315005e+014 6.10493810e+013 1.57461303e+013 1.22469660e+012 1.39606998e+011 3.73581289e+010 1.35693143e+010 7.44392646e+009 5.40994978e+009 3.03551651e+009 1.58750557e+009 7.92463213e+008 3.84100159e+008 1.86424869e+008 8.57009967e+007 4.22883235e+007 2.35971868e+007 1.53958834e+007 8.87992250e+006 4.43838506e+006 2.79929293e+006
61417.86442130 0.000000 0.000000 0.000000 1.14315005e+014 6.10493810e+013 1.57461303e+013 1.22469660e+012 1.39606998e+011 3.73581289e+010 1.35693143e+010 7.44392646e+009 5.40994978e+009 3.03551651e+009 1.58750557e+009 7.92463213e+008 3.84100159e+008 1.86424869e+008 8.57009967e+007 4.22883235e+007 2.35971868e+007 1.53958834e+007 8.87992250e+006 4.43838506e+006 2.79929293e+006
61418.02642361 0.000000 0.000000 0.000000 1.14315005e+014 6.10493810e+013 1.57461303e+013 1.22469660e+012 1.39606998e+011 3.73581289e+010 1.35693143e+010 7.44392646e+009 5.40994978e+009 3.03551651e+009 1.58750557e+009 7.92463213e+008 3.84100159e+008 1.86424869e+008 8.57009967e+007 4.22883235e+007 2.35971868e+007 1.53958834e+007 8.87992250e+006 4.43838506e+006 2.79929293e+006
61418.18842593 0.000000 0.000000 0.000000 1.14315048e+014 6.10494106e+013 1.57461369e+013 1.22469805e+012 1.39607088e+011 3.73581285e+010 1.35693135e+010 7.44392586e+009 5.40994966e+009 3.03551650e+009 1.58750547e+009 7.92463199e+008 3.84100151e+008 1.86424869e+008 8.57009967e+007 4.22883235e+007 2.35971868e+007 1.53958834e+007 8.87992250e+006 4.43838506e+006 2.79929293e+006
61418.35042824 0.000000 0.000000 0.000000 1.14750713e+014 6.13320390e+013 1.58317469e+013 1.23671967e+012 1.43149190e+011 3.82866398e+010 1.38880895e+010 7.59923161e+009 5.48563943e+009 3.07234609e+009 1.60491705e+009 7.99847270e+008 3.87423660e+008 1.87920484e+008 8.64144289e+007 4.26719392e+007 2.38424570e+007 1.55668982e+007 8.98063614e+006 4.49389304e+006 2.83915217e+006
61418.51243056 0.000000 0.000000 0.000000 1.17539311e+014 6.29782933e+013 1.63778484e+013 1.36470372e+012 1.93578715e+011 5.86438394e+010 2.49405617e+010 1.72310675e+010 1.23985596e+010 6.44757857e+009 3.24605466e+009 1.62800396e+009 8.05213807e+008 4.02852068e+008 1.85139861e+008 9.17147102e+007 5.15363415e+007 3.46224777e+007 2.08491159e+007 1.12366965e+007 7.58689046e+006
61418.67443287 0.000000 0.000000 0.000000 1.17713102e+014 6.30813558e+013 1.64060902e+013 1.36801414e+012 1.94535749e+011 5.88684242e+010 2.50131313e+010 1.72605183e+010 1.24102875e+010 6.45269951e+009 3.24862372e+009 1.62923560e+009 8.05870487e+008 4.03180713e+008 1.85306042e+008 9.18052577e+007 5.15964562e+007 3.46664502e+007 2.08765072e+007 1.12533629e+007 7.59956989e+006
61418.83643519 0.000000 0.000000 0.000000 1.17713102e+014 6.30813558e+013 1.64060902e+013 1.36801414e+012 1.94535749e+011 5.88684242e+010 2.50131313e+010 1.72605183e+010 1.24102875e+010 6.45269951e+009 3.24862372e+009 1.62923560e+009 8.05870487e+008 4.03180713e+008 1.85306042e+008 9.18052577e+007 5.15964562e+007 3.46664502e+007 2.08765072e+007 1.12533629e+007 7.59956989e+006
61418.99843750 0.000000 0.000000 0.000000 1.17713102e+014 6.30813558e+013 1.64060902e+013 1.36801414e+012 1.94535749e+011 5.88684242e+010 2.50131313e+010 1.72605183e+010 1.24102875e+010 6.45269951e+009 3.24862372e+009 1.62923560e+009 8.05870487e+008 4.03180713e+008 1.85306042e+008 9.18052577e+007 5.15964562e+007 3.46664502e+007 2.08765072e+007 1.12533629e+007 7.59956989e+006
61419.16043981 0.000000 0.000000 0.000000 1.17713102e+014 6.30813558e+013 1.64060902e+013 1.36801414e+012 1.94535749e+011 5.88684242e+010 2.50131313e+010 1.72605183e+010 1.24102875e+010 6.45269951e+009 3.24862372e+009 1.62923560e+009 8.05870487e+008 4.03180713e+008 1.85306042e+008 9.18052577e+007 5.15964562e+007 3.46664502e+007 2.08765072e+007 1.12533629e+007 7.59956989e+006
61419.32244213 0.000000 0.000000 0.000000 1.17713102e+014 6.30813558e+013 1.64060902e+013 1.36801414e+012 1.94535749e+011 5.88684242e+010 2.50131313e+010 1.72605183e+010 1.24102875e+010 6.45269951e+009 3.24862372e+009 1.62923560e+009 8.05870487e+008 4.03180713e+008 1.85306042e+008 9.18052577e+007 5.15964562e+007 3.46664502e+007 2.08765072e+007 1.12533629e+007 7.59956989e+006
61419.48444444 0.000000 0.000000 0.000000 1.17713102e+014 6.30813558e+013 1.64060902e+013 1.36801414e+012 1.94535749e+011 5.88684242e+010 2.50131313e+010 1.72605183e+010 1.24102875e+010 6.45269951e+009 3.24862372e+009 1.62923560e+009 8.05870487e+008 4.03180713e+008 1.85306042e+008 9.18052577e+007 5.15964562e+007 3.46664502e+007 2.08765072e+007 1.12533629e+007 7.59956989e+006
61419.64644676 0.000000 0.000000 0.000000 1.17713102e+014 6.30813558e+013 1.64060902e+013 1.36801414e+012 1.94535749e+011 5.88684242e+010 2.50131313e+010 1.72605183e+010 1.24102875e+010 6.45269951e+009 3.24862372e+009 1.62923560e+009 8.05870487e+008 4.03180713e+008 1.85306042e+008 9.18052577e+007 5.15964562e+007 3.46664502e+007 2.08765072e+007 1.12533629e+007 7.59956989e+006
61419.80844907 0.000000 0.000000 0.000000 1.17713102e+014 6.30813558e+013 1.64060902e+013 1.36801414e+012 1.94535749e+011 5.88684242e+010 2.50131313e+010 1.72605183e+010 1.24102875e+010 6.45269951e+009 3.24862372e+009 1.62923560e+009 8.05870487e+008 4.03180713e+008 1.85306042e+008 9.18052577e+007 5.15964562e+007 3.46664502e+007 2.08765072e+007 1.12533629e+007 7.59956989e+006
61419.97045139 0.000000 0.000000 0.000000 1.17713102e+014 6.30813558e+013 1.64060902e+013 1.36801414e+012 1.94535749e+011 5.88684242e+010 2.50131313e+010 1.72605183e+010 1.24102875e+010 6.45269951e+009 3.24862372e+009 1.62923560e+009 8.05870487e+008 4.03180713e+008 1.85306042e+008 9.18052577e+007 5.15964562e+007 3.46664502e+007 2.08765072e+007 1.12533629e+007 7.59956989e+006
61420.13245370 0.000000 0.000000 0.000000 1.17713102e+014 6.30813558e+013 1.64060902e+013 1.36801414e+012 1.94535749e+011 5.88684242e+010 2.50131313e+010 1.72605183e+010 1.24102875e+010 6.45269951e+009 3.24862372e+009 1.62923560e+009 8.05870487e+008 4.03180713e+008 1.85306042e+008 9.18052577e+007 5.15964562e+007 3.46664502e+007 2.08765072e+007 1.12533629e+007 7.59956989e+006
61420.29445602 0.000000 0.000000 0.000000 1.17713102e+014 6.30813558e+013 1.64060902e+013 1.36801414e+012 1.94535749e+011 5.88684242e+010 2.50131313e+010 1.72605183e+010 1.24102875e+010 6.45269951e+009 3.24862372e+009 1.62923560e+009 8.05870487e+008 4.03180713e+008 1.85306042e+008 9.18052577e+007 5.15964562e+007 3.46664502e+007 2.08765072e+007 1.12533629e+007 7.59956989e+006
61420.45645833 0.000000 0.000000 0.000000 1.17713102e+014 6.30813558e+013 1.64060902e+013 1.36801414e+012 1.94535749e+011 5.88684242e+010 2.50131313e+010 1.72605183e+010 1.24102875e+010 6.45269951e+009 3.24862372e+009 1.62923560e+009 8.05870487e+008 4.03180713e+008 1.85306042e+008 9.18052577e+007 5.15964562e+007 3.46664502e+007 2.08765072e+007 1.12533629e+007 7.59956989e+006
61420.55915852 0.000000 0.000000 0.000000 1.17713102e+014 6.30813558e+013 1.64060902e+013 1.36801414e+012 1.94535749e+011 5.88684242e+010 2.50131313e+010 1.72605183e+010 1.24102875e+010 6.45269951e+009 3.24862372e+009 1.62923560e+009 8.05870487e+008 4.03180713e+008 1.85306042e+008 9.18052577e+007 5.15964562e+007 3.46664502e+007 2.08765072e+007 1.12533629e+007 7.59956989e+006
