# Ae9Ap9 Model output file: MoonBEAM_trajectory_trade/Rp18408_COM_8per90prop30inc_Tran.AP9.output_mc_fluenceIntv_023.txt
# Ae9Ap9 Software Version:  1.50.001
#
# Model type:               AP9
# Particle species:         H+
# Flux type:                1PtDiff
# Flux direction:           Omnidirectional
# Energy levels (MeV):       0.1 0.2 0.4 0.6 0.8 1 2 4 6 8 10 15 20 30 50 60 80 100 150 200 300 400 700 1200 2000
#
# Accumulation mode:        Interval, length = 13997 seconds (0.162002 days)
#
# Time format:              Modified Julian Date
# Coordinate system:        GEI (Geocentric Equatorial Inertial) Cartesian in km
# Data Delimiter:           space
#
# datetime(mjd),posx(km),posy(km),posz(km),fluence,fluence,fluence,fluence,fluence,fluence,fluence,fluence,fluence,fluence,fluence,fluence,fluence,fluence,fluence,fluence,fluence,fluence,fluence,fluence,fluence,fluence,fluence,fluence,fluence(#/cm^2/MeV)
61411.87033565 0.000000 0.000000 0.000000 1.38467637e+012 6.46881706e+011 2.46804264e+011 1.19174351e+011 6.32053462e+010 1.54088469e+010 1.90323652e+009 2.31413482e+008 3.87538791e+007 1.18836875e+007 3.79055875e+006 1.16882247e+006 3.48170271e+005 1.38154431e+005 8.09110472e+004 5.30263177e+004 3.86689448e+004 1.99388116e+004 8.38911867e+003 2.19014815e+003 5.62583280e+002 3.04047428e+001 7.89014460e-001 2.14164230e-003 0.00000000e+000
61412.03233796 0.000000 0.000000 0.000000 1.50415159e+012 6.73449329e+011 2.50023419e+011 1.19983802e+011 6.36155491e+010 1.55213251e+010 1.90586662e+009 2.31431565e+008 3.87539551e+007 1.18836875e+007 3.79055875e+006 1.16882247e+006 3.48170271e+005 1.38154431e+005 8.09110472e+004 5.30263177e+004 3.86689448e+004 1.99388116e+004 8.38911867e+003 2.19014815e+003 5.62583280e+002 3.04047428e+001 7.89014460e-001 2.14164230e-003 0.00000000e+000
61412.19434028 0.000000 0.000000 0.000000 2.16350613e+012 8.92733494e+011 3.02674692e+011 1.36034701e+011 6.93966843e+010 1.66373722e+010 2.01020055e+009 2.42853424e+008 4.08626543e+007 1.25973548e+007 4.04283872e+006 1.27280274e+006 3.86858097e+005 1.52612145e+005 8.76053486e+004 5.64554372e+004 4.05953174e+004 2.06537137e+004 8.65459291e+003 2.27310442e+003 5.91111851e+002 3.17459569e+001 8.01244403e-001 2.14164230e-003 0.00000000e+000
61412.35634259 0.000000 0.000000 0.000000 2.29996202e+012 9.30223792e+011 3.07866108e+011 1.37114462e+011 6.97745271e+010 1.67257850e+010 2.01295117e+009 2.42881321e+008 4.08628273e+007 1.25973552e+007 4.04283872e+006 1.27280274e+006 3.86858097e+005 1.52612145e+005 8.76053486e+004 5.64554372e+004 4.05953174e+004 2.06537137e+004 8.65459291e+003 2.27310442e+003 5.91111851e+002 3.17459569e+001 8.01244403e-001 2.14164230e-003 0.00000000e+000
61412.51834491 0.000000 0.000000 0.000000 2.31210650e+012 9.34093796e+011 3.08562276e+011 1.37329565e+011 6.98730033e+010 1.67424460e+010 2.01318234e+009 2.42882545e+008 4.08628273e+007 1.25973552e+007 4.04283872e+006 1.27280274e+006 3.86858097e+005 1.52612145e+005 8.76053486e+004 5.64554372e+004 4.05953174e+004 2.06537137e+004 8.65459291e+003 2.27310442e+003 5.91111851e+002 3.17459569e+001 8.01244403e-001 2.14164230e-003 0.00000000e+000
61412.68034722 0.000000 0.000000 0.000000 3.28949518e+012 1.35313072e+012 4.49671696e+011 1.94716160e+011 9.58538097e+010 2.11763537e+010 2.24049450e+009 2.48613883e+008 4.11204790e+007 1.26388640e+007 4.04999925e+006 1.27464855e+006 3.87218418e+005 1.52707726e+005 8.76429553e+004 5.64709277e+004 4.06033156e+004 2.06555019e+004 8.65473736e+003 2.27308858e+003 5.91111851e+002 3.17459569e+001 8.01244403e-001 2.14164230e-003 0.00000000e+000
61412.84234954 0.000000 0.000000 0.000000 4.54328372e+012 2.00304880e+012 7.06721943e+011 3.17086177e+011 1.61007117e+011 3.89799790e+010 4.76441741e+009 6.29331683e+008 1.20955227e+008 4.18778360e+007 1.53189212e+007 5.34769650e+006 1.72416583e+006 6.97450569e+005 4.01747868e+005 2.69047985e+005 2.05072323e+005 1.15109462e+005 5.53155687e+004 1.76906216e+004 4.91503009e+003 3.00440264e+002 1.10748223e+001 1.72766773e-001 0.00000000e+000
61413.00435185 0.000000 0.000000 0.000000 4.55961456e+012 2.00726108e+012 7.07382119e+011 3.17281170e+011 1.61105655e+011 3.90010751e+010 4.76479894e+009 6.29334001e+008 1.20955232e+008 4.18778360e+007 1.53189212e+007 5.34769650e+006 1.72416583e+006 6.97450569e+005 4.01747868e+005 2.69047985e+005 2.05072323e+005 1.15109462e+005 5.53155687e+004 1.76906216e+004 4.91503009e+003 3.00440264e+002 1.10748223e+001 1.72766773e-001 0.00000000e+000
61413.16635417 0.000000 0.000000 0.000000 4.56017250e+012 2.00745403e+012 7.07416803e+011 3.17287880e+011 1.61107267e+011 3.90011582e+010 4.76479965e+009 6.29334001e+008 1.20955232e+008 4.18778360e+007 1.53189212e+007 5.34769650e+006 1.72416583e+006 6.97450569e+005 4.01747868e+005 2.69047985e+005 2.05072323e+005 1.15109462e+005 5.53155687e+004 1.76906216e+004 4.91503009e+003 3.00440264e+002 1.10748223e+001 1.72766773e-001 0.00000000e+000
61413.32835648 0.000000 0.000000 0.000000 4.56873451e+012 2.01007748e+012 7.07886631e+011 3.17431821e+011 1.61175916e+011 3.90134365e+010 4.76498400e+009 6.29335065e+008 1.20955232e+008 4.18778360e+007 1.53189212e+007 5.34769650e+006 1.72416583e+006 6.97450569e+005 4.01747868e+005 2.69047985e+005 2.05072323e+005 1.15109462e+005 5.53155687e+004 1.76906216e+004 4.91503009e+003 3.00440264e+002 1.10748223e+001 1.72766773e-001 0.00000000e+000
61413.49035880 0.000000 0.000000 0.000000 5.62877576e+012 2.49782639e+012 8.63004552e+011 3.76877072e+011 1.88136185e+011 4.51488959e+010 5.49969201e+009 7.37123756e+008 1.45469513e+008 5.15565556e+007 1.91094367e+007 6.76574331e+006 2.21215865e+006 9.02487718e+005 5.19973477e+005 3.47319756e+005 2.63882519e+005 1.47795670e+005 7.08824680e+004 2.26349064e+004 6.25021832e+003 3.77238917e+002 1.38039723e+001 2.11057626e-001 0.00000000e+000
61413.65236111 0.000000 0.000000 0.000000 6.27233375e+012 2.78192755e+012 9.52659842e+011 4.10600544e+011 2.03237766e+011 4.80770199e+010 5.71495914e+009 7.47618480e+008 1.46185816e+008 5.16917988e+007 1.91309973e+007 6.77059564e+006 2.21302307e+006 9.02731030e+005 5.20106744e+005 3.47388048e+005 2.63920845e+005 1.47806667e+005 7.08845179e+004 2.26350645e+004 6.25021832e+003 3.77238917e+002 1.38039723e+001 2.11057626e-001 0.00000000e+000
61413.81436343 0.000000 0.000000 0.000000 6.27263255e+012 2.78202961e+012 9.52678662e+011 4.10605187e+011 2.03239250e+011 4.80771700e+010 5.71496114e+009 7.47618484e+008 1.46185816e+008 5.16917988e+007 1.91309973e+007 6.77059564e+006 2.21302307e+006 9.02731030e+005 5.20106744e+005 3.47388048e+005 2.63920845e+005 1.47806667e+005 7.08845179e+004 2.26350645e+004 6.25021832e+003 3.77238917e+002 1.38039723e+001 2.11057626e-001 0.00000000e+000
61413.97636574 0.000000 0.000000 0.000000 6.27263255e+012 2.78202961e+012 9.52678662e+011 4.10605187e+011 2.03239250e+011 4.80771700e+010 5.71496114e+009 7.47618484e+008 1.46185816e+008 5.16917988e+007 1.91309973e+007 6.77059564e+006 2.21302307e+006 9.02731030e+005 5.20106744e+005 3.47388048e+005 2.63920845e+005 1.47806667e+005 7.08845179e+004 2.26350645e+004 6.25021832e+003 3.77238917e+002 1.38039723e+001 2.11057626e-001 0.00000000e+000
61414.13836806 0.000000 0.000000 0.000000 6.27263255e+012 2.78202961e+012 9.52678662e+011 4.10605187e+011 2.03239250e+011 4.80771700e+010 5.71496114e+009 7.47618484e+008 1.46185816e+008 5.16917988e+007 1.91309973e+007 6.77059564e+006 2.21302307e+006 9.02731030e+005 5.20106744e+005 3.47388048e+005 2.63920845e+005 1.47806667e+005 7.08845179e+004 2.26350645e+004 6.25021832e+003 3.77238917e+002 1.38039723e+001 2.11057626e-001 0.00000000e+000
61414.30037037 0.000000 0.000000 0.000000 6.27342141e+012 2.78230691e+012 9.52731814e+011 4.10617901e+011 2.03243141e+011 4.80775410e+010 5.71496543e+009 7.47618492e+008 1.46185816e+008 5.16917988e+007 1.91309973e+007 6.77059564e+006 2.21302307e+006 9.02731030e+005 5.20106744e+005 3.47388048e+005 2.63920845e+005 1.47806667e+005 7.08845179e+004 2.26350645e+004 6.25021832e+003 3.77238917e+002 1.38039723e+001 2.11057626e-001 0.00000000e+000
61414.46237269 0.000000 0.000000 0.000000 7.27503014e+012 3.25402756e+012 1.09739090e+012 4.61993660e+011 2.25334422e+011 5.23546632e+010 6.02732106e+009 7.66141931e+008 1.47707849e+008 5.19784493e+007 1.91771976e+007 6.78008480e+006 2.21474005e+006 9.03250996e+005 5.20448985e+005 3.47565027e+005 2.64023996e+005 1.47838476e+005 7.08900241e+004 2.26354755e+004 6.25021832e+003 3.77238917e+002 1.38039723e+001 2.11057626e-001 0.00000000e+000
61414.62437500 0.000000 0.000000 0.000000 8.08797575e+012 3.65383278e+012 1.22522952e+012 5.09145449e+011 2.46574811e+011 5.74553173e+010 6.63318065e+009 8.60633196e+008 1.70574664e+008 6.12940559e+007 2.29054920e+007 8.18679443e+006 2.70595755e+006 1.11319238e+006 6.42711582e+005 4.29168366e+005 3.25674671e+005 1.81968058e+005 8.69651802e+004 2.76446563e+004 7.59933191e+003 4.57906482e+002 1.68974823e+001 2.51576418e-001 0.00000000e+000
61414.78637731 0.000000 0.000000 0.000000 8.08867934e+012 3.65407156e+012 1.22527467e+012 5.09158039e+011 2.46579502e+011 5.74559270e+010 6.63318885e+009 8.60633223e+008 1.70574664e+008 6.12940559e+007 2.29054920e+007 8.18679443e+006 2.70595755e+006 1.11319238e+006 6.42711582e+005 4.29168366e+005 3.25674671e+005 1.81968058e+005 8.69651802e+004 2.76446563e+004 7.59933191e+003 4.57906482e+002 1.68974823e+001 2.51576418e-001 0.00000000e+000
61414.94837963 0.000000 0.000000 0.000000 8.08867934e+012 3.65407156e+012 1.22527467e+012 5.09158039e+011 2.46579502e+011 5.74559270e+010 6.63318885e+009 8.60633223e+008 1.70574664e+008 6.12940559e+007 2.29054920e+007 8.18679443e+006 2.70595755e+006 1.11319238e+006 6.42711582e+005 4.29168366e+005 3.25674671e+005 1.81968058e+005 8.69651802e+004 2.76446563e+004 7.59933191e+003 4.57906482e+002 1.68974823e+001 2.51576418e-001 0.00000000e+000
61415.11038194 0.000000 0.000000 0.000000 8.08867934e+012 3.65407156e+012 1.22527467e+012 5.09158039e+011 2.46579502e+011 5.74559270e+010 6.63318885e+009 8.60633223e+008 1.70574664e+008 6.12940559e+007 2.29054920e+007 8.18679443e+006 2.70595755e+006 1.11319238e+006 6.42711582e+005 4.29168366e+005 3.25674671e+005 1.81968058e+005 8.69651802e+004 2.76446563e+004 7.59933191e+003 4.57906482e+002 1.68974823e+001 2.51576418e-001 0.00000000e+000
61415.27238426 0.000000 0.000000 0.000000 8.08867934e+012 3.65407156e+012 1.22527467e+012 5.09158039e+011 2.46579502e+011 5.74559270e+010 6.63318885e+009 8.60633223e+008 1.70574664e+008 6.12940559e+007 2.29054920e+007 8.18679443e+006 2.70595755e+006 1.11319238e+006 6.42711582e+005 4.29168366e+005 3.25674671e+005 1.81968058e+005 8.69651802e+004 2.76446563e+004 7.59933191e+003 4.57906482e+002 1.68974823e+001 2.51576418e-001 0.00000000e+000
61415.43438657 0.000000 0.000000 0.000000 8.08867934e+012 3.65407156e+012 1.22527467e+012 5.09158039e+011 2.46579502e+011 5.74559270e+010 6.63318885e+009 8.60633223e+008 1.70574664e+008 6.12940559e+007 2.29054920e+007 8.18679443e+006 2.70595755e+006 1.11319238e+006 6.42711582e+005 4.29168366e+005 3.25674671e+005 1.81968058e+005 8.69651802e+004 2.76446563e+004 7.59933191e+003 4.57906482e+002 1.68974823e+001 2.51576418e-001 0.00000000e+000
61415.59638889 0.000000 0.000000 0.000000 8.08867934e+012 3.65407156e+012 1.22527467e+012 5.09158039e+011 2.46579502e+011 5.74559270e+010 6.63318885e+009 8.60633223e+008 1.70574664e+008 6.12940559e+007 2.29054920e+007 8.18679443e+006 2.70595755e+006 1.11319238e+006 6.42711582e+005 4.29168366e+005 3.25674671e+005 1.81968058e+005 8.69651802e+004 2.76446563e+004 7.59933191e+003 4.57906482e+002 1.68974823e+001 2.51576418e-001 0.00000000e+000
61415.75839120 0.000000 0.000000 0.000000 8.08870222e+012 3.65407892e+012 1.22527570e+012 5.09158136e+011 2.46579512e+011 5.74559272e+010 6.63318885e+009 8.60633223e+008 1.70574664e+008 6.12940559e+007 2.29054920e+007 8.18679443e+006 2.70595755e+006 1.11319238e+006 6.42711582e+005 4.29168366e+005 3.25674671e+005 1.81968058e+005 8.69651802e+004 2.76446563e+004 7.59933191e+003 4.57906482e+002 1.68974823e+001 2.51576418e-001 0.00000000e+000
61415.92039352 0.000000 0.000000 0.000000 8.14017965e+012 3.66689680e+012 1.22689442e+012 5.09504192e+011 2.46706266e+011 5.74881114e+010 6.63423835e+009 8.60643115e+008 1.70574711e+008 6.12940559e+007 2.29054920e+007 8.18679443e+006 2.70595755e+006 1.11319238e+006 6.42711582e+005 4.29168366e+005 3.25674671e+005 1.81968058e+005 8.69651802e+004 2.76446563e+004 7.59933191e+003 4.57906482e+002 1.68974823e+001 2.51576418e-001 0.00000000e+000
61416.08239583 0.000000 0.000000 0.000000 9.19434549e+012 4.14620231e+012 1.34470929e+012 5.45402398e+011 2.60993969e+011 6.04726205e+010 6.90214710e+009 8.96104486e+008 1.79844592e+008 6.54421309e+007 2.46086541e+007 8.90270437e+006 2.99937992e+006 1.25029661e+006 7.25577460e+005 4.84101333e+005 3.65314305e+005 2.02187257e+005 9.56473726e+004 3.02664339e+004 8.36776292e+003 5.15181463e+002 1.99759735e+001 2.78790788e-001 0.00000000e+000
61416.24439815 0.000000 0.000000 0.000000 9.19499363e+012 4.14642319e+012 1.34475119e+012 5.45413892e+011 2.60998134e+011 6.04731397e+010 6.90215420e+009 8.96104508e+008 1.79844592e+008 6.54421309e+007 2.46086541e+007 8.90270437e+006 2.99937992e+006 1.25029661e+006 7.25577460e+005 4.84101333e+005 3.65314305e+005 2.02187257e+005 9.56473726e+004 3.02664339e+004 8.36776292e+003 5.15181463e+002 1.99759735e+001 2.78790788e-001 0.00000000e+000
61416.40640046 0.000000 0.000000 0.000000 9.19499363e+012 4.14642319e+012 1.34475119e+012 5.45413892e+011 2.60998134e+011 6.04731397e+010 6.90215420e+009 8.96104508e+008 1.79844592e+008 6.54421309e+007 2.46086541e+007 8.90270437e+006 2.99937992e+006 1.25029661e+006 7.25577460e+005 4.84101333e+005 3.65314305e+005 2.02187257e+005 9.56473726e+004 3.02664339e+004 8.36776292e+003 5.15181463e+002 1.99759735e+001 2.78790788e-001 0.00000000e+000
61416.56840278 0.000000 0.000000 0.000000 9.19499363e+012 4.14642319e+012 1.34475119e+012 5.45413892e+011 2.60998134e+011 6.04731397e+010 6.90215420e+009 8.96104508e+008 1.79844592e+008 6.54421309e+007 2.46086541e+007 8.90270437e+006 2.99937992e+006 1.25029661e+006 7.25577460e+005 4.84101333e+005 3.65314305e+005 2.02187257e+005 9.56473726e+004 3.02664339e+004 8.36776292e+003 5.15181463e+002 1.99759735e+001 2.78790788e-001 0.00000000e+000
61416.73040509 0.000000 0.000000 0.000000 9.19499363e+012 4.14642319e+012 1.34475119e+012 5.45413892e+011 2.60998134e+011 6.04731397e+010 6.90215420e+009 8.96104508e+008 1.79844592e+008 6.54421309e+007 2.46086541e+007 8.90270437e+006 2.99937992e+006 1.25029661e+006 7.25577460e+005 4.84101333e+005 3.65314305e+005 2.02187257e+005 9.56473726e+004 3.02664339e+004 8.36776292e+003 5.15181463e+002 1.99759735e+001 2.78790788e-001 0.00000000e+000
61416.89240741 0.000000 0.000000 0.000000 9.19499363e+012 4.14642319e+012 1.34475119e+012 5.45413892e+011 2.60998134e+011 6.04731397e+010 6.90215420e+009 8.96104508e+008 1.79844592e+008 6.54421309e+007 2.46086541e+007 8.90270437e+006 2.99937992e+006 1.25029661e+006 7.25577460e+005 4.84101333e+005 3.65314305e+005 2.02187257e+005 9.56473726e+004 3.02664339e+004 8.36776292e+003 5.15181463e+002 1.99759735e+001 2.78790788e-001 0.00000000e+000
61417.05440972 0.000000 0.000000 0.000000 9.19499363e+012 4.14642319e+012 1.34475119e+012 5.45413892e+011 2.60998134e+011 6.04731397e+010 6.90215420e+009 8.96104508e+008 1.79844592e+008 6.54421309e+007 2.46086541e+007 8.90270437e+006 2.99937992e+006 1.25029661e+006 7.25577460e+005 4.84101333e+005 3.65314305e+005 2.02187257e+005 9.56473726e+004 3.02664339e+004 8.36776292e+003 5.15181463e+002 1.99759735e+001 2.78790788e-001 0.00000000e+000
61417.21641204 0.000000 0.000000 0.000000 9.19499363e+012 4.14642319e+012 1.34475119e+012 5.45413892e+011 2.60998134e+011 6.04731397e+010 6.90215420e+009 8.96104508e+008 1.79844592e+008 6.54421309e+007 2.46086541e+007 8.90270437e+006 2.99937992e+006 1.25029661e+006 7.25577460e+005 4.84101333e+005 3.65314305e+005 2.02187257e+005 9.56473726e+004 3.02664339e+004 8.36776292e+003 5.15181463e+002 1.99759735e+001 2.78790788e-001 0.00000000e+000
61417.37841435 0.000000 0.000000 0.000000 9.19499363e+012 4.14642319e+012 1.34475119e+012 5.45413892e+011 2.60998134e+011 6.04731397e+010 6.90215420e+009 8.96104508e+008 1.79844592e+008 6.54421309e+007 2.46086541e+007 8.90270437e+006 2.99937992e+006 1.25029661e+006 7.25577460e+005 4.84101333e+005 3.65314305e+005 2.02187257e+005 9.56473726e+004 3.02664339e+004 8.36776292e+003 5.15181463e+002 1.99759735e+001 2.78790788e-001 0.00000000e+000
61417.54041667 0.000000 0.000000 0.000000 9.19499363e+012 4.14642319e+012 1.34475119e+012 5.45413892e+011 2.60998134e+011 6.04731397e+010 6.90215420e+009 8.96104508e+008 1.79844592e+008 6.54421309e+007 2.46086541e+007 8.90270437e+006 2.99937992e+006 1.25029661e+006 7.25577460e+005 4.84101333e+005 3.65314305e+005 2.02187257e+005 9.56473726e+004 3.02664339e+004 8.36776292e+003 5.15181463e+002 1.99759735e+001 2.78790788e-001 0.00000000e+000
61417.70241898 0.000000 0.000000 0.000000 9.19499363e+012 4.14642319e+012 1.34475119e+012 5.45413892e+011 2.60998134e+011 6.04731397e+010 6.90215420e+009 8.96104508e+008 1.79844592e+008 6.54421309e+007 2.46086541e+007 8.90270437e+006 2.99937992e+006 1.25029661e+006 7.25577460e+005 4.84101333e+005 3.65314305e+005 2.02187257e+005 9.56473726e+004 3.02664339e+004 8.36776292e+003 5.15181463e+002 1.99759735e+001 2.78790788e-001 0.00000000e+000
61417.86442130 0.000000 0.000000 0.000000 9.19499363e+012 4.14642319e+012 1.34475119e+012 5.45413892e+011 2.60998134e+011 6.04731397e+010 6.90215420e+009 8.96104508e+008 1.79844592e+008 6.54421309e+007 2.46086541e+007 8.90270437e+006 2.99937992e+006 1.25029661e+006 7.25577460e+005 4.84101333e+005 3.65314305e+005 2.02187257e+005 9.56473726e+004 3.02664339e+004 8.36776292e+003 5.15181463e+002 1.99759735e+001 2.78790788e-001 0.00000000e+000
61418.02642361 0.000000 0.000000 0.000000 9.19499363e+012 4.14642319e+012 1.34475119e+012 5.45413892e+011 2.60998134e+011 6.04731397e+010 6.90215420e+009 8.96104508e+008 1.79844592e+008 6.54421309e+007 2.46086541e+007 8.90270437e+006 2.99937992e+006 1.25029661e+006 7.25577460e+005 4.84101333e+005 3.65314305e+005 2.02187257e+005 9.56473726e+004 3.02664339e+004 8.36776292e+003 5.15181463e+002 1.99759735e+001 2.78790788e-001 0.00000000e+000
61418.18842593 0.000000 0.000000 0.000000 9.19499360e+012 4.14642317e+012 1.34475118e+012 5.45413891e+011 2.60998134e+011 6.04731397e+010 6.90215420e+009 8.96104508e+008 1.79844592e+008 6.54421309e+007 2.46086541e+007 8.90270437e+006 2.99937992e+006 1.25029661e+006 7.25577460e+005 4.84101333e+005 3.65314305e+005 2.02187257e+005 9.56473726e+004 3.02664339e+004 8.36776292e+003 5.15181463e+002 1.99759735e+001 2.78790788e-001 0.00000000e+000
61418.35042824 0.000000 0.000000 0.000000 9.20822311e+012 4.14979583e+012 1.34530048e+012 5.45580017e+011 2.61085071e+011 6.04945970e+010 6.90269101e+009 8.96108063e+008 1.79844600e+008 6.54421309e+007 2.46086541e+007 8.90270437e+006 2.99937992e+006 1.25029661e+006 7.25577460e+005 4.84101333e+005 3.65314305e+005 2.02187257e+005 9.56473726e+004 3.02664339e+004 8.36776292e+003 5.15181463e+002 1.99759735e+001 2.78790788e-001 0.00000000e+000
61418.51243056 0.000000 0.000000 0.000000 1.04231268e+013 4.74758867e+012 1.54358282e+012 6.17669100e+011 2.92560334e+011 6.73266859e+010 7.52423206e+009 9.73290994e+008 1.99282842e+008 7.37494480e+007 2.80191523e+007 1.02316230e+007 3.47643252e+006 1.45172814e+006 8.37590221e+005 5.58960451e+005 4.21980309e+005 2.33831412e+005 1.10629034e+005 3.49917990e+004 9.64938929e+003 5.95692094e+002 2.37039950e+001 3.33667903e-001 0.00000000e+000
61418.67443287 0.000000 0.000000 0.000000 1.04271184e+013 4.74874769e+012 1.54379629e+012 6.17737772e+011 2.92596192e+011 6.73343419e+010 7.52439879e+009 9.73291898e+008 1.99282842e+008 7.37494480e+007 2.80191523e+007 1.02316230e+007 3.47643252e+006 1.45172814e+006 8.37590221e+005 5.58960451e+005 4.21980309e+005 2.33831412e+005 1.10629034e+005 3.49917990e+004 9.64938929e+003 5.95692094e+002 2.37039950e+001 3.33667903e-001 0.00000000e+000
61418.83643519 0.000000 0.000000 0.000000 1.04271184e+013 4.74874769e+012 1.54379629e+012 6.17737772e+011 2.92596192e+011 6.73343419e+010 7.52439879e+009 9.73291898e+008 1.99282842e+008 7.37494480e+007 2.80191523e+007 1.02316230e+007 3.47643252e+006 1.45172814e+006 8.37590221e+005 5.58960451e+005 4.21980309e+005 2.33831412e+005 1.10629034e+005 3.49917990e+004 9.64938929e+003 5.95692094e+002 2.37039950e+001 3.33667903e-001 0.00000000e+000
61418.99843750 0.000000 0.000000 0.000000 1.04271184e+013 4.74874769e+012 1.54379629e+012 6.17737772e+011 2.92596192e+011 6.73343419e+010 7.52439879e+009 9.73291898e+008 1.99282842e+008 7.37494480e+007 2.80191523e+007 1.02316230e+007 3.47643252e+006 1.45172814e+006 8.37590221e+005 5.58960451e+005 4.21980309e+005 2.33831412e+005 1.10629034e+005 3.49917990e+004 9.64938929e+003 5.95692094e+002 2.37039950e+001 3.33667903e-001 0.00000000e+000
61419.16043981 0.000000 0.000000 0.000000 1.04271184e+013 4.74874769e+012 1.54379629e+012 6.17737772e+011 2.92596192e+011 6.73343419e+010 7.52439879e+009 9.73291898e+008 1.99282842e+008 7.37494480e+007 2.80191523e+007 1.02316230e+007 3.47643252e+006 1.45172814e+006 8.37590221e+005 5.58960451e+005 4.21980309e+005 2.33831412e+005 1.10629034e+005 3.49917990e+004 9.64938929e+003 5.95692094e+002 2.37039950e+001 3.33667903e-001 0.00000000e+000
61419.32244213 0.000000 0.000000 0.000000 1.04271184e+013 4.74874769e+012 1.54379629e+012 6.17737772e+011 2.92596192e+011 6.73343419e+010 7.52439879e+009 9.73291898e+008 1.99282842e+008 7.37494480e+007 2.80191523e+007 1.02316230e+007 3.47643252e+006 1.45172814e+006 8.37590221e+005 5.58960451e+005 4.21980309e+005 2.33831412e+005 1.10629034e+005 3.49917990e+004 9.64938929e+003 5.95692094e+002 2.37039950e+001 3.33667903e-001 0.00000000e+000
61419.48444444 0.000000 0.000000 0.000000 1.04271184e+013 4.74874769e+012 1.54379629e+012 6.17737772e+011 2.92596192e+011 6.73343419e+010 7.52439879e+009 9.73291898e+008 1.99282842e+008 7.37494480e+007 2.80191523e+007 1.02316230e+007 3.47643252e+006 1.45172814e+006 8.37590221e+005 5.58960451e+005 4.21980309e+005 2.33831412e+005 1.10629034e+005 3.49917990e+004 9.64938929e+003 5.95692094e+002 2.37039950e+001 3.33667903e-001 0.00000000e+000
61419.64644676 0.000000 0.000000 0.000000 1.04271184e+013 4.74874769e+012 1.54379629e+012 6.17737772e+011 2.92596192e+011 6.73343419e+010 7.52439879e+009 9.73291898e+008 1.99282842e+008 7.37494480e+007 2.80191523e+007 1.02316230e+007 3.47643252e+006 1.45172814e+006 8.37590221e+005 5.58960451e+005 4.21980309e+005 2.33831412e+005 1.10629034e+005 3.49917990e+004 9.64938929e+003 5.95692094e+002 2.37039950e+001 3.33667903e-001 0.00000000e+000
61419.80844907 0.000000 0.000000 0.000000 1.04271184e+013 4.74874769e+012 1.54379629e+012 6.17737772e+011 2.92596192e+011 6.73343419e+010 7.52439879e+009 9.73291898e+008 1.99282842e+008 7.37494480e+007 2.80191523e+007 1.02316230e+007 3.47643252e+006 1.45172814e+006 8.37590221e+005 5.58960451e+005 4.21980309e+005 2.33831412e+005 1.10629034e+005 3.49917990e+004 9.64938929e+003 5.95692094e+002 2.37039950e+001 3.33667903e-001 0.00000000e+000
61419.97045139 0.000000 0.000000 0.000000 1.04271184e+013 4.74874769e+012 1.54379629e+012 6.17737772e+011 2.92596192e+011 6.73343419e+010 7.52439879e+009 9.73291898e+008 1.99282842e+008 7.37494480e+007 2.80191523e+007 1.02316230e+007 3.47643252e+006 1.45172814e+006 8.37590221e+005 5.58960451e+005 4.21980309e+005 2.33831412e+005 1.10629034e+005 3.49917990e+004 9.64938929e+003 5.95692094e+002 2.37039950e+001 3.33667903e-001 0.00000000e+000
61420.13245370 0.000000 0.000000 0.000000 1.04271184e+013 4.74874769e+012 1.54379629e+012 6.17737772e+011 2.92596192e+011 6.73343419e+010 7.52439879e+009 9.73291898e+008 1.99282842e+008 7.37494480e+007 2.80191523e+007 1.02316230e+007 3.47643252e+006 1.45172814e+006 8.37590221e+005 5.58960451e+005 4.21980309e+005 2.33831412e+005 1.10629034e+005 3.49917990e+004 9.64938929e+003 5.95692094e+002 2.37039950e+001 3.33667903e-001 0.00000000e+000
61420.29445602 0.000000 0.000000 0.000000 1.04271184e+013 4.74874769e+012 1.54379629e+012 6.17737772e+011 2.92596192e+011 6.73343419e+010 7.52439879e+009 9.73291898e+008 1.99282842e+008 7.37494480e+007 2.80191523e+007 1.02316230e+007 3.47643252e+006 1.45172814e+006 8.37590221e+005 5.58960451e+005 4.21980309e+005 2.33831412e+005 1.10629034e+005 3.49917990e+004 9.64938929e+003 5.95692094e+002 2.37039950e+001 3.33667903e-001 0.00000000e+000
61420.45645833 0.000000 0.000000 0.000000 1.04271184e+013 4.74874769e+012 1.54379629e+012 6.17737772e+011 2.92596192e+011 6.73343419e+010 7.52439879e+009 9.73291898e+008 1.99282842e+008 7.37494480e+007 2.80191523e+007 1.02316230e+007 3.47643252e+006 1.45172814e+006 8.37590221e+005 5.58960451e+005 4.21980309e+005 2.33831412e+005 1.10629034e+005 3.49917990e+004 9.64938929e+003 5.95692094e+002 2.37039950e+001 3.33667903e-001 0.00000000e+000
61420.55915852 0.000000 0.000000 0.000000 1.04271184e+013 4.74874769e+012 1.54379629e+012 6.17737772e+011 2.92596192e+011 6.73343419e+010 7.52439879e+009 9.73291898e+008 1.99282842e+008 7.37494480e+007 2.80191523e+007 1.02316230e+007 3.47643252e+006 1.45172814e+006 8.37590221e+005 5.58960451e+005 4.21980309e+005 2.33831412e+005 1.10629034e+005 3.49917990e+004 9.64938929e+003 5.95692094e+002 2.37039950e+001 3.33667903e-001 0.00000000e+000
