# Ae9Ap9 Model output file: MoonBEAM_trajectory_trade/Rp18408_COM_8per90prop30inc_Tran.AP9.output_mc_fluenceIntv_072.txt
# Ae9Ap9 Software Version:  1.50.001
#
# Model type:               AP9
# Particle species:         H+
# Flux type:                1PtDiff
# Flux direction:           Omnidirectional
# Energy levels (MeV):       0.1 0.2 0.4 0.6 0.8 1 2 4 6 8 10 15 20 30 50 60 80 100 150 200 300 400 700 1200 2000
#
# Accumulation mode:        Interval, length = 13997 seconds (0.162002 days)
#
# Time format:              Modified Julian Date
# Coordinate system:        GEI (Geocentric Equatorial Inertial) Cartesian in km
# Data Delimiter:           space
#
# datetime(mjd),posx(km),posy(km),posz(km),fluence,fluence,fluence,fluence,fluence,fluence,fluence,fluence,fluence,fluence,fluence,fluence,fluence,fluence,fluence,fluence,fluence,fluence,fluence,fluence,fluence,fluence,fluence,fluence,fluence(#/cm^2/MeV)
61411.87033565 0.000000 0.000000 0.000000 5.62108898e+011 3.10504310e+011 1.81885467e+011 1.20453504e+011 7.88012484e+010 2.18961257e+010 3.56531337e+009 5.26392929e+008 1.07973918e+008 3.29414696e+007 8.48495538e+006 2.19214945e+006 5.11286731e+005 1.81174884e+005 9.41499255e+004 6.77462951e+004 5.56596555e+004 3.78930230e+004 2.22542506e+004 7.72663839e+003 1.89329859e+003 7.73633312e+001 1.38157817e+000 8.75421829e-003 0.00000000e+000
61412.03233796 0.000000 0.000000 0.000000 6.77444345e+011 3.43907623e+011 1.87295646e+011 1.21863953e+011 7.94385687e+010 2.20551375e+010 3.57560409e+009 5.26421460e+008 1.07973967e+008 3.29414696e+007 8.48495538e+006 2.19214945e+006 5.11286731e+005 1.81174884e+005 9.41499255e+004 6.77462951e+004 5.56596555e+004 3.78930230e+004 2.22542506e+004 7.72663839e+003 1.89329859e+003 7.73633312e+001 1.38157817e+000 8.75421829e-003 0.00000000e+000
61412.19434028 0.000000 0.000000 0.000000 9.72756218e+011 4.67489115e+011 2.35649627e+011 1.42164961e+011 8.83099800e+010 2.39211860e+010 3.82871620e+009 5.66031431e+008 1.16733316e+008 3.56919273e+007 9.22706575e+006 2.44348242e+006 5.92497565e+005 2.10417539e+005 1.06442855e+005 7.39686453e+004 5.86937934e+004 3.88528846e+004 2.25321603e+004 7.77843466e+003 1.90600899e+003 7.78043509e+001 1.38593478e+000 8.75421829e-003 0.00000000e+000
61412.35634259 0.000000 0.000000 0.000000 1.08879036e+012 5.04485498e+011 2.42425774e+011 1.43724533e+011 8.88533526e+010 2.40408432e+010 3.83638218e+009 5.66058214e+008 1.16733401e+008 3.56919276e+007 9.22706575e+006 2.44348242e+006 5.92497565e+005 2.10417539e+005 1.06442855e+005 7.39686453e+004 5.86937934e+004 3.88528846e+004 2.25321603e+004 7.77843466e+003 1.90600899e+003 7.78043509e+001 1.38593478e+000 8.75421829e-003 0.00000000e+000
61412.51834491 0.000000 0.000000 0.000000 1.10861361e+012 5.12181203e+011 2.44000938e+011 1.44126096e+011 8.90062953e+010 2.40740355e+010 3.83730388e+009 5.66059772e+008 1.16733401e+008 3.56919276e+007 9.22706575e+006 2.44348242e+006 5.92497565e+005 2.10417539e+005 1.06442855e+005 7.39686453e+004 5.86937934e+004 3.88528846e+004 2.25321603e+004 7.77843466e+003 1.90600899e+003 7.78043509e+001 1.38593478e+000 8.75421829e-003 0.00000000e+000
61412.68034722 0.000000 0.000000 0.000000 1.57147964e+012 7.44741283e+011 3.53989476e+011 2.01209769e+011 1.19958503e+011 2.97410433e+010 4.20178580e+009 5.79424812e+008 1.17413182e+008 3.58077627e+007 9.25351154e+006 2.44838366e+006 5.93188916e+005 2.10527574e+005 1.06469757e+005 7.39778417e+004 5.86964375e+004 3.88533104e+004 2.25319986e+004 7.77836368e+003 1.90600899e+003 7.78043509e+001 1.38593478e+000 8.75421829e-003 0.00000000e+000
61412.84234954 0.000000 0.000000 0.000000 2.02993967e+012 1.01484032e+012 5.26990505e+011 3.27066121e+011 2.07040128e+011 5.76838926e+010 9.81512526e+009 1.54814522e+009 3.41434434e+008 1.12599555e+008 3.22705102e+007 9.42606459e+006 2.47515462e+006 8.77371445e+005 4.33646473e+005 3.11292839e+005 2.63530864e+005 1.91343920e+005 1.26403209e+005 5.68929594e+004 1.92710405e+004 1.17784779e+003 4.22070093e+001 6.02179172e-001 0.00000000e+000
61413.00435185 0.000000 0.000000 0.000000 2.05394649e+012 1.02305578e+012 5.28534881e+011 3.27465317e+011 2.07209201e+011 5.77217927e+010 9.81693901e+009 1.54814936e+009 3.41434438e+008 1.12599555e+008 3.22705102e+007 9.42606459e+006 2.47515462e+006 8.77371445e+005 4.33646473e+005 3.11292839e+005 2.63530864e+005 1.91343920e+005 1.26403209e+005 5.68929594e+004 1.92710405e+004 1.17784779e+003 4.22070093e+001 6.02179172e-001 0.00000000e+000
61413.16635417 0.000000 0.000000 0.000000 2.05498622e+012 1.02339616e+012 5.28587812e+011 3.27475056e+011 2.07211962e+011 5.77219268e+010 9.81693980e+009 1.54814936e+009 3.41434438e+008 1.12599555e+008 3.22705102e+007 9.42606459e+006 2.47515462e+006 8.77371445e+005 4.33646473e+005 3.11292839e+005 2.63530864e+005 1.91343920e+005 1.26403209e+005 5.68929594e+004 1.92710405e+004 1.17784779e+003 4.22070093e+001 6.02179172e-001 0.00000000e+000
61413.32835648 0.000000 0.000000 0.000000 2.07140102e+012 1.02950659e+012 5.29797959e+011 3.27778435e+011 2.07332104e+011 5.77473862e+010 9.81784036e+009 1.54815107e+009 3.41434438e+008 1.12599555e+008 3.22705102e+007 9.42606459e+006 2.47515462e+006 8.77371445e+005 4.33646473e+005 3.11292839e+005 2.63530864e+005 1.91343920e+005 1.26403209e+005 5.68929594e+004 1.92710405e+004 1.17784779e+003 4.22070093e+001 6.02179172e-001 0.00000000e+000
61413.49035880 0.000000 0.000000 0.000000 2.47428233e+012 1.24139297e+012 6.42034984e+011 3.94343511e+011 2.46686457e+011 6.84004199e+010 1.17003127e+010 1.86988760e+009 4.16591595e+008 1.39003497e+008 4.02780965e+007 1.19479006e+007 3.18500258e+006 1.14061175e+006 5.66614944e+005 4.05622679e+005 3.41194796e+005 2.46111849e+005 1.61919005e+005 7.24107863e+004 2.41883918e+004 1.43958287e+003 4.96403278e+001 7.16059388e-001 0.00000000e+000
61413.65236111 0.000000 0.000000 0.000000 2.74798376e+012 1.37547459e+012 7.06314167e+011 4.30178273e+011 2.67091197e+011 7.28230958e+010 1.21357630e+010 1.90012221e+009 4.19921253e+008 1.39780150e+008 4.04234767e+007 1.19782070e+007 3.18925483e+006 1.14160553e+006 5.66996161e+005 4.05871256e+005 3.41360986e+005 2.46168008e+005 1.61930726e+005 7.24119225e+004 2.41883918e+004 1.43958287e+003 4.96403278e+001 7.16059388e-001 0.00000000e+000
61413.81436343 0.000000 0.000000 0.000000 2.74857742e+012 1.37568819e+012 7.06352679e+011 4.30186267e+011 2.67093751e+011 7.28234631e+010 1.21357661e+010 1.90012221e+009 4.19921253e+008 1.39780150e+008 4.04234767e+007 1.19782070e+007 3.18925483e+006 1.14160553e+006 5.66996161e+005 4.05871256e+005 3.41360986e+005 2.46168008e+005 1.61930726e+005 7.24119225e+004 2.41883918e+004 1.43958287e+003 4.96403278e+001 7.16059388e-001 0.00000000e+000
61413.97636574 0.000000 0.000000 0.000000 2.74857742e+012 1.37568819e+012 7.06352679e+011 4.30186267e+011 2.67093751e+011 7.28234631e+010 1.21357661e+010 1.90012221e+009 4.19921253e+008 1.39780150e+008 4.04234767e+007 1.19782070e+007 3.18925483e+006 1.14160553e+006 5.66996161e+005 4.05871256e+005 3.41360986e+005 2.46168008e+005 1.61930726e+005 7.24119225e+004 2.41883918e+004 1.43958287e+003 4.96403278e+001 7.16059388e-001 0.00000000e+000
61414.13836806 0.000000 0.000000 0.000000 2.74857742e+012 1.37568819e+012 7.06352679e+011 4.30186267e+011 2.67093751e+011 7.28234631e+010 1.21357661e+010 1.90012221e+009 4.19921253e+008 1.39780150e+008 4.04234767e+007 1.19782070e+007 3.18925483e+006 1.14160553e+006 5.66996161e+005 4.05871256e+005 3.41360986e+005 2.46168008e+005 1.61930726e+005 7.24119225e+004 2.41883918e+004 1.43958287e+003 4.96403278e+001 7.16059388e-001 0.00000000e+000
61414.30037037 0.000000 0.000000 0.000000 2.75005443e+012 1.37623348e+012 7.06455264e+011 4.30207427e+011 2.67100342e+011 7.28243702e+010 1.21357734e+010 1.90012222e+009 4.19921253e+008 1.39780150e+008 4.04234767e+007 1.19782070e+007 3.18925483e+006 1.14160553e+006 5.66996161e+005 4.05871256e+005 3.41360986e+005 2.46168008e+005 1.61930726e+005 7.24119225e+004 2.41883918e+004 1.43958287e+003 4.96403278e+001 7.16059388e-001 0.00000000e+000
61414.46237269 0.000000 0.000000 0.000000 3.07490486e+012 1.54885429e+012 7.99557910e+011 4.84282388e+011 2.97886859e+011 7.96704605e+010 1.28600787e+010 1.96346039e+009 4.28430717e+008 1.41767453e+008 4.07766037e+007 1.20532973e+007 3.20097335e+006 1.14483926e+006 5.68496732e+005 4.06788035e+005 3.41953902e+005 2.46341544e+005 1.61968790e+005 7.24154563e+004 2.41883918e+004 1.43958287e+003 4.96403278e+001 7.16059388e-001 0.00000000e+000
61414.62437500 0.000000 0.000000 0.000000 3.31949053e+012 1.68071857e+012 8.76217668e+011 5.33680219e+011 3.28504621e+011 8.85348712e+010 1.45013064e+010 2.26694768e+009 5.02351221e+008 1.68193964e+008 4.88284843e+007 1.45438788e+007 3.89616410e+006 1.40840145e+006 7.06199015e+005 5.05936146e+005 4.25056930e+005 3.05557709e+005 2.00429638e+005 8.90639395e+004 2.93647099e+004 1.72272034e+003 5.75332795e+001 8.32706201e-001 0.00000000e+000
61414.78637731 0.000000 0.000000 0.000000 3.32086556e+012 1.68124469e+012 8.76320348e+011 5.33703586e+011 3.28512454e+011 8.85363188e+010 1.45013269e+010 2.26694771e+009 5.02351221e+008 1.68193964e+008 4.88284843e+007 1.45438788e+007 3.89616410e+006 1.40840145e+006 7.06199015e+005 5.05936146e+005 4.25056930e+005 3.05557709e+005 2.00429638e+005 8.90639395e+004 2.93647099e+004 1.72272034e+003 5.75332795e+001 8.32706201e-001 0.00000000e+000
61414.94837963 0.000000 0.000000 0.000000 3.32086556e+012 1.68124469e+012 8.76320348e+011 5.33703586e+011 3.28512454e+011 8.85363188e+010 1.45013269e+010 2.26694771e+009 5.02351221e+008 1.68193964e+008 4.88284843e+007 1.45438788e+007 3.89616410e+006 1.40840145e+006 7.06199015e+005 5.05936146e+005 4.25056930e+005 3.05557709e+005 2.00429638e+005 8.90639395e+004 2.93647099e+004 1.72272034e+003 5.75332795e+001 8.32706201e-001 0.00000000e+000
61415.11038194 0.000000 0.000000 0.000000 3.32086556e+012 1.68124469e+012 8.76320348e+011 5.33703586e+011 3.28512454e+011 8.85363188e+010 1.45013269e+010 2.26694771e+009 5.02351221e+008 1.68193964e+008 4.88284843e+007 1.45438788e+007 3.89616410e+006 1.40840145e+006 7.06199015e+005 5.05936146e+005 4.25056930e+005 3.05557709e+005 2.00429638e+005 8.90639395e+004 2.93647099e+004 1.72272034e+003 5.75332795e+001 8.32706201e-001 0.00000000e+000
61415.27238426 0.000000 0.000000 0.000000 3.32086556e+012 1.68124469e+012 8.76320348e+011 5.33703586e+011 3.28512454e+011 8.85363188e+010 1.45013269e+010 2.26694771e+009 5.02351221e+008 1.68193964e+008 4.88284843e+007 1.45438788e+007 3.89616410e+006 1.40840145e+006 7.06199015e+005 5.05936146e+005 4.25056930e+005 3.05557709e+005 2.00429638e+005 8.90639395e+004 2.93647099e+004 1.72272034e+003 5.75332795e+001 8.32706201e-001 0.00000000e+000
61415.43438657 0.000000 0.000000 0.000000 3.32086556e+012 1.68124469e+012 8.76320348e+011 5.33703586e+011 3.28512454e+011 8.85363188e+010 1.45013269e+010 2.26694771e+009 5.02351221e+008 1.68193964e+008 4.88284843e+007 1.45438788e+007 3.89616410e+006 1.40840145e+006 7.06199015e+005 5.05936146e+005 4.25056930e+005 3.05557709e+005 2.00429638e+005 8.90639395e+004 2.93647099e+004 1.72272034e+003 5.75332795e+001 8.32706201e-001 0.00000000e+000
61415.59638889 0.000000 0.000000 0.000000 3.32086556e+012 1.68124469e+012 8.76320348e+011 5.33703586e+011 3.28512454e+011 8.85363188e+010 1.45013269e+010 2.26694771e+009 5.02351221e+008 1.68193964e+008 4.88284843e+007 1.45438788e+007 3.89616410e+006 1.40840145e+006 7.06199015e+005 5.05936146e+005 4.25056930e+005 3.05557709e+005 2.00429638e+005 8.90639395e+004 2.93647099e+004 1.72272034e+003 5.75332795e+001 8.32706201e-001 0.00000000e+000
61415.75839120 0.000000 0.000000 0.000000 3.32090373e+012 1.68125478e+012 8.76321467e+011 5.33703705e+011 3.28512469e+011 8.85363192e+010 1.45013269e+010 2.26694771e+009 5.02351221e+008 1.68193964e+008 4.88284843e+007 1.45438788e+007 3.89616410e+006 1.40840145e+006 7.06199015e+005 5.05936146e+005 4.25056930e+005 3.05557709e+005 2.00429638e+005 8.90639395e+004 2.93647099e+004 1.72272034e+003 5.75332795e+001 8.32706201e-001 0.00000000e+000
61415.92039352 0.000000 0.000000 0.000000 3.37120224e+012 1.69812662e+012 8.79704851e+011 5.34463983e+011 3.28756843e+011 8.85876131e+010 1.45043735e+010 2.26695985e+009 5.02351266e+008 1.68193964e+008 4.88284843e+007 1.45438788e+007 3.89616410e+006 1.40840145e+006 7.06199015e+005 5.05936146e+005 4.25056930e+005 3.05557709e+005 2.00429638e+005 8.90639395e+004 2.93647099e+004 1.72272034e+003 5.75332795e+001 8.32706201e-001 0.00000000e+000
61416.08239583 0.000000 0.000000 0.000000 3.58009436e+012 1.81338015e+012 9.50773223e+011 5.76869066e+011 3.52182064e+011 9.43418369e+010 1.53131645e+010 2.40700455e+009 5.37018032e+008 1.81105093e+008 5.27825958e+007 1.58100962e+007 4.27036713e+006 1.56552195e+006 7.96362075e+005 5.71508058e+005 4.76952239e+005 3.37648376e+005 2.17795728e+005 9.54464591e+004 3.12260405e+004 1.82387729e+003 6.09477503e+001 8.67080862e-001 0.00000000e+000
61416.24439815 0.000000 0.000000 0.000000 3.58120588e+012 1.81380662e+012 9.50856629e+011 5.76887892e+011 3.52188262e+011 9.43429020e+010 1.53131779e+010 2.40700458e+009 5.37018032e+008 1.81105093e+008 5.27825958e+007 1.58100962e+007 4.27036713e+006 1.56552195e+006 7.96362075e+005 5.71508058e+005 4.76952239e+005 3.37648376e+005 2.17795728e+005 9.54464591e+004 3.12260405e+004 1.82387729e+003 6.09477503e+001 8.67080862e-001 0.00000000e+000
61416.40640046 0.000000 0.000000 0.000000 3.58120588e+012 1.81380662e+012 9.50856629e+011 5.76887892e+011 3.52188262e+011 9.43429020e+010 1.53131779e+010 2.40700458e+009 5.37018032e+008 1.81105093e+008 5.27825958e+007 1.58100962e+007 4.27036713e+006 1.56552195e+006 7.96362075e+005 5.71508058e+005 4.76952239e+005 3.37648376e+005 2.17795728e+005 9.54464591e+004 3.12260405e+004 1.82387729e+003 6.09477503e+001 8.67080862e-001 0.00000000e+000
61416.56840278 0.000000 0.000000 0.000000 3.58120588e+012 1.81380662e+012 9.50856629e+011 5.76887892e+011 3.52188262e+011 9.43429020e+010 1.53131779e+010 2.40700458e+009 5.37018032e+008 1.81105093e+008 5.27825958e+007 1.58100962e+007 4.27036713e+006 1.56552195e+006 7.96362075e+005 5.71508058e+005 4.76952239e+005 3.37648376e+005 2.17795728e+005 9.54464591e+004 3.12260405e+004 1.82387729e+003 6.09477503e+001 8.67080862e-001 0.00000000e+000
61416.73040509 0.000000 0.000000 0.000000 3.58120588e+012 1.81380662e+012 9.50856629e+011 5.76887892e+011 3.52188262e+011 9.43429020e+010 1.53131779e+010 2.40700458e+009 5.37018032e+008 1.81105093e+008 5.27825958e+007 1.58100962e+007 4.27036713e+006 1.56552195e+006 7.96362075e+005 5.71508058e+005 4.76952239e+005 3.37648376e+005 2.17795728e+005 9.54464591e+004 3.12260405e+004 1.82387729e+003 6.09477503e+001 8.67080862e-001 0.00000000e+000
61416.89240741 0.000000 0.000000 0.000000 3.58120588e+012 1.81380662e+012 9.50856629e+011 5.76887892e+011 3.52188262e+011 9.43429020e+010 1.53131779e+010 2.40700458e+009 5.37018032e+008 1.81105093e+008 5.27825958e+007 1.58100962e+007 4.27036713e+006 1.56552195e+006 7.96362075e+005 5.71508058e+005 4.76952239e+005 3.37648376e+005 2.17795728e+005 9.54464591e+004 3.12260405e+004 1.82387729e+003 6.09477503e+001 8.67080862e-001 0.00000000e+000
61417.05440972 0.000000 0.000000 0.000000 3.58120588e+012 1.81380662e+012 9.50856629e+011 5.76887892e+011 3.52188262e+011 9.43429020e+010 1.53131779e+010 2.40700458e+009 5.37018032e+008 1.81105093e+008 5.27825958e+007 1.58100962e+007 4.27036713e+006 1.56552195e+006 7.96362075e+005 5.71508058e+005 4.76952239e+005 3.37648376e+005 2.17795728e+005 9.54464591e+004 3.12260405e+004 1.82387729e+003 6.09477503e+001 8.67080862e-001 0.00000000e+000
61417.21641204 0.000000 0.000000 0.000000 3.58120588e+012 1.81380662e+012 9.50856629e+011 5.76887892e+011 3.52188262e+011 9.43429020e+010 1.53131779e+010 2.40700458e+009 5.37018032e+008 1.81105093e+008 5.27825958e+007 1.58100962e+007 4.27036713e+006 1.56552195e+006 7.96362075e+005 5.71508058e+005 4.76952239e+005 3.37648376e+005 2.17795728e+005 9.54464591e+004 3.12260405e+004 1.82387729e+003 6.09477503e+001 8.67080862e-001 0.00000000e+000
61417.37841435 0.000000 0.000000 0.000000 3.58120588e+012 1.81380662e+012 9.50856629e+011 5.76887892e+011 3.52188262e+011 9.43429020e+010 1.53131779e+010 2.40700458e+009 5.37018032e+008 1.81105093e+008 5.27825958e+007 1.58100962e+007 4.27036713e+006 1.56552195e+006 7.96362075e+005 5.71508058e+005 4.76952239e+005 3.37648376e+005 2.17795728e+005 9.54464591e+004 3.12260405e+004 1.82387729e+003 6.09477503e+001 8.67080862e-001 0.00000000e+000
61417.54041667 0.000000 0.000000 0.000000 3.58120588e+012 1.81380662e+012 9.50856629e+011 5.76887892e+011 3.52188262e+011 9.43429020e+010 1.53131779e+010 2.40700458e+009 5.37018032e+008 1.81105093e+008 5.27825958e+007 1.58100962e+007 4.27036713e+006 1.56552195e+006 7.96362075e+005 5.71508058e+005 4.76952239e+005 3.37648376e+005 2.17795728e+005 9.54464591e+004 3.12260405e+004 1.82387729e+003 6.09477503e+001 8.67080862e-001 0.00000000e+000
61417.70241898 0.000000 0.000000 0.000000 3.58120588e+012 1.81380662e+012 9.50856629e+011 5.76887892e+011 3.52188262e+011 9.43429020e+010 1.53131779e+010 2.40700458e+009 5.37018032e+008 1.81105093e+008 5.27825958e+007 1.58100962e+007 4.27036713e+006 1.56552195e+006 7.96362075e+005 5.71508058e+005 4.76952239e+005 3.37648376e+005 2.17795728e+005 9.54464591e+004 3.12260405e+004 1.82387729e+003 6.09477503e+001 8.67080862e-001 0.00000000e+000
61417.86442130 0.000000 0.000000 0.000000 3.58120588e+012 1.81380662e+012 9.50856629e+011 5.76887892e+011 3.52188262e+011 9.43429020e+010 1.53131779e+010 2.40700458e+009 5.37018032e+008 1.81105093e+008 5.27825958e+007 1.58100962e+007 4.27036713e+006 1.56552195e+006 7.96362075e+005 5.71508058e+005 4.76952239e+005 3.37648376e+005 2.17795728e+005 9.54464591e+004 3.12260405e+004 1.82387729e+003 6.09477503e+001 8.67080862e-001 0.00000000e+000
61418.02642361 0.000000 0.000000 0.000000 3.58120588e+012 1.81380662e+012 9.50856629e+011 5.76887892e+011 3.52188262e+011 9.43429020e+010 1.53131779e+010 2.40700458e+009 5.37018032e+008 1.81105093e+008 5.27825958e+007 1.58100962e+007 4.27036713e+006 1.56552195e+006 7.96362075e+005 5.71508058e+005 4.76952239e+005 3.37648376e+005 2.17795728e+005 9.54464591e+004 3.12260405e+004 1.82387729e+003 6.09477503e+001 8.67080862e-001 0.00000000e+000
61418.18842593 0.000000 0.000000 0.000000 3.58120585e+012 1.81380661e+012 9.50856627e+011 5.76887892e+011 3.52188262e+011 9.43429020e+010 1.53131779e+010 2.40700458e+009 5.37018032e+008 1.81105093e+008 5.27825958e+007 1.58100962e+007 4.27036713e+006 1.56552195e+006 7.96362075e+005 5.71508058e+005 4.76952239e+005 3.37648376e+005 2.17795728e+005 9.54464591e+004 3.12260405e+004 1.82387729e+003 6.09477503e+001 8.67080862e-001 0.00000000e+000
61418.35042824 0.000000 0.000000 0.000000 3.59289011e+012 1.81800094e+012 9.51678454e+011 5.77103529e+011 3.52280657e+011 9.43638481e+010 1.53141420e+010 2.40700769e+009 5.37018037e+008 1.81105093e+008 5.27825958e+007 1.58100962e+007 4.27036713e+006 1.56552195e+006 7.96362075e+005 5.71508058e+005 4.76952239e+005 3.37648376e+005 2.17795728e+005 9.54464591e+004 3.12260405e+004 1.82387729e+003 6.09477503e+001 8.67080862e-001 0.00000000e+000
61418.51243056 0.000000 0.000000 0.000000 3.84064251e+012 1.96632330e+012 1.05721325e+012 6.45358742e+011 3.91117835e+011 1.03837805e+011 1.65400573e+010 2.62373167e+009 5.91353503e+008 2.01235374e+008 5.89838803e+007 1.77533882e+007 4.83150731e+006 1.80007283e+006 9.31367664e+005 6.70893821e+005 5.63795388e+005 4.01995623e+005 2.61831021e+005 1.15698921e+005 3.78420581e+004 2.26787949e+003 7.46044391e+001 1.07634371e+000 0.00000000e+000
61418.67443287 0.000000 0.000000 0.000000 3.84447005e+012 1.96784306e+012 1.05752581e+012 6.45441622e+011 3.91152977e+011 1.03845288e+011 1.65403248e+010 2.62373241e+009 5.91353503e+008 2.01235374e+008 5.89838803e+007 1.77533882e+007 4.83150731e+006 1.80007283e+006 9.31367664e+005 6.70893821e+005 5.63795388e+005 4.01995623e+005 2.61831021e+005 1.15698921e+005 3.78420581e+004 2.26787949e+003 7.46044391e+001 1.07634371e+000 0.00000000e+000
61418.83643519 0.000000 0.000000 0.000000 3.84447005e+012 1.96784306e+012 1.05752581e+012 6.45441622e+011 3.91152977e+011 1.03845288e+011 1.65403248e+010 2.62373241e+009 5.91353503e+008 2.01235374e+008 5.89838803e+007 1.77533882e+007 4.83150731e+006 1.80007283e+006 9.31367664e+005 6.70893821e+005 5.63795388e+005 4.01995623e+005 2.61831021e+005 1.15698921e+005 3.78420581e+004 2.26787949e+003 7.46044391e+001 1.07634371e+000 0.00000000e+000
61418.99843750 0.000000 0.000000 0.000000 3.84447005e+012 1.96784306e+012 1.05752581e+012 6.45441622e+011 3.91152977e+011 1.03845288e+011 1.65403248e+010 2.62373241e+009 5.91353503e+008 2.01235374e+008 5.89838803e+007 1.77533882e+007 4.83150731e+006 1.80007283e+006 9.31367664e+005 6.70893821e+005 5.63795388e+005 4.01995623e+005 2.61831021e+005 1.15698921e+005 3.78420581e+004 2.26787949e+003 7.46044391e+001 1.07634371e+000 0.00000000e+000
61419.16043981 0.000000 0.000000 0.000000 3.84447005e+012 1.96784306e+012 1.05752581e+012 6.45441622e+011 3.91152977e+011 1.03845288e+011 1.65403248e+010 2.62373241e+009 5.91353503e+008 2.01235374e+008 5.89838803e+007 1.77533882e+007 4.83150731e+006 1.80007283e+006 9.31367664e+005 6.70893821e+005 5.63795388e+005 4.01995623e+005 2.61831021e+005 1.15698921e+005 3.78420581e+004 2.26787949e+003 7.46044391e+001 1.07634371e+000 0.00000000e+000
61419.32244213 0.000000 0.000000 0.000000 3.84447005e+012 1.96784306e+012 1.05752581e+012 6.45441622e+011 3.91152977e+011 1.03845288e+011 1.65403248e+010 2.62373241e+009 5.91353503e+008 2.01235374e+008 5.89838803e+007 1.77533882e+007 4.83150731e+006 1.80007283e+006 9.31367664e+005 6.70893821e+005 5.63795388e+005 4.01995623e+005 2.61831021e+005 1.15698921e+005 3.78420581e+004 2.26787949e+003 7.46044391e+001 1.07634371e+000 0.00000000e+000
61419.48444444 0.000000 0.000000 0.000000 3.84447005e+012 1.96784306e+012 1.05752581e+012 6.45441622e+011 3.91152977e+011 1.03845288e+011 1.65403248e+010 2.62373241e+009 5.91353503e+008 2.01235374e+008 5.89838803e+007 1.77533882e+007 4.83150731e+006 1.80007283e+006 9.31367664e+005 6.70893821e+005 5.63795388e+005 4.01995623e+005 2.61831021e+005 1.15698921e+005 3.78420581e+004 2.26787949e+003 7.46044391e+001 1.07634371e+000 0.00000000e+000
61419.64644676 0.000000 0.000000 0.000000 3.84447005e+012 1.96784306e+012 1.05752581e+012 6.45441622e+011 3.91152977e+011 1.03845288e+011 1.65403248e+010 2.62373241e+009 5.91353503e+008 2.01235374e+008 5.89838803e+007 1.77533882e+007 4.83150731e+006 1.80007283e+006 9.31367664e+005 6.70893821e+005 5.63795388e+005 4.01995623e+005 2.61831021e+005 1.15698921e+005 3.78420581e+004 2.26787949e+003 7.46044391e+001 1.07634371e+000 0.00000000e+000
61419.80844907 0.000000 0.000000 0.000000 3.84447005e+012 1.96784306e+012 1.05752581e+012 6.45441622e+011 3.91152977e+011 1.03845288e+011 1.65403248e+010 2.62373241e+009 5.91353503e+008 2.01235374e+008 5.89838803e+007 1.77533882e+007 4.83150731e+006 1.80007283e+006 9.31367664e+005 6.70893821e+005 5.63795388e+005 4.01995623e+005 2.61831021e+005 1.15698921e+005 3.78420581e+004 2.26787949e+003 7.46044391e+001 1.07634371e+000 0.00000000e+000
61419.97045139 0.000000 0.000000 0.000000 3.84447005e+012 1.96784306e+012 1.05752581e+012 6.45441622e+011 3.91152977e+011 1.03845288e+011 1.65403248e+010 2.62373241e+009 5.91353503e+008 2.01235374e+008 5.89838803e+007 1.77533882e+007 4.83150731e+006 1.80007283e+006 9.31367664e+005 6.70893821e+005 5.63795388e+005 4.01995623e+005 2.61831021e+005 1.15698921e+005 3.78420581e+004 2.26787949e+003 7.46044391e+001 1.07634371e+000 0.00000000e+000
61420.13245370 0.000000 0.000000 0.000000 3.84447005e+012 1.96784306e+012 1.05752581e+012 6.45441622e+011 3.91152977e+011 1.03845288e+011 1.65403248e+010 2.62373241e+009 5.91353503e+008 2.01235374e+008 5.89838803e+007 1.77533882e+007 4.83150731e+006 1.80007283e+006 9.31367664e+005 6.70893821e+005 5.63795388e+005 4.01995623e+005 2.61831021e+005 1.15698921e+005 3.78420581e+004 2.26787949e+003 7.46044391e+001 1.07634371e+000 0.00000000e+000
61420.29445602 0.000000 0.000000 0.000000 3.84447005e+012 1.96784306e+012 1.05752581e+012 6.45441622e+011 3.91152977e+011 1.03845288e+011 1.65403248e+010 2.62373241e+009 5.91353503e+008 2.01235374e+008 5.89838803e+007 1.77533882e+007 4.83150731e+006 1.80007283e+006 9.31367664e+005 6.70893821e+005 5.63795388e+005 4.01995623e+005 2.61831021e+005 1.15698921e+005 3.78420581e+004 2.26787949e+003 7.46044391e+001 1.07634371e+000 0.00000000e+000
61420.45645833 0.000000 0.000000 0.000000 3.84447005e+012 1.96784306e+012 1.05752581e+012 6.45441622e+011 3.91152977e+011 1.03845288e+011 1.65403248e+010 2.62373241e+009 5.91353503e+008 2.01235374e+008 5.89838803e+007 1.77533882e+007 4.83150731e+006 1.80007283e+006 9.31367664e+005 6.70893821e+005 5.63795388e+005 4.01995623e+005 2.61831021e+005 1.15698921e+005 3.78420581e+004 2.26787949e+003 7.46044391e+001 1.07634371e+000 0.00000000e+000
61420.55915852 0.000000 0.000000 0.000000 3.84447005e+012 1.96784306e+012 1.05752581e+012 6.45441622e+011 3.91152977e+011 1.03845288e+011 1.65403248e+010 2.62373241e+009 5.91353503e+008 2.01235374e+008 5.89838803e+007 1.77533882e+007 4.83150731e+006 1.80007283e+006 9.31367664e+005 6.70893821e+005 5.63795388e+005 4.01995623e+005 2.61831021e+005 1.15698921e+005 3.78420581e+004 2.26787949e+003 7.46044391e+001 1.07634371e+000 0.00000000e+000
