# Ae9Ap9 Model output file: MoonBEAM_trajectory_trade/Rp18408_COM_8per90prop30inc_Tran.AE9.output_mc_fluxIntvAvg_conf_level_50.txt
# Ae9Ap9 Software Version:  1.50.001
#
# Model type:               AE9
# Particle species:         e-
# Flux type:                1PtDiff
# Flux direction:           Omnidirectional
# Energy levels (MeV):       0.04 0.07 0.1 0.25 0.5 0.75 1 1.5 2 2.5 3 3.5 4 4.5 5 5.5 6 6.5 7 8.5 10
#
# Accumulation mode:        Interval, length = 13997 seconds (0.162002 days)
#
# Aggregation Confidence Level:   median (50)
# Scenarios in Aggregation (100): 001-100
#
# Time format:              Modified Julian Date
# Coordinate system:        GEI (Geocentric Equatorial Inertial) Cartesian in km
# Data Delimiter:           space
#
# datetime(mjd),posx(km),posy(km),posz(km),flux,flux,flux,flux,flux,flux,flux,flux,flux,flux,flux,flux,flux,flux,flux,flux,flux,flux,flux,flux,flux(#/cm^2/s/MeV)
61411.87033565 0.000000 0.000000 0.000000 4.35090825e+008 3.39325127e+008 1.37813734e+008 3.41152706e+007 8.26812838e+006 2.77604954e+006 1.17483965e+006 4.35066393e+005 1.23027453e+005 4.53363532e+004 1.23870001e+004 4.24572417e+003 1.68077500e+003 6.56363952e+002 2.95773248e+002 1.56481182e+002 9.68525672e+001 6.33270856e+001 3.52126367e+001 1.58113389e+001 1.03884284e+001
61412.03233796 0.000000 0.000000 0.000000 6.21947487e+008 3.59157498e+008 1.10229513e+008 2.31391321e+007 3.89866731e+006 1.03699191e+006 2.94936730e+005 1.02246165e+005 2.86070196e+004 8.35918287e+003 2.29339487e+003 8.99562446e+002 3.82464110e+002 1.69774905e+002 7.72384957e+001 3.83923428e+001 2.51044639e+001 1.68029147e+001 8.25601672e+000 3.81144154e+000 2.22749306e+000
61412.19434028 0.000000 0.000000 0.000000 1.68859715e+008 1.29238523e+008 5.99372020e+007 1.36153849e+007 3.77545185e+006 1.45003172e+006 6.89812889e+005 2.72728322e+005 8.41184186e+004 1.87530427e+004 6.46837817e+003 2.86258144e+003 1.17263742e+003 5.25197361e+002 2.16259487e+002 9.20228841e+001 4.78879258e+001 3.01373358e+001 1.76002644e+001 8.88562639e+000 5.69821514e+000
61412.35634259 0.000000 0.000000 0.000000 3.46873408e+008 2.41524327e+008 8.97774361e+007 1.70172848e+007 3.02758384e+006 8.73198690e+005 2.95726673e+005 9.43564956e+004 3.20229844e+004 9.06421185e+003 2.55915728e+003 8.44911625e+002 3.41916902e+002 1.65539268e+002 7.58966523e+001 4.01813609e+001 2.16386026e+001 1.43835489e+001 8.38546818e+000 3.79342557e+000 2.36284921e+000
61412.51834491 0.000000 0.000000 0.000000 3.01394569e+008 2.39199459e+008 7.22434678e+007 1.35817578e+007 1.33447337e+006 2.43570285e+005 5.79139643e+004 1.43476512e+004 3.29543700e+003 8.58667900e+002 3.32700907e+002 1.43996579e+002 7.23175535e+001 3.48337217e+001 1.52230427e+001 7.62067099e+000 5.03880457e+000 3.47745939e+000 1.80187410e+000 7.62310339e-001 4.27250657e-001
61412.68034722 0.000000 0.000000 0.000000 2.95730802e+008 2.30278643e+008 8.77244883e+007 2.50744283e+007 6.57386646e+006 2.54931942e+006 1.06469090e+006 3.87037502e+005 1.22969676e+005 3.41661016e+004 9.58175718e+003 3.84570267e+003 1.50404548e+003 5.89462861e+002 2.68542135e+002 1.40506538e+002 8.27594448e+001 4.94230754e+001 2.69111984e+001 1.36464955e+001 8.57022687e+000
61412.84234954 0.000000 0.000000 0.000000 4.39966788e+008 4.08314522e+008 1.97547317e+008 3.78462796e+007 7.27348125e+006 2.23456462e+006 9.16606153e+005 3.04016437e+005 8.12892311e+004 2.50298532e+004 8.71599336e+003 3.08602225e+003 1.19576355e+003 5.13079343e+002 2.37042491e+002 1.25543327e+002 7.49232953e+001 5.01431144e+001 2.77187648e+001 1.44775496e+001 9.62686409e+000
61413.00435185 0.000000 0.000000 0.000000 1.89290072e+008 1.49477910e+008 4.38174892e+007 1.05480260e+007 1.27382225e+006 2.39926578e+005 6.09308239e+004 1.72824862e+004 4.37496630e+003 1.22384932e+003 3.80836733e+002 1.53077238e+002 7.54965403e+001 3.40446204e+001 1.57111984e+001 8.03514739e+000 4.77794941e+000 3.10452125e+000 1.56249089e+000 6.26922999e-001 3.48528401e-001
61413.16635417 0.000000 0.000000 0.000000 2.17081118e+007 1.85473409e+007 5.82282594e+006 8.28347577e+005 5.23309955e+004 5.01283790e+003 8.83949775e+002 2.00861107e+002 4.43749119e+001 1.68209581e+001 6.43464207e+000 3.08759195e+000 1.76683711e+000 8.95055968e-001 4.47279764e-001 1.94365635e-001 1.10302561e-001 7.55038108e-002 4.04480548e-002 6.07067728e-003 9.43699405e-006
61413.32835648 0.000000 0.000000 0.000000 1.93901009e+008 1.52573990e+008 4.62361557e+007 8.54623884e+006 8.84999568e+005 1.39541239e+005 2.96713648e+004 6.66816513e+003 1.65828713e+003 5.12401525e+002 2.07227426e+002 8.47675820e+001 4.09835331e+001 1.83348577e+001 9.31512567e+000 4.92008079e+000 3.10590003e+000 2.12334555e+000 1.24017095e+000 5.81013639e-001 3.54952199e-001
61413.49035880 0.000000 0.000000 0.000000 3.15700160e+008 2.82658233e+008 1.24419996e+008 2.68575477e+007 5.19241949e+006 1.70667545e+006 6.52459378e+005 2.52007175e+005 7.07911843e+004 1.96190120e+004 6.65287024e+003 2.82568541e+003 1.15350203e+003 4.96566236e+002 2.46513819e+002 1.10347213e+002 5.72931827e+001 3.60839749e+001 2.01739325e+001 9.99315478e+000 6.53050134e+000
61413.65236111 0.000000 0.000000 0.000000 2.68084898e+008 2.18086960e+008 7.69067720e+007 1.71338057e+007 3.50575287e+006 1.24709844e+006 4.90366912e+005 1.78273496e+005 4.74776298e+004 1.36059793e+004 4.83950837e+003 1.97979423e+003 8.48040774e+002 3.57429611e+002 1.59716260e+002 8.38630503e+001 4.52417668e+001 2.78777429e+001 1.40945957e+001 6.91758013e+000 4.68168184e+000
61413.81436343 0.000000 0.000000 0.000000 1.00296117e+007 7.93497572e+006 2.61367055e+006 3.23027179e+005 2.63493731e+004 3.11274896e+003 5.57751383e+002 9.97626466e+001 2.40993797e+001 7.71675395e+000 3.92287016e+000 2.14119911e+000 1.21038286e+000 6.33811905e-001 3.08420029e-001 1.51860658e-001 9.59561254e-002 7.38410253e-002 4.46052341e-002 2.14104417e-002 7.82270669e-003
61413.97636574 0.000000 0.000000 0.000000 0.00000000e+000 0.00000000e+000 0.00000000e+000 0.00000000e+000 0.00000000e+000 0.00000000e+000 0.00000000e+000 0.00000000e+000 0.00000000e+000 0.00000000e+000 0.00000000e+000 0.00000000e+000 0.00000000e+000 0.00000000e+000 0.00000000e+000 0.00000000e+000 0.00000000e+000 0.00000000e+000 0.00000000e+000 0.00000000e+000 0.00000000e+000
61414.13836806 0.000000 0.000000 0.000000 0.00000000e+000 0.00000000e+000 0.00000000e+000 0.00000000e+000 0.00000000e+000 0.00000000e+000 0.00000000e+000 0.00000000e+000 0.00000000e+000 0.00000000e+000 0.00000000e+000 0.00000000e+000 0.00000000e+000 0.00000000e+000 0.00000000e+000 0.00000000e+000 0.00000000e+000 0.00000000e+000 0.00000000e+000 0.00000000e+000 0.00000000e+000
61414.30037037 0.000000 0.000000 0.000000 3.22465986e+007 2.54156349e+007 8.23497791e+006 9.79696749e+005 6.60127377e+004 7.25722167e+003 1.41522248e+003 3.10024096e+002 7.64121512e+001 2.50807543e+001 1.11095030e+001 5.50689149e+000 3.04575611e+000 1.44394511e+000 6.48780743e-001 2.96317241e-001 1.79835921e-001 1.28345056e-001 7.59381151e-002 3.24917856e-002 5.05152600e-003
61414.46237269 0.000000 0.000000 0.000000 2.99079068e+008 2.25161330e+008 7.49842486e+007 1.58556837e+007 3.85715959e+006 1.26934279e+006 4.94189707e+005 1.91944503e+005 6.45924000e+004 1.70547508e+004 5.86132518e+003 2.07517973e+003 8.03782713e+002 3.22380314e+002 1.54262828e+002 7.91082437e+001 4.24147827e+001 2.82059979e+001 1.62926957e+001 8.72513475e+000 5.79889663e+000
61414.62437500 0.000000 0.000000 0.000000 3.42490919e+008 2.76334426e+008 1.06696359e+008 2.31973403e+007 3.64037185e+006 9.72371737e+005 3.47153478e+005 1.40601617e+005 4.74365977e+004 1.33405748e+004 4.19742815e+003 1.40626971e+003 4.99078979e+002 2.26435112e+002 1.16083045e+002 5.58402966e+001 3.19887798e+001 2.27798523e+001 1.33531485e+001 7.23190041e+000 4.04899036e+000
61414.78637731 0.000000 0.000000 0.000000 3.21726075e+007 2.33646521e+007 6.34570804e+006 7.68833631e+005 7.72988161e+004 9.41140655e+003 2.00004625e+003 4.33636647e+002 9.82591475e+001 2.85064812e+001 1.11545242e+001 5.61242089e+000 2.97082202e+000 1.46896000e+000 7.51186016e-001 3.65452007e-001 2.28117565e-001 1.57099011e-001 8.86100591e-002 4.16542483e-002 2.20993050e-002
61414.94837963 0.000000 0.000000 0.000000 0.00000000e+000 0.00000000e+000 0.00000000e+000 0.00000000e+000 0.00000000e+000 0.00000000e+000 0.00000000e+000 0.00000000e+000 0.00000000e+000 0.00000000e+000 0.00000000e+000 0.00000000e+000 0.00000000e+000 0.00000000e+000 0.00000000e+000 0.00000000e+000 0.00000000e+000 0.00000000e+000 0.00000000e+000 0.00000000e+000 0.00000000e+000
61415.11038194 0.000000 0.000000 0.000000 0.00000000e+000 0.00000000e+000 0.00000000e+000 0.00000000e+000 0.00000000e+000 0.00000000e+000 0.00000000e+000 0.00000000e+000 0.00000000e+000 0.00000000e+000 0.00000000e+000 0.00000000e+000 0.00000000e+000 0.00000000e+000 0.00000000e+000 0.00000000e+000 0.00000000e+000 0.00000000e+000 0.00000000e+000 0.00000000e+000 0.00000000e+000
61415.27238426 0.000000 0.000000 0.000000 0.00000000e+000 0.00000000e+000 0.00000000e+000 0.00000000e+000 0.00000000e+000 0.00000000e+000 0.00000000e+000 0.00000000e+000 0.00000000e+000 0.00000000e+000 0.00000000e+000 0.00000000e+000 0.00000000e+000 0.00000000e+000 0.00000000e+000 0.00000000e+000 0.00000000e+000 0.00000000e+000 0.00000000e+000 0.00000000e+000 0.00000000e+000
61415.43438657 0.000000 0.000000 0.000000 0.00000000e+000 0.00000000e+000 0.00000000e+000 0.00000000e+000 0.00000000e+000 0.00000000e+000 0.00000000e+000 0.00000000e+000 0.00000000e+000 0.00000000e+000 0.00000000e+000 0.00000000e+000 0.00000000e+000 0.00000000e+000 0.00000000e+000 0.00000000e+000 0.00000000e+000 0.00000000e+000 0.00000000e+000 0.00000000e+000 0.00000000e+000
61415.59638889 0.000000 0.000000 0.000000 0.00000000e+000 0.00000000e+000 0.00000000e+000 0.00000000e+000 0.00000000e+000 0.00000000e+000 0.00000000e+000 0.00000000e+000 0.00000000e+000 0.00000000e+000 0.00000000e+000 0.00000000e+000 0.00000000e+000 0.00000000e+000 0.00000000e+000 0.00000000e+000 0.00000000e+000 0.00000000e+000 0.00000000e+000 0.00000000e+000 0.00000000e+000
61415.75839120 0.000000 0.000000 0.000000 1.72105416e+006 1.28696406e+006 3.99917850e+005 4.77786896e+004 2.47856561e+003 2.44065462e+002 4.98492594e+001 1.27036466e+001 3.53536836e+000 1.16641751e+000 4.77341061e-001 2.11104569e-001 1.12246850e-001 4.07981421e-002 1.69177044e-002 2.60822959e-003 0.00000000e+000 0.00000000e+000 0.00000000e+000 0.00000000e+000 0.00000000e+000
61415.92039352 0.000000 0.000000 0.000000 1.56048205e+008 1.26641530e+008 4.77769287e+007 9.39220920e+006 1.51688972e+006 4.01390134e+005 1.27091750e+005 3.98726343e+004 1.09183272e+004 2.87549616e+003 1.07527359e+003 4.14893666e+002 1.70763562e+002 7.06256867e+001 3.31168273e+001 1.62145588e+001 9.41051585e+000 5.75825818e+000 3.11435593e+000 1.43729718e+000 8.81348699e-001
61416.08239583 0.000000 0.000000 0.000000 3.22001590e+008 2.51508144e+008 9.58448373e+007 2.01905491e+007 3.74429593e+006 1.18649929e+006 4.57287342e+005 1.39772178e+005 4.81261542e+004 1.33552482e+004 5.14961372e+003 1.81344351e+003 8.10409011e+002 3.46229611e+002 1.53069736e+002 7.42259599e+001 4.40349297e+001 2.84523203e+001 1.62559195e+001 7.61331649e+000 4.58700714e+000
61416.24439815 0.000000 0.000000 0.000000 3.07902174e+007 2.60759323e+007 7.06212344e+006 1.01014494e+006 7.54824947e+004 9.20187197e+003 1.89377908e+003 3.60496242e+002 8.37444624e+001 2.36942650e+001 1.19815001e+001 6.50328810e+000 3.67956455e+000 1.83644871e+000 8.72107076e-001 3.89384361e-001 2.29924138e-001 1.75482714e-001 9.71340201e-002 3.66353124e-002 1.87032652e-002
61416.40640046 0.000000 0.000000 0.000000 0.00000000e+000 0.00000000e+000 0.00000000e+000 0.00000000e+000 0.00000000e+000 0.00000000e+000 0.00000000e+000 0.00000000e+000 0.00000000e+000 0.00000000e+000 0.00000000e+000 0.00000000e+000 0.00000000e+000 0.00000000e+000 0.00000000e+000 0.00000000e+000 0.00000000e+000 0.00000000e+000 0.00000000e+000 0.00000000e+000 0.00000000e+000
61416.56840278 0.000000 0.000000 0.000000 0.00000000e+000 0.00000000e+000 0.00000000e+000 0.00000000e+000 0.00000000e+000 0.00000000e+000 0.00000000e+000 0.00000000e+000 0.00000000e+000 0.00000000e+000 0.00000000e+000 0.00000000e+000 0.00000000e+000 0.00000000e+000 0.00000000e+000 0.00000000e+000 0.00000000e+000 0.00000000e+000 0.00000000e+000 0.00000000e+000 0.00000000e+000
61416.73040509 0.000000 0.000000 0.000000 0.00000000e+000 0.00000000e+000 0.00000000e+000 0.00000000e+000 0.00000000e+000 0.00000000e+000 0.00000000e+000 0.00000000e+000 0.00000000e+000 0.00000000e+000 0.00000000e+000 0.00000000e+000 0.00000000e+000 0.00000000e+000 0.00000000e+000 0.00000000e+000 0.00000000e+000 0.00000000e+000 0.00000000e+000 0.00000000e+000 0.00000000e+000
61416.89240741 0.000000 0.000000 0.000000 0.00000000e+000 0.00000000e+000 0.00000000e+000 0.00000000e+000 0.00000000e+000 0.00000000e+000 0.00000000e+000 0.00000000e+000 0.00000000e+000 0.00000000e+000 0.00000000e+000 0.00000000e+000 0.00000000e+000 0.00000000e+000 0.00000000e+000 0.00000000e+000 0.00000000e+000 0.00000000e+000 0.00000000e+000 0.00000000e+000 0.00000000e+000
61417.05440972 0.000000 0.000000 0.000000 0.00000000e+000 0.00000000e+000 0.00000000e+000 0.00000000e+000 0.00000000e+000 0.00000000e+000 0.00000000e+000 0.00000000e+000 0.00000000e+000 0.00000000e+000 0.00000000e+000 0.00000000e+000 0.00000000e+000 0.00000000e+000 0.00000000e+000 0.00000000e+000 0.00000000e+000 0.00000000e+000 0.00000000e+000 0.00000000e+000 0.00000000e+000
61417.21641204 0.000000 0.000000 0.000000 0.00000000e+000 0.00000000e+000 0.00000000e+000 0.00000000e+000 0.00000000e+000 0.00000000e+000 0.00000000e+000 0.00000000e+000 0.00000000e+000 0.00000000e+000 0.00000000e+000 0.00000000e+000 0.00000000e+000 0.00000000e+000 0.00000000e+000 0.00000000e+000 0.00000000e+000 0.00000000e+000 0.00000000e+000 0.00000000e+000 0.00000000e+000
61417.37841435 0.000000 0.000000 0.000000 0.00000000e+000 0.00000000e+000 0.00000000e+000 0.00000000e+000 0.00000000e+000 0.00000000e+000 0.00000000e+000 0.00000000e+000 0.00000000e+000 0.00000000e+000 0.00000000e+000 0.00000000e+000 0.00000000e+000 0.00000000e+000 0.00000000e+000 0.00000000e+000 0.00000000e+000 0.00000000e+000 0.00000000e+000 0.00000000e+000 0.00000000e+000
61417.54041667 0.000000 0.000000 0.000000 0.00000000e+000 0.00000000e+000 0.00000000e+000 0.00000000e+000 0.00000000e+000 0.00000000e+000 0.00000000e+000 0.00000000e+000 0.00000000e+000 0.00000000e+000 0.00000000e+000 0.00000000e+000 0.00000000e+000 0.00000000e+000 0.00000000e+000 0.00000000e+000 0.00000000e+000 0.00000000e+000 0.00000000e+000 0.00000000e+000 0.00000000e+000
61417.70241898 0.000000 0.000000 0.000000 0.00000000e+000 0.00000000e+000 0.00000000e+000 0.00000000e+000 0.00000000e+000 0.00000000e+000 0.00000000e+000 0.00000000e+000 0.00000000e+000 0.00000000e+000 0.00000000e+000 0.00000000e+000 0.00000000e+000 0.00000000e+000 0.00000000e+000 0.00000000e+000 0.00000000e+000 0.00000000e+000 0.00000000e+000 0.00000000e+000 0.00000000e+000
61417.86442130 0.000000 0.000000 0.000000 0.00000000e+000 0.00000000e+000 0.00000000e+000 0.00000000e+000 0.00000000e+000 0.00000000e+000 0.00000000e+000 0.00000000e+000 0.00000000e+000 0.00000000e+000 0.00000000e+000 0.00000000e+000 0.00000000e+000 0.00000000e+000 0.00000000e+000 0.00000000e+000 0.00000000e+000 0.00000000e+000 0.00000000e+000 0.00000000e+000 0.00000000e+000
61418.02642361 0.000000 0.000000 0.000000 0.00000000e+000 0.00000000e+000 0.00000000e+000 0.00000000e+000 0.00000000e+000 0.00000000e+000 0.00000000e+000 0.00000000e+000 0.00000000e+000 0.00000000e+000 0.00000000e+000 0.00000000e+000 0.00000000e+000 0.00000000e+000 0.00000000e+000 0.00000000e+000 0.00000000e+000 0.00000000e+000 0.00000000e+000 0.00000000e+000 0.00000000e+000
61418.18842593 0.000000 0.000000 0.000000 3.94294406e+003 2.33086716e+003 2.80178133e+002 0.00000000e+000 0.00000000e+000 0.00000000e+000 0.00000000e+000 0.00000000e+000 0.00000000e+000 0.00000000e+000 0.00000000e+000 0.00000000e+000 0.00000000e+000 0.00000000e+000 0.00000000e+000 0.00000000e+000 0.00000000e+000 0.00000000e+000 0.00000000e+000 0.00000000e+000 0.00000000e+000
61418.35042824 0.000000 0.000000 0.000000 1.81218770e+008 1.37096090e+008 4.55251128e+007 7.83719396e+006 1.06162882e+006 2.16009248e+005 6.69462771e+004 1.65747260e+004 4.42592562e+003 1.23890342e+003 4.24463793e+002 1.65703136e+002 8.03533352e+001 4.19875574e+001 2.01747161e+001 1.04359291e+001 6.39675745e+000 4.48709630e+000 2.58947052e+000 1.27385900e+000 7.73473948e-001
61418.51243056 0.000000 0.000000 0.000000 3.34217412e+008 2.38269529e+008 1.12010259e+008 2.70073619e+007 6.51896279e+006 2.24179797e+006 9.75609489e+005 3.42609542e+005 9.14224027e+004 2.31491514e+004 7.83659454e+003 2.89826864e+003 1.18070039e+003 5.35652500e+002 2.26905134e+002 1.11330577e+002 5.92253165e+001 3.68814458e+001 2.05690169e+001 1.01886601e+001 6.71791119e+000
61418.67443287 0.000000 0.000000 0.000000 1.04048635e+008 7.56920795e+007 2.43361129e+007 4.35190215e+006 4.86567642e+005 8.53724708e+004 2.07376921e+004 4.78122238e+003 9.93754757e+002 3.21893470e+002 1.25581912e+002 5.57089405e+001 2.76044919e+001 1.33604481e+001 7.14778530e+000 3.85872311e+000 2.48746491e+000 1.64640570e+000 9.02540571e-001 4.61835576e-001 2.38467651e-001
61418.83643519 0.000000 0.000000 0.000000 0.00000000e+000 0.00000000e+000 0.00000000e+000 0.00000000e+000 0.00000000e+000 0.00000000e+000 0.00000000e+000 0.00000000e+000 0.00000000e+000 0.00000000e+000 0.00000000e+000 0.00000000e+000 0.00000000e+000 0.00000000e+000 0.00000000e+000 0.00000000e+000 0.00000000e+000 0.00000000e+000 0.00000000e+000 0.00000000e+000 0.00000000e+000
61418.99843750 0.000000 0.000000 0.000000 0.00000000e+000 0.00000000e+000 0.00000000e+000 0.00000000e+000 0.00000000e+000 0.00000000e+000 0.00000000e+000 0.00000000e+000 0.00000000e+000 0.00000000e+000 0.00000000e+000 0.00000000e+000 0.00000000e+000 0.00000000e+000 0.00000000e+000 0.00000000e+000 0.00000000e+000 0.00000000e+000 0.00000000e+000 0.00000000e+000 0.00000000e+000
61419.16043981 0.000000 0.000000 0.000000 0.00000000e+000 0.00000000e+000 0.00000000e+000 0.00000000e+000 0.00000000e+000 0.00000000e+000 0.00000000e+000 0.00000000e+000 0.00000000e+000 0.00000000e+000 0.00000000e+000 0.00000000e+000 0.00000000e+000 0.00000000e+000 0.00000000e+000 0.00000000e+000 0.00000000e+000 0.00000000e+000 0.00000000e+000 0.00000000e+000 0.00000000e+000
61419.32244213 0.000000 0.000000 0.000000 0.00000000e+000 0.00000000e+000 0.00000000e+000 0.00000000e+000 0.00000000e+000 0.00000000e+000 0.00000000e+000 0.00000000e+000 0.00000000e+000 0.00000000e+000 0.00000000e+000 0.00000000e+000 0.00000000e+000 0.00000000e+000 0.00000000e+000 0.00000000e+000 0.00000000e+000 0.00000000e+000 0.00000000e+000 0.00000000e+000 0.00000000e+000
61419.48444444 0.000000 0.000000 0.000000 0.00000000e+000 0.00000000e+000 0.00000000e+000 0.00000000e+000 0.00000000e+000 0.00000000e+000 0.00000000e+000 0.00000000e+000 0.00000000e+000 0.00000000e+000 0.00000000e+000 0.00000000e+000 0.00000000e+000 0.00000000e+000 0.00000000e+000 0.00000000e+000 0.00000000e+000 0.00000000e+000 0.00000000e+000 0.00000000e+000 0.00000000e+000
61419.64644676 0.000000 0.000000 0.000000 0.00000000e+000 0.00000000e+000 0.00000000e+000 0.00000000e+000 0.00000000e+000 0.00000000e+000 0.00000000e+000 0.00000000e+000 0.00000000e+000 0.00000000e+000 0.00000000e+000 0.00000000e+000 0.00000000e+000 0.00000000e+000 0.00000000e+000 0.00000000e+000 0.00000000e+000 0.00000000e+000 0.00000000e+000 0.00000000e+000 0.00000000e+000
61419.80844907 0.000000 0.000000 0.000000 0.00000000e+000 0.00000000e+000 0.00000000e+000 0.00000000e+000 0.00000000e+000 0.00000000e+000 0.00000000e+000 0.00000000e+000 0.00000000e+000 0.00000000e+000 0.00000000e+000 0.00000000e+000 0.00000000e+000 0.00000000e+000 0.00000000e+000 0.00000000e+000 0.00000000e+000 0.00000000e+000 0.00000000e+000 0.00000000e+000 0.00000000e+000
61419.97045139 0.000000 0.000000 0.000000 0.00000000e+000 0.00000000e+000 0.00000000e+000 0.00000000e+000 0.00000000e+000 0.00000000e+000 0.00000000e+000 0.00000000e+000 0.00000000e+000 0.00000000e+000 0.00000000e+000 0.00000000e+000 0.00000000e+000 0.00000000e+000 0.00000000e+000 0.00000000e+000 0.00000000e+000 0.00000000e+000 0.00000000e+000 0.00000000e+000 0.00000000e+000
61420.13245370 0.000000 0.000000 0.000000 0.00000000e+000 0.00000000e+000 0.00000000e+000 0.00000000e+000 0.00000000e+000 0.00000000e+000 0.00000000e+000 0.00000000e+000 0.00000000e+000 0.00000000e+000 0.00000000e+000 0.00000000e+000 0.00000000e+000 0.00000000e+000 0.00000000e+000 0.00000000e+000 0.00000000e+000 0.00000000e+000 0.00000000e+000 0.00000000e+000 0.00000000e+000
61420.29445602 0.000000 0.000000 0.000000 0.00000000e+000 0.00000000e+000 0.00000000e+000 0.00000000e+000 0.00000000e+000 0.00000000e+000 0.00000000e+000 0.00000000e+000 0.00000000e+000 0.00000000e+000 0.00000000e+000 0.00000000e+000 0.00000000e+000 0.00000000e+000 0.00000000e+000 0.00000000e+000 0.00000000e+000 0.00000000e+000 0.00000000e+000 0.00000000e+000 0.00000000e+000
61420.45645833 0.000000 0.000000 0.000000 0.00000000e+000 0.00000000e+000 0.00000000e+000 0.00000000e+000 0.00000000e+000 0.00000000e+000 0.00000000e+000 0.00000000e+000 0.00000000e+000 0.00000000e+000 0.00000000e+000 0.00000000e+000 0.00000000e+000 0.00000000e+000 0.00000000e+000 0.00000000e+000 0.00000000e+000 0.00000000e+000 0.00000000e+000 0.00000000e+000 0.00000000e+000
61420.55915852 0.000000 0.000000 0.000000 0.00000000e+000 0.00000000e+000 0.00000000e+000 0.00000000e+000 0.00000000e+000 0.00000000e+000 0.00000000e+000 0.00000000e+000 0.00000000e+000 0.00000000e+000 0.00000000e+000 0.00000000e+000 0.00000000e+000 0.00000000e+000 0.00000000e+000 0.00000000e+000 0.00000000e+000 0.00000000e+000 0.00000000e+000 0.00000000e+000 0.00000000e+000
