# Ae9Ap9 Model output file: MoonBEAM_trajectory_trade/Rp18408_COM_8per90prop30inc_Sci.AP9.output_mc_flux_016.txt
# Ae9Ap9 Software Version:  1.50.001
#
# Model type:               AP9
# Particle species:         H+
# Flux type:                1PtDiff
# Flux direction:           Omnidirectional
# Energy levels (MeV):       0.1 0.2 0.4 0.6 0.8 1 2 4 6 8 10 15 20 30 50 60 80 100 150 200 300 400 700 1200 2000
#
# Time format:              Modified Julian Date
# Coordinate system:        GEI (Geocentric Equatorial Inertial) Cartesian in km
# Data Delimiter:           space
#
# datetime(mjd),posx(km),posy(km),posz(km),flux,flux,flux,flux,flux,flux,flux,flux,flux,flux,flux,flux,flux,flux,flux,flux,flux,flux,flux,flux,flux,flux,flux,flux,flux(#/cm^2/s/MeV)
61429.46949573 -304181.640280 -80019.908149 -48268.149155 0.00000000e+000 0.00000000e+000 0.00000000e+000 0.00000000e+000 0.00000000e+000 0.00000000e+000 0.00000000e+000 0.00000000e+000 0.00000000e+000 0.00000000e+000 0.00000000e+000 0.00000000e+000 0.00000000e+000 0.00000000e+000 0.00000000e+000 0.00000000e+000 0.00000000e+000 0.00000000e+000 0.00000000e+000 0.00000000e+000 0.00000000e+000 0.00000000e+000 0.00000000e+000 0.00000000e+000 0.00000000e+000
61429.66048586 -288432.736372 -81391.796844 -48968.293303 0.00000000e+000 0.00000000e+000 0.00000000e+000 0.00000000e+000 0.00000000e+000 0.00000000e+000 0.00000000e+000 0.00000000e+000 0.00000000e+000 0.00000000e+000 0.00000000e+000 0.00000000e+000 0.00000000e+000 0.00000000e+000 0.00000000e+000 0.00000000e+000 0.00000000e+000 0.00000000e+000 0.00000000e+000 0.00000000e+000 0.00000000e+000 0.00000000e+000 0.00000000e+000 0.00000000e+000 0.00000000e+000
61429.83554417 -273010.020262 -82357.483670 -49436.342914 0.00000000e+000 0.00000000e+000 0.00000000e+000 0.00000000e+000 0.00000000e+000 0.00000000e+000 0.00000000e+000 0.00000000e+000 0.00000000e+000 0.00000000e+000 0.00000000e+000 0.00000000e+000 0.00000000e+000 0.00000000e+000 0.00000000e+000 0.00000000e+000 0.00000000e+000 0.00000000e+000 0.00000000e+000 0.00000000e+000 0.00000000e+000 0.00000000e+000 0.00000000e+000 0.00000000e+000 0.00000000e+000
61429.99606503 -257962.515504 -82957.629171 -49695.942067 0.00000000e+000 0.00000000e+000 0.00000000e+000 0.00000000e+000 0.00000000e+000 0.00000000e+000 0.00000000e+000 0.00000000e+000 0.00000000e+000 0.00000000e+000 0.00000000e+000 0.00000000e+000 0.00000000e+000 0.00000000e+000 0.00000000e+000 0.00000000e+000 0.00000000e+000 0.00000000e+000 0.00000000e+000 0.00000000e+000 0.00000000e+000 0.00000000e+000 0.00000000e+000 0.00000000e+000 0.00000000e+000
61430.14332375 -243325.313087 -83229.370856 -49768.584099 0.00000000e+000 0.00000000e+000 0.00000000e+000 0.00000000e+000 0.00000000e+000 0.00000000e+000 0.00000000e+000 0.00000000e+000 0.00000000e+000 0.00000000e+000 0.00000000e+000 0.00000000e+000 0.00000000e+000 0.00000000e+000 0.00000000e+000 0.00000000e+000 0.00000000e+000 0.00000000e+000 0.00000000e+000 0.00000000e+000 0.00000000e+000 0.00000000e+000 0.00000000e+000 0.00000000e+000 0.00000000e+000
61430.27841426 -229129.707830 -83206.426949 -49673.748906 0.00000000e+000 0.00000000e+000 0.00000000e+000 0.00000000e+000 0.00000000e+000 0.00000000e+000 0.00000000e+000 0.00000000e+000 0.00000000e+000 0.00000000e+000 0.00000000e+000 0.00000000e+000 0.00000000e+000 0.00000000e+000 0.00000000e+000 0.00000000e+000 0.00000000e+000 0.00000000e+000 0.00000000e+000 0.00000000e+000 0.00000000e+000 0.00000000e+000 0.00000000e+000 0.00000000e+000 0.00000000e+000
61430.40228940 -215403.737884 -82919.837530 -49429.352360 0.00000000e+000 0.00000000e+000 0.00000000e+000 0.00000000e+000 0.00000000e+000 0.00000000e+000 0.00000000e+000 0.00000000e+000 0.00000000e+000 0.00000000e+000 0.00000000e+000 0.00000000e+000 0.00000000e+000 0.00000000e+000 0.00000000e+000 0.00000000e+000 0.00000000e+000 0.00000000e+000 0.00000000e+000 0.00000000e+000 0.00000000e+000 0.00000000e+000 0.00000000e+000 0.00000000e+000 0.00000000e+000
61430.51580883 -202170.399177 -82398.415302 -49052.011790 0.00000000e+000 0.00000000e+000 0.00000000e+000 0.00000000e+000 0.00000000e+000 0.00000000e+000 0.00000000e+000 0.00000000e+000 0.00000000e+000 0.00000000e+000 0.00000000e+000 0.00000000e+000 0.00000000e+000 0.00000000e+000 0.00000000e+000 0.00000000e+000 0.00000000e+000 0.00000000e+000 0.00000000e+000 0.00000000e+000 0.00000000e+000 0.00000000e+000 0.00000000e+000 0.00000000e+000 0.00000000e+000
61430.61977333 -189445.885593 -81668.859664 -48557.111969 0.00000000e+000 0.00000000e+000 0.00000000e+000 0.00000000e+000 0.00000000e+000 0.00000000e+000 0.00000000e+000 0.00000000e+000 0.00000000e+000 0.00000000e+000 0.00000000e+000 0.00000000e+000 0.00000000e+000 0.00000000e+000 0.00000000e+000 0.00000000e+000 0.00000000e+000 0.00000000e+000 0.00000000e+000 0.00000000e+000 0.00000000e+000 0.00000000e+000 0.00000000e+000 0.00000000e+000 0.00000000e+000
61430.71493913 -177239.203290 -80755.717461 -47958.784592 0.00000000e+000 0.00000000e+000 0.00000000e+000 0.00000000e+000 0.00000000e+000 0.00000000e+000 0.00000000e+000 0.00000000e+000 0.00000000e+000 0.00000000e+000 0.00000000e+000 0.00000000e+000 0.00000000e+000 0.00000000e+000 0.00000000e+000 0.00000000e+000 0.00000000e+000 0.00000000e+000 0.00000000e+000 0.00000000e+000 0.00000000e+000 0.00000000e+000 0.00000000e+000 0.00000000e+000 0.00000000e+000
61430.80201861 -165553.095089 -79681.378917 -47269.910770 0.00000000e+000 0.00000000e+000 0.00000000e+000 0.00000000e+000 0.00000000e+000 0.00000000e+000 0.00000000e+000 0.00000000e+000 0.00000000e+000 0.00000000e+000 0.00000000e+000 0.00000000e+000 0.00000000e+000 0.00000000e+000 0.00000000e+000 0.00000000e+000 0.00000000e+000 0.00000000e+000 0.00000000e+000 0.00000000e+000 0.00000000e+000 0.00000000e+000 0.00000000e+000 0.00000000e+000 0.00000000e+000
61430.88167676 -154385.502613 -78466.176697 -46502.183187 0.00000000e+000 0.00000000e+000 0.00000000e+000 0.00000000e+000 0.00000000e+000 0.00000000e+000 0.00000000e+000 0.00000000e+000 0.00000000e+000 0.00000000e+000 0.00000000e+000 0.00000000e+000 0.00000000e+000 0.00000000e+000 0.00000000e+000 0.00000000e+000 0.00000000e+000 0.00000000e+000 0.00000000e+000 0.00000000e+000 0.00000000e+000 0.00000000e+000 0.00000000e+000 0.00000000e+000 0.00000000e+000
61430.95453120 -143730.591781 -77128.516026 -45666.182304 0.00000000e+000 0.00000000e+000 0.00000000e+000 0.00000000e+000 0.00000000e+000 0.00000000e+000 0.00000000e+000 0.00000000e+000 0.00000000e+000 0.00000000e+000 0.00000000e+000 0.00000000e+000 0.00000000e+000 0.00000000e+000 0.00000000e+000 0.00000000e+000 0.00000000e+000 0.00000000e+000 0.00000000e+000 0.00000000e+000 0.00000000e+000 0.00000000e+000 0.00000000e+000 0.00000000e+000 0.00000000e+000
61431.02115235 -133579.751094 -75685.045112 -44771.475483 0.00000000e+000 0.00000000e+000 0.00000000e+000 0.00000000e+000 0.00000000e+000 0.00000000e+000 0.00000000e+000 0.00000000e+000 0.00000000e+000 0.00000000e+000 0.00000000e+000 0.00000000e+000 0.00000000e+000 0.00000000e+000 0.00000000e+000 0.00000000e+000 0.00000000e+000 0.00000000e+000 0.00000000e+000 0.00000000e+000 0.00000000e+000 0.00000000e+000 0.00000000e+000 0.00000000e+000 0.00000000e+000
61431.08206661 -123922.090855 -74150.787180 -43826.691445 0.00000000e+000 0.00000000e+000 0.00000000e+000 0.00000000e+000 0.00000000e+000 0.00000000e+000 0.00000000e+000 0.00000000e+000 0.00000000e+000 0.00000000e+000 0.00000000e+000 0.00000000e+000 0.00000000e+000 0.00000000e+000 0.00000000e+000 0.00000000e+000 0.00000000e+000 0.00000000e+000 0.00000000e+000 0.00000000e+000 0.00000000e+000 0.00000000e+000 0.00000000e+000 0.00000000e+000 0.00000000e+000
61431.13775961 -114744.842966 -72539.255136 -42839.584784 0.00000000e+000 0.00000000e+000 0.00000000e+000 0.00000000e+000 0.00000000e+000 0.00000000e+000 0.00000000e+000 0.00000000e+000 0.00000000e+000 0.00000000e+000 0.00000000e+000 0.00000000e+000 0.00000000e+000 0.00000000e+000 0.00000000e+000 0.00000000e+000 0.00000000e+000 0.00000000e+000 0.00000000e+000 0.00000000e+000 0.00000000e+000 0.00000000e+000 0.00000000e+000 0.00000000e+000 0.00000000e+000
61431.18867788 -106033.925911 -70862.596598 -41817.119832 0.00000000e+000 0.00000000e+000 0.00000000e+000 0.00000000e+000 0.00000000e+000 0.00000000e+000 0.00000000e+000 0.00000000e+000 0.00000000e+000 0.00000000e+000 0.00000000e+000 0.00000000e+000 0.00000000e+000 0.00000000e+000 0.00000000e+000 0.00000000e+000 0.00000000e+000 0.00000000e+000 0.00000000e+000 0.00000000e+000 0.00000000e+000 0.00000000e+000 0.00000000e+000 0.00000000e+000 0.00000000e+000
61431.23513819 -97791.164519 -69135.393878 -40767.771557 0.00000000e+000 0.00000000e+000 0.00000000e+000 0.00000000e+000 0.00000000e+000 0.00000000e+000 0.00000000e+000 0.00000000e+000 0.00000000e+000 0.00000000e+000 0.00000000e+000 0.00000000e+000 0.00000000e+000 0.00000000e+000 0.00000000e+000 0.00000000e+000 0.00000000e+000 0.00000000e+000 0.00000000e+000 0.00000000e+000 0.00000000e+000 0.00000000e+000 0.00000000e+000 0.00000000e+000 0.00000000e+000
61431.27743281 -90018.360808 -67372.421130 -39700.132733 0.00000000e+000 0.00000000e+000 0.00000000e+000 0.00000000e+000 0.00000000e+000 0.00000000e+000 0.00000000e+000 0.00000000e+000 0.00000000e+000 0.00000000e+000 0.00000000e+000 0.00000000e+000 0.00000000e+000 0.00000000e+000 0.00000000e+000 0.00000000e+000 0.00000000e+000 0.00000000e+000 0.00000000e+000 0.00000000e+000 0.00000000e+000 0.00000000e+000 0.00000000e+000 0.00000000e+000 0.00000000e+000
61431.31596339 -82691.844157 -65582.343558 -38619.109235 0.00000000e+000 0.00000000e+000 0.00000000e+000 0.00000000e+000 0.00000000e+000 0.00000000e+000 0.00000000e+000 0.00000000e+000 0.00000000e+000 0.00000000e+000 0.00000000e+000 0.00000000e+000 0.00000000e+000 0.00000000e+000 0.00000000e+000 0.00000000e+000 0.00000000e+000 0.00000000e+000 0.00000000e+000 0.00000000e+000 0.00000000e+000 0.00000000e+000 0.00000000e+000 0.00000000e+000 0.00000000e+000
61431.35109535 -75787.741705 -63772.423078 -37528.792685 0.00000000e+000 0.00000000e+000 0.00000000e+000 0.00000000e+000 0.00000000e+000 0.00000000e+000 0.00000000e+000 0.00000000e+000 0.00000000e+000 0.00000000e+000 0.00000000e+000 0.00000000e+000 0.00000000e+000 0.00000000e+000 0.00000000e+000 0.00000000e+000 0.00000000e+000 0.00000000e+000 0.00000000e+000 0.00000000e+000 0.00000000e+000 0.00000000e+000 0.00000000e+000 0.00000000e+000 0.00000000e+000
61431.38315644 -69283.119910 -61948.876330 -36432.673884 0.00000000e+000 0.00000000e+000 0.00000000e+000 0.00000000e+000 0.00000000e+000 0.00000000e+000 0.00000000e+000 0.00000000e+000 0.00000000e+000 0.00000000e+000 0.00000000e+000 0.00000000e+000 0.00000000e+000 0.00000000e+000 0.00000000e+000 0.00000000e+000 0.00000000e+000 0.00000000e+000 0.00000000e+000 0.00000000e+000 0.00000000e+000 0.00000000e+000 0.00000000e+000 0.00000000e+000 0.00000000e+000
61431.41244163 -63155.874443 -60116.950926 -35333.685850 0.00000000e+000 0.00000000e+000 0.00000000e+000 0.00000000e+000 0.00000000e+000 0.00000000e+000 0.00000000e+000 0.00000000e+000 0.00000000e+000 0.00000000e+000 0.00000000e+000 0.00000000e+000 0.00000000e+000 0.00000000e+000 0.00000000e+000 0.00000000e+000 0.00000000e+000 0.00000000e+000 0.00000000e+000 0.00000000e+000 0.00000000e+000 0.00000000e+000 0.00000000e+000 0.00000000e+000 0.00000000e+000
61431.43921602 -57384.902802 -58281.066994 -34234.286578 0.00000000e+000 0.00000000e+000 0.00000000e+000 0.00000000e+000 0.00000000e+000 0.00000000e+000 0.00000000e+000 0.00000000e+000 0.00000000e+000 0.00000000e+000 0.00000000e+000 0.00000000e+000 0.00000000e+000 0.00000000e+000 0.00000000e+000 0.00000000e+000 0.00000000e+000 0.00000000e+000 0.00000000e+000 0.00000000e+000 0.00000000e+000 0.00000000e+000 0.00000000e+000 0.00000000e+000 0.00000000e+000
61431.46371848 -51950.009894 -56444.873818 -33136.491117 0.00000000e+000 0.00000000e+000 0.00000000e+000 0.00000000e+000 0.00000000e+000 0.00000000e+000 0.00000000e+000 0.00000000e+000 0.00000000e+000 0.00000000e+000 0.00000000e+000 0.00000000e+000 0.00000000e+000 0.00000000e+000 0.00000000e+000 0.00000000e+000 0.00000000e+000 0.00000000e+000 0.00000000e+000 0.00000000e+000 0.00000000e+000 0.00000000e+000 0.00000000e+000 0.00000000e+000 0.00000000e+000
61431.48616410 -46832.005709 -54611.356613 -32041.933955 0.00000000e+000 0.00000000e+000 0.00000000e+000 0.00000000e+000 0.00000000e+000 0.00000000e+000 0.00000000e+000 0.00000000e+000 0.00000000e+000 0.00000000e+000 0.00000000e+000 0.00000000e+000 0.00000000e+000 0.00000000e+000 0.00000000e+000 0.00000000e+000 0.00000000e+000 0.00000000e+000 0.00000000e+000 0.00000000e+000 0.00000000e+000 0.00000000e+000 0.00000000e+000 0.00000000e+000 0.00000000e+000
61431.50674721 -42012.562069 -52782.853828 -30951.878132 1.03237651e+003 2.96678609e+002 5.59156960e+001 3.66845534e+000 2.78032907e-001 6.91472750e-003 0.00000000e+000 0.00000000e+000 0.00000000e+000 0.00000000e+000 0.00000000e+000 0.00000000e+000 0.00000000e+000 0.00000000e+000 0.00000000e+000 0.00000000e+000 0.00000000e+000 0.00000000e+000 0.00000000e+000 0.00000000e+000 0.00000000e+000 0.00000000e+000 0.00000000e+000 0.00000000e+000 0.00000000e+000
61431.52564326 -37474.288399 -50961.140176 -29867.263822 2.42363358e+003 6.56957690e+002 1.23314097e+002 1.36058831e+001 1.34746211e+000 3.03261481e-002 3.62527336e-007 0.00000000e+000 0.00000000e+000 0.00000000e+000 0.00000000e+000 0.00000000e+000 0.00000000e+000 0.00000000e+000 0.00000000e+000 0.00000000e+000 0.00000000e+000 0.00000000e+000 0.00000000e+000 0.00000000e+000 0.00000000e+000 0.00000000e+000 0.00000000e+000 0.00000000e+000 0.00000000e+000
61431.54301094 -33200.670830 -49147.454626 -28788.724199 6.55484335e+003 1.78389447e+003 2.84386503e+002 5.31032485e+001 7.80169015e+000 1.92055331e-001 2.80791381e-004 0.00000000e+000 0.00000000e+000 0.00000000e+000 0.00000000e+000 0.00000000e+000 0.00000000e+000 0.00000000e+000 0.00000000e+000 0.00000000e+000 0.00000000e+000 0.00000000e+000 0.00000000e+000 0.00000000e+000 0.00000000e+000 0.00000000e+000 0.00000000e+000 0.00000000e+000 0.00000000e+000
61431.55899419 -29175.977304 -47342.499611 -27716.584394 1.79070199e+004 5.12663908e+003 6.79756276e+002 1.66100250e+002 4.10176077e+001 1.26786576e+000 6.02192568e-003 0.00000000e+000 0.00000000e+000 0.00000000e+000 0.00000000e+000 0.00000000e+000 0.00000000e+000 0.00000000e+000 0.00000000e+000 0.00000000e+000 0.00000000e+000 0.00000000e+000 0.00000000e+000 0.00000000e+000 0.00000000e+000 0.00000000e+000 0.00000000e+000 0.00000000e+000 0.00000000e+000
61431.57372376 -25385.242279 -45546.459765 -26650.872266 4.78162215e+004 1.45708353e+004 1.92000653e+003 4.39453329e+002 1.53941689e+002 8.83781278e+000 4.59262517e-002 0.00000000e+000 0.00000000e+000 0.00000000e+000 0.00000000e+000 0.00000000e+000 0.00000000e+000 0.00000000e+000 0.00000000e+000 0.00000000e+000 0.00000000e+000 0.00000000e+000 0.00000000e+000 0.00000000e+000 0.00000000e+000 0.00000000e+000 0.00000000e+000 0.00000000e+000 0.00000000e+000
61431.58731852 -21814.254303 -43759.013391 -25591.324964 1.12728012e+005 3.57084539e+004 5.05340685e+003 1.04134205e+003 4.24939377e+002 4.34506808e+001 2.58282511e-001 1.78663785e-004 0.00000000e+000 0.00000000e+000 0.00000000e+000 0.00000000e+000 0.00000000e+000 0.00000000e+000 0.00000000e+000 0.00000000e+000 0.00000000e+000 0.00000000e+000 0.00000000e+000 0.00000000e+000 0.00000000e+000 0.00000000e+000 0.00000000e+000 0.00000000e+000 0.00000000e+000
61431.59988725 -18449.387632 -41979.249760 -24537.339856 2.35986817e+005 7.63300964e+004 1.18152211e+004 2.36957673e+003 9.43404437e+002 1.69486655e+002 1.10941783e+000 1.18094766e-003 0.00000000e+000 0.00000000e+000 0.00000000e+000 0.00000000e+000 0.00000000e+000 0.00000000e+000 0.00000000e+000 0.00000000e+000 0.00000000e+000 0.00000000e+000 0.00000000e+000 0.00000000e+000 0.00000000e+000 0.00000000e+000 0.00000000e+000 0.00000000e+000 0.00000000e+000
61431.61152972 -15277.586574 -40205.633901 -23487.953927 4.66755042e+005 1.48479885e+005 2.40445111e+004 5.37223141e+003 2.07066563e+003 5.43342163e+002 5.61404347e+000 7.29934456e-003 0.00000000e+000 0.00000000e+000 0.00000000e+000 0.00000000e+000 0.00000000e+000 0.00000000e+000 0.00000000e+000 0.00000000e+000 0.00000000e+000 0.00000000e+000 0.00000000e+000 0.00000000e+000 0.00000000e+000 0.00000000e+000 0.00000000e+000 0.00000000e+000 0.00000000e+000
61431.62233831 -12286.188991 -38435.853595 -22441.753733 8.21331855e+005 2.55711467e+005 4.22396386e+004 1.03148027e+004 4.31658190e+003 1.25682936e+003 2.40908420e+001 3.16328300e-002 0.00000000e+000 0.00000000e+000 0.00000000e+000 0.00000000e+000 0.00000000e+000 0.00000000e+000 0.00000000e+000 0.00000000e+000 0.00000000e+000 0.00000000e+000 0.00000000e+000 0.00000000e+000 0.00000000e+000 0.00000000e+000 0.00000000e+000 0.00000000e+000 0.00000000e+000
61431.63239924 -9462.809850 -36666.643592 -21396.772434 1.33505668e+006 4.02407820e+005 6.68785692e+004 1.75647963e+004 8.04242508e+003 2.45047185e+003 7.12944321e+001 1.13794345e-001 0.00000000e+000 0.00000000e+000 0.00000000e+000 0.00000000e+000 0.00000000e+000 0.00000000e+000 0.00000000e+000 0.00000000e+000 0.00000000e+000 0.00000000e+000 0.00000000e+000 0.00000000e+000 0.00000000e+000 0.00000000e+000 0.00000000e+000 0.00000000e+000 0.00000000e+000
61431.64167470 -6829.232722 -34916.830106 -20364.085756 2.05184007e+006 5.94023120e+005 9.74980639e+004 2.68178018e+004 1.32080291e+004 4.15732164e+003 1.61851976e+002 3.12905077e-001 0.00000000e+000 0.00000000e+000 0.00000000e+000 0.00000000e+000 0.00000000e+000 0.00000000e+000 0.00000000e+000 0.00000000e+000 0.00000000e+000 0.00000000e+000 0.00000000e+000 0.00000000e+000 0.00000000e+000 0.00000000e+000 0.00000000e+000 0.00000000e+000 0.00000000e+000
61431.64917141 -4682.035821 -33408.405228 -19474.508369 2.87733212e+006 8.01473821e+005 1.27173633e+005 3.49451315e+004 1.81182079e+004 5.89974773e+003 2.91999848e+002 6.93479939e-001 0.00000000e+000 0.00000000e+000 0.00000000e+000 0.00000000e+000 0.00000000e+000 0.00000000e+000 0.00000000e+000 0.00000000e+000 0.00000000e+000 0.00000000e+000 0.00000000e+000 0.00000000e+000 0.00000000e+000 0.00000000e+000 0.00000000e+000 0.00000000e+000 0.00000000e+000
61431.65591118 -2740.314228 -31971.793818 -18627.826499 4.31748776e+006 1.20393142e+006 1.81784899e+005 4.62412925e+004 2.27859487e+004 7.50033533e+003 4.53061961e+002 1.30253796e+000 2.40571729e-003 0.00000000e+000 0.00000000e+000 0.00000000e+000 0.00000000e+000 0.00000000e+000 0.00000000e+000 0.00000000e+000 0.00000000e+000 0.00000000e+000 0.00000000e+000 0.00000000e+000 0.00000000e+000 0.00000000e+000 0.00000000e+000 0.00000000e+000 0.00000000e+000
61431.66186836 -1017.971230 -30631.769911 -17838.537559 6.20440661e+006 1.75441911e+006 2.58381221e+005 6.15203424e+004 2.82522150e+004 9.17676671e+003 6.35889469e+002 2.07496869e+000 5.36925932e-003 0.00000000e+000 0.00000000e+000 0.00000000e+000 0.00000000e+000 0.00000000e+000 0.00000000e+000 0.00000000e+000 0.00000000e+000 0.00000000e+000 0.00000000e+000 0.00000000e+000 0.00000000e+000 0.00000000e+000 0.00000000e+000 0.00000000e+000 0.00000000e+000
61431.66686289 428.007429 -29452.625757 -17144.375092 8.75686947e+006 2.53274697e+006 3.72106447e+005 8.42208935e+004 3.55962174e+004 1.10937049e+004 8.52265011e+002 3.11590101e+000 9.45021106e-003 0.00000000e+000 0.00000000e+000 0.00000000e+000 0.00000000e+000 0.00000000e+000 0.00000000e+000 0.00000000e+000 0.00000000e+000 0.00000000e+000 0.00000000e+000 0.00000000e+000 0.00000000e+000 0.00000000e+000 0.00000000e+000 0.00000000e+000 0.00000000e+000
61431.67114536 1667.261493 -28397.762024 -16523.662545 1.20142852e+007 3.56374102e+006 5.37526058e+005 1.17315125e+005 4.57905380e+004 1.34815457e+004 1.12930998e+003 4.62123282e+000 1.49504181e-002 0.00000000e+000 0.00000000e+000 0.00000000e+000 0.00000000e+000 0.00000000e+000 0.00000000e+000 0.00000000e+000 0.00000000e+000 0.00000000e+000 0.00000000e+000 0.00000000e+000 0.00000000e+000 0.00000000e+000 0.00000000e+000 0.00000000e+000 0.00000000e+000
61431.67543397 2905.695021 -27297.742762 -15876.662696 1.64225038e+007 4.98853660e+006 7.76218670e+005 1.65027792e+005 6.01116334e+004 1.66505564e+004 1.50314216e+003 6.79485782e+000 2.26198533e-002 0.00000000e+000 0.00000000e+000 0.00000000e+000 0.00000000e+000 0.00000000e+000 0.00000000e+000 0.00000000e+000 0.00000000e+000 0.00000000e+000 0.00000000e+000 0.00000000e+000 0.00000000e+000 0.00000000e+000 0.00000000e+000 0.00000000e+000 0.00000000e+000
61431.68030434 4305.866904 -25991.487737 -15108.731510 2.36414576e+007 7.66707030e+006 1.29998892e+006 2.71172303e+005 9.06917709e+004 2.30062636e+004 2.25132492e+003 1.19564441e+001 4.13729110e-002 0.00000000e+000 0.00000000e+000 0.00000000e+000 0.00000000e+000 0.00000000e+000 0.00000000e+000 0.00000000e+000 0.00000000e+000 0.00000000e+000 0.00000000e+000 0.00000000e+000 0.00000000e+000 0.00000000e+000 0.00000000e+000 0.00000000e+000 0.00000000e+000
61431.68529240 5728.483784 -24585.708153 -14282.734049 3.31087380e+007 1.16516300e+007 2.25265049e+006 4.78328509e+005 1.51314555e+005 3.33136917e+004 3.41243330e+003 2.06715286e+001 8.02546999e-002 3.10102836e-004 0.00000000e+000 0.00000000e+000 0.00000000e+000 0.00000000e+000 0.00000000e+000 0.00000000e+000 0.00000000e+000 0.00000000e+000 0.00000000e+000 0.00000000e+000 0.00000000e+000 0.00000000e+000 0.00000000e+000 0.00000000e+000 0.00000000e+000
61431.69026297 7128.703956 -23110.625731 -13416.502521 4.50338615e+007 1.75493929e+007 4.02610320e+006 9.03617745e+005 2.81851987e+005 5.16025508e+004 5.30862269e+003 3.56058009e+001 1.67409634e-001 1.40978210e-003 0.00000000e+000 0.00000000e+000 0.00000000e+000 0.00000000e+000 0.00000000e+000 0.00000000e+000 0.00000000e+000 0.00000000e+000 0.00000000e+000 0.00000000e+000 0.00000000e+000 0.00000000e+000 0.00000000e+000 0.00000000e+000 0.00000000e+000
61431.69513431 8476.830909 -21587.097294 -12522.336740 5.85740812e+007 2.59449324e+007 7.45166020e+006 1.88593346e+006 6.17594858e+005 9.39215626e+004 9.05940947e+003 6.51120575e+001 3.91379620e-001 4.74741618e-003 0.00000000e+000 0.00000000e+000 0.00000000e+000 0.00000000e+000 0.00000000e+000 0.00000000e+000 0.00000000e+000 0.00000000e+000 0.00000000e+000 0.00000000e+000 0.00000000e+000 0.00000000e+000 0.00000000e+000 0.00000000e+000 0.00000000e+000
61431.69977353 9730.315561 -20058.855115 -11625.923399 7.09374774e+007 3.65086113e+007 1.34825413e+007 4.01512539e+006 1.42247478e+006 1.88071469e+005 1.54367995e+004 1.24507119e+002 1.00487490e+000 1.84383754e-002 7.39943010e-004 0.00000000e+000 0.00000000e+000 0.00000000e+000 0.00000000e+000 0.00000000e+000 0.00000000e+000 0.00000000e+000 0.00000000e+000 0.00000000e+000 0.00000000e+000 0.00000000e+000 0.00000000e+000 0.00000000e+000 0.00000000e+000
61431.70408845 10861.059108 -18565.035549 -10750.197341 7.98260254e+007 4.79743204e+007 2.24679420e+007 7.92423194e+006 3.06370812e+006 3.76591223e+005 2.46645729e+004 2.44039865e+002 2.70407147e+000 9.69932423e-002 5.71154748e-003 0.00000000e+000 0.00000000e+000 0.00000000e+000 0.00000000e+000 0.00000000e+000 0.00000000e+000 0.00000000e+000 0.00000000e+000 0.00000000e+000 0.00000000e+000 0.00000000e+000 0.00000000e+000 0.00000000e+000 0.00000000e+000
61431.70811359 11876.924252 -17104.957763 -9894.720782 8.36944736e+007 5.84263152e+007 3.37051054e+007 1.39361813e+007 5.89893469e+006 7.22307386e+005 3.67694769e+004 5.12269202e+002 7.69524608e+000 4.32595591e-001 4.06862498e-002 0.00000000e+000 0.00000000e+000 0.00000000e+000 0.00000000e+000 0.00000000e+000 0.00000000e+000 0.00000000e+000 0.00000000e+000 0.00000000e+000 0.00000000e+000 0.00000000e+000 0.00000000e+000 0.00000000e+000 0.00000000e+000
61431.71188773 12787.075846 -15674.897787 -9057.277299 8.19515591e+007 6.63072230e+007 4.59866043e+007 2.19150587e+007 1.01611984e+007 1.34957067e+006 5.69016950e+004 1.19595233e+003 2.34355909e+001 1.69884735e+000 2.08774416e-001 3.44012985e-002 0.00000000e+000 0.00000000e+000 0.00000000e+000 0.00000000e+000 0.00000000e+000 0.00000000e+000 0.00000000e+000 0.00000000e+000 0.00000000e+000 0.00000000e+000 0.00000000e+000 0.00000000e+000 0.00000000e+000
61431.71544760 13600.008472 -14270.190171 -8235.105896 7.49996999e+007 7.08896923e+007 5.81854028e+007 3.14790812e+007 1.59516039e+007 2.38332753e+006 9.09823499e+004 2.58951721e+003 5.94762165e+001 4.85046926e+000 6.48848232e-001 1.43872607e-001 6.09685227e-003 1.92442368e-003 9.38551938e-004 4.41447484e-004 2.08219640e-004 4.72614730e-005 5.95176545e-006 0.00000000e+000 0.00000000e+000 0.00000000e+000 0.00000000e+000 0.00000000e+000 0.00000000e+000
61431.71882763 14323.261264 -12885.448699 -7425.031016 6.67674461e+007 7.17658627e+007 6.77569123e+007 4.06261750e+007 2.26246697e+007 3.99377166e+006 1.43499806e+005 6.09794745e+003 1.97170374e+002 2.04924281e+001 3.19539339e+000 1.07496725e+000 2.65876576e-001 8.33034131e-002 3.94465643e-002 1.81303487e-002 7.91050868e-003 1.67888472e-003 1.93534908e-004 0.00000000e+000 0.00000000e+000 0.00000000e+000 0.00000000e+000 0.00000000e+000 0.00000000e+000
61431.72206027 14963.286892 -11514.597663 -6623.481448 5.87642613e+007 7.08976403e+007 7.41389833e+007 4.85628843e+007 2.89198930e+007 5.87334544e+006 2.36536971e+005 1.25613669e+004 6.01671482e+002 7.18825701e+001 1.16583403e+001 3.98910438e+000 8.32087187e-001 2.18900472e-001 9.58797941e-002 4.27982525e-002 1.98886361e-002 5.37176549e-003 9.31889069e-004 9.47749387e-005 0.00000000e+000 0.00000000e+000 0.00000000e+000 0.00000000e+000 0.00000000e+000
61431.72517670 15525.370828 -10150.769958 -5826.431435 5.12647901e+007 6.87740637e+007 7.77831910e+007 5.52395409e+007 3.47245538e+007 7.93918486e+006 3.62963819e+005 2.14621519e+004 1.22233390e+003 1.51891150e+002 2.47176203e+001 8.34991228e+000 1.62131492e+000 3.92517122e-001 1.65829220e-001 7.29457195e-002 3.54071612e-002 1.08095526e-002 2.14810728e-003 2.89737310e-004 0.00000000e+000 0.00000000e+000 0.00000000e+000 0.00000000e+000 0.00000000e+000
61431.72820773 16013.538508 -8786.089243 -5029.274348 4.62642259e+007 6.60133507e+007 7.72932956e+007 5.81238010e+007 3.80319187e+007 9.81352732e+006 5.65328293e+005 4.14221993e+004 3.35836902e+003 4.59047834e+002 6.50774688e+001 2.02617015e+001 3.59315610e+000 7.86098564e-001 3.35293195e-001 1.38878250e-001 7.18144883e-002 2.48897695e-002 5.82006835e-003 1.00580060e-003 1.01374745e-004 0.00000000e+000 0.00000000e+000 0.00000000e+000 0.00000000e+000
61431.73118492 16430.402000 -7411.325721 -4226.623113 4.21277645e+007 6.32258737e+007 7.59046897e+007 5.99834895e+007 4.06441083e+007 1.15475903e+007 7.66538422e+005 6.19517933e+004 5.58212777e+003 7.79590946e+002 1.06325571e+002 3.22076689e+001 5.56947591e+000 1.18333623e+000 5.14088469e-001 2.08109689e-001 1.10120887e-001 3.98858151e-002 9.96702961e-003 1.84343920e-003 2.73190997e-004 0.00000000e+000 0.00000000e+000 0.00000000e+000 0.00000000e+000
61431.73414154 16776.836890 -6015.644031 -3412.165191 3.96663534e+007 6.07466779e+007 7.29461242e+007 5.93432211e+007 4.14258887e+007 1.27457586e+007 9.99272292e+005 9.13669771e+004 1.04079506e+004 1.52677935e+003 2.11193536e+002 5.98032133e+001 9.95028105e+000 2.18063014e+000 9.93994931e-001 4.16317629e-001 2.08789575e-001 7.27348913e-002 1.87643093e-002 3.84316609e-003 7.95190783e-004 1.05992001e-005 0.00000000e+000 0.00000000e+000 0.00000000e+000
61431.73711182 17051.373634 -4587.232742 -2579.032398 3.80142210e+007 5.86635279e+007 6.99557370e+007 5.79814413e+007 4.14277603e+007 1.35575917e+007 1.20143832e+006 1.18292540e+005 1.51550071e+004 2.27073112e+003 3.16581178e+002 8.72457326e+001 1.42932338e+001 3.17830373e+000 1.47798135e+000 6.30313543e-001 3.10109621e-001 1.05347911e-001 2.76126242e-002 5.92809830e-003 1.33252725e-003 4.19461515e-005 0.00000000e+000 0.00000000e+000 0.00000000e+000
61431.74000355 17243.080081 -3176.251410 -1756.488882 3.66684290e+007 5.69961344e+007 6.75622490e+007 5.64262757e+007 4.07712848e+007 1.38457551e+007 1.31886544e+006 1.34731365e+005 1.81770614e+004 2.74481248e+003 3.84430993e+002 1.05034067e+002 1.70894018e+001 3.81733298e+000 1.77811586e+000 7.61073336e-001 3.70978715e-001 1.25051088e-001 3.26845380e-002 7.08972408e-003 1.62839065e-003 5.11072562e-005 0.00000000e+000 0.00000000e+000 0.00000000e+000
61431.74281304 17354.335434 -1791.558455 -949.681058 3.56622007e+007 5.57835291e+007 6.57890632e+007 5.47752598e+007 3.95847323e+007 1.36326250e+007 1.34726495e+006 1.39823937e+005 1.92865980e+004 2.91766546e+003 4.10708252e+002 1.12129310e+002 1.81758941e+001 4.06380485e+000 1.87425473e+000 7.97641059e-001 3.85015537e-001 1.30127095e-001 3.33821351e-002 7.16687987e-003 1.63812350e-003 2.54100885e-005 0.00000000e+000 0.00000000e+000 0.00000000e+000
61431.74556248 17389.323914 -428.814487 -156.061474 3.51808737e+007 5.51748660e+007 6.46968091e+007 5.32085750e+007 3.81318701e+007 1.30484895e+007 1.30025557e+006 1.34748287e+005 1.86583650e+004 2.81990569e+003 4.00536249e+002 1.09778764e+002 1.77795114e+001 3.97123657e+000 1.79712359e+000 7.55279925e-001 3.60592911e-001 1.22704331e-001 3.05540123e-002 6.44942631e-003 1.43976553e-003 5.55824455e-006 0.00000000e+000 0.00000000e+000 0.00000000e+000
61431.74827603 17351.078403 917.958484 627.865273 3.51529352e+007 5.50431638e+007 6.41552620e+007 5.16641472e+007 3.64075326e+007 1.21469796e+007 1.18558270e+006 1.21057703e+005 1.65472625e+004 2.49571663e+003 3.57916015e+002 9.87318559e+001 1.60001061e+001 3.55717993e+000 1.57221667e+000 6.50712675e-001 3.08604542e-001 1.05720446e-001 2.54984775e-002 5.26511103e-003 1.11507963e-003 0.00000000e+000 0.00000000e+000 0.00000000e+000 0.00000000e+000
61431.75092794 17243.887464 2230.488288 1391.482273 3.56451362e+007 5.54664118e+007 6.43075536e+007 5.03344305e+007 3.45869666e+007 1.10299372e+007 1.02120554e+006 1.00867916e+005 1.33118447e+004 1.99657321e+003 2.89317745e+002 8.07973658e+001 1.31344495e+001 2.89525043e+000 1.24009821e+000 5.03886478e-001 2.38317407e-001 8.22710703e-002 1.90308141e-002 3.79614970e-003 7.22330115e-004 0.00000000e+000 0.00000000e+000 0.00000000e+000 0.00000000e+000
61431.75360282 17066.964741 3545.487653 2156.159259 3.66142871e+007 5.63659032e+007 6.51044551e+007 4.91532214e+007 3.26168141e+007 9.72804465e+006 8.16734872e+005 7.60577956e+004 9.29118598e+003 1.38064809e+003 2.01741183e+002 5.76815482e+001 9.42866246e+000 2.03826103e+000 8.36462605e-001 3.33188017e-001 1.59222314e-001 5.53104234e-002 1.22014850e-002 2.27355751e-003 3.14164002e-004 0.00000000e+000 0.00000000e+000 0.00000000e+000 0.00000000e+000
61431.75632662 16817.977830 4870.225051 2926.114254 3.80754822e+007 5.77001332e+007 6.63877025e+007 4.78769149e+007 3.03258088e+007 8.23594690e+006 5.79843541e+005 4.81140016e+004 4.78594774e+003 6.95254002e+002 1.01758419e+002 3.10147455e+001 5.11577961e+000 1.04123773e+000 3.95261533e-001 1.56500727e-001 7.89133468e-002 2.72749951e-002 5.80078688e-003 8.81944780e-004 1.96414115e-005 0.00000000e+000 0.00000000e+000 0.00000000e+000 0.00000000e+000
61431.75914362 16490.755319 6220.076285 3710.264787 4.14053070e+007 5.89387254e+007 6.52488694e+007 4.39104516e+007 2.64448819e+007 6.46096677e+006 3.93695237e+005 3.00674849e+004 2.68170519e+003 3.85610520e+002 5.94752382e+001 1.87384590e+001 3.10522659e+000 6.33967507e-001 2.28557021e-001 9.05445818e-002 4.41072959e-002 1.43727474e-002 2.78308713e-003 3.19361209e-004 0.00000000e+000 0.00000000e+000 0.00000000e+000 0.00000000e+000 0.00000000e+000
61431.76204797 16083.705693 7585.488688 4503.039061 4.55079548e+007 6.01727755e+007 6.34807710e+007 3.97004189e+007 2.26283161e+007 4.83249869e+006 2.30337759e+005 1.46494884e+004 9.41654674e+002 1.26405582e+002 2.35617083e+001 8.24165433e+000 1.45129665e+000 3.23400791e-001 1.11962513e-001 4.37675151e-002 1.83393979e-002 5.00798998e-003 6.51419854e-004 5.69260607e-006 0.00000000e+000 0.00000000e+000 0.00000000e+000 0.00000000e+000 0.00000000e+000
61431.76506150 15592.324826 8969.657572 5306.271796 5.13521141e+007 5.92951729e+007 5.62179766e+007 3.19788987e+007 1.71511519e+007 3.21266035e+006 1.34702282e+005 7.63662844e+003 3.99116917e+002 5.13667381e+001 9.86876574e+000 3.47591008e+000 6.46954101e-001 1.58443577e-001 5.86150116e-002 2.34410412e-002 8.88026766e-003 1.95028116e-003 1.26667041e-004 0.00000000e+000 0.00000000e+000 0.00000000e+000 0.00000000e+000 0.00000000e+000 0.00000000e+000
61431.76820051 15012.672331 10372.437808 6119.855917 5.73168691e+007 5.66811998e+007 4.68154214e+007 2.40924175e+007 1.20322549e+007 1.92959406e+006 7.38256252e+004 3.21745455e+003 1.06430163e+002 1.18955734e+001 2.24985581e+000 7.48233262e-001 1.64559296e-001 4.89074743e-002 2.07790287e-002 8.54549050e-003 2.80081527e-003 3.85761428e-004 0.00000000e+000 0.00000000e+000 0.00000000e+000 0.00000000e+000 0.00000000e+000 0.00000000e+000 0.00000000e+000
61431.77144661 14348.380379 11778.283121 6934.758748 6.22089006e+007 5.15804818e+007 3.57395553e+007 1.65195587e+007 7.61183680e+006 1.03924404e+006 4.36329533e+004 1.16501772e+003 2.67102176e+001 2.27172322e+000 3.70905731e-001 5.62115505e-004 0.00000000e+000 0.00000000e+000 0.00000000e+000 0.00000000e+000 0.00000000e+000 0.00000000e+000 0.00000000e+000 0.00000000e+000 0.00000000e+000 0.00000000e+000 0.00000000e+000 0.00000000e+000 0.00000000e+000
61431.77461972 13643.053890 13106.742989 7704.377087 6.37482617e+007 4.44680648e+007 2.57554407e+007 1.05195806e+007 4.47333819e+006 5.34501145e+005 2.51534071e+004 4.34179704e+002 8.41573887e+000 6.14857654e-001 7.30562300e-002 0.00000000e+000 0.00000000e+000 0.00000000e+000 0.00000000e+000 0.00000000e+000 0.00000000e+000 0.00000000e+000 0.00000000e+000 0.00000000e+000 0.00000000e+000 0.00000000e+000 0.00000000e+000 0.00000000e+000 0.00000000e+000
61431.77781155 12885.155879 14396.626784 8451.244027 5.93464857e+007 3.58338390e+007 1.76052666e+007 6.37303929e+006 2.52672207e+006 2.98148791e+005 1.77046890e+004 2.17598745e+002 3.60574934e+000 2.11917426e-001 1.73469746e-002 0.00000000e+000 0.00000000e+000 0.00000000e+000 0.00000000e+000 0.00000000e+000 0.00000000e+000 0.00000000e+000 0.00000000e+000 0.00000000e+000 0.00000000e+000 0.00000000e+000 0.00000000e+000 0.00000000e+000 0.00000000e+000
61431.78107417 12067.396662 15667.078899 9186.466136 5.25539930e+007 2.77329350e+007 1.14254337e+007 3.63734443e+006 1.34508558e+006 1.64469651e+005 1.21384496e+004 1.14604616e+002 1.54110803e+000 5.94536034e-002 2.62035162e-003 0.00000000e+000 0.00000000e+000 0.00000000e+000 0.00000000e+000 0.00000000e+000 0.00000000e+000 0.00000000e+000 0.00000000e+000 0.00000000e+000 0.00000000e+000 0.00000000e+000 0.00000000e+000 0.00000000e+000 0.00000000e+000
61431.78444324 11184.269828 16928.810403 9916.249535 4.47244750e+007 2.07801944e+007 7.01703026e+006 1.94804813e+006 6.72016748e+005 8.99139760e+004 7.86786262e+003 6.23720154e+001 6.32962813e-001 9.35792834e-003 3.23377777e-004 0.00000000e+000 0.00000000e+000 0.00000000e+000 0.00000000e+000 0.00000000e+000 0.00000000e+000 0.00000000e+000 0.00000000e+000 0.00000000e+000 0.00000000e+000 0.00000000e+000 0.00000000e+000 0.00000000e+000 0.00000000e+000
61431.78794869 10230.592453 18188.976717 10644.731894 3.67584709e+007 1.52084011e+007 4.13640732e+006 1.01198030e+006 3.25516054e+005 5.05886727e+004 4.92229101e+003 3.62088061e+001 2.78133599e-001 2.39723652e-003 0.00000000e+000 0.00000000e+000 0.00000000e+000 0.00000000e+000 0.00000000e+000 0.00000000e+000 0.00000000e+000 0.00000000e+000 0.00000000e+000 0.00000000e+000 0.00000000e+000 0.00000000e+000 0.00000000e+000 0.00000000e+000 0.00000000e+000
61431.79161829 9201.105671 19452.795081 11374.921997 2.84701973e+007 1.07460161e+007 2.40518196e+006 5.34312268e+005 1.65689389e+005 3.05866804e+004 3.04561948e+003 2.12847958e+001 1.33245965e-001 2.56785131e-004 0.00000000e+000 0.00000000e+000 0.00000000e+000 0.00000000e+000 0.00000000e+000 0.00000000e+000 0.00000000e+000 0.00000000e+000 0.00000000e+000 0.00000000e+000 0.00000000e+000 0.00000000e+000 0.00000000e+000 0.00000000e+000 0.00000000e+000
61431.79547926 8090.347888 20724.240111 12109.104030 2.12476228e+007 7.38037377e+006 1.41079815e+006 2.96300462e+005 9.27070263e+004 2.05970328e+004 1.97036339e+003 1.27408922e+001 6.35043594e-002 0.00000000e+000 0.00000000e+000 0.00000000e+000 0.00000000e+000 0.00000000e+000 0.00000000e+000 0.00000000e+000 0.00000000e+000 0.00000000e+000 0.00000000e+000 0.00000000e+000 0.00000000e+000 0.00000000e+000 0.00000000e+000 0.00000000e+000 0.00000000e+000
61431.79955911 6892.644997 22006.368342 12849.026491 1.51226303e+007 4.86875381e+006 8.15023437e+005 1.67531484e+005 5.53966245e+004 1.44732196e+004 1.28712478e+003 7.26545712e+000 2.93894707e-002 0.00000000e+000 0.00000000e+000 0.00000000e+000 0.00000000e+000 0.00000000e+000 0.00000000e+000 0.00000000e+000 0.00000000e+000 0.00000000e+000 0.00000000e+000 0.00000000e+000 0.00000000e+000 0.00000000e+000 0.00000000e+000 0.00000000e+000 0.00000000e+000
61431.80388598 5602.166113 23301.470835 13595.991353 1.01944961e+007 3.08168010e+006 4.72843840e+005 9.97516369e+004 3.63449857e+004 1.05363538e+004 8.48055789e+002 3.90385606e+000 1.45069591e-002 0.00000000e+000 0.00000000e+000 0.00000000e+000 0.00000000e+000 0.00000000e+000 0.00000000e+000 0.00000000e+000 0.00000000e+000 0.00000000e+000 0.00000000e+000 0.00000000e+000 0.00000000e+000 0.00000000e+000 0.00000000e+000 0.00000000e+000 0.00000000e+000
61431.80846444 4220.411728 24604.382544 14346.999690 6.54727497e+006 1.89283392e+006 2.76223572e+005 6.12019559e+004 2.50065561e+004 7.95417486e+003 5.63283293e+002 2.09073641e+000 6.82784243e-003 0.00000000e+000 0.00000000e+000 0.00000000e+000 0.00000000e+000 0.00000000e+000 0.00000000e+000 0.00000000e+000 0.00000000e+000 0.00000000e+000 0.00000000e+000 0.00000000e+000 0.00000000e+000 0.00000000e+000 0.00000000e+000 0.00000000e+000 0.00000000e+000
61431.81316024 2791.732774 25873.915830 15078.314535 4.36189732e+006 1.23493969e+006 1.79017915e+005 4.21086360e+004 1.89033304e+004 6.31595030e+003 3.89721342e+002 1.23535056e+000 1.79778743e-003 0.00000000e+000 0.00000000e+000 0.00000000e+000 0.00000000e+000 0.00000000e+000 0.00000000e+000 0.00000000e+000 0.00000000e+000 0.00000000e+000 0.00000000e+000 0.00000000e+000 0.00000000e+000 0.00000000e+000 0.00000000e+000 0.00000000e+000 0.00000000e+000
61431.81793764 1331.256721 27101.473609 15785.013798 2.98772910e+006 8.38316246e+005 1.24450032e+005 3.12446011e+004 1.49475256e+004 5.05761096e+003 2.65360463e+002 7.19847472e-001 2.90445475e-004 0.00000000e+000 0.00000000e+000 0.00000000e+000 0.00000000e+000 0.00000000e+000 0.00000000e+000 0.00000000e+000 0.00000000e+000 0.00000000e+000 0.00000000e+000 0.00000000e+000 0.00000000e+000 0.00000000e+000 0.00000000e+000 0.00000000e+000 0.00000000e+000
61431.82271715 -132.863050 28270.003054 16457.323768 2.08096751e+006 5.86485510e+005 9.06050667e+004 2.39364268e+004 1.17386347e+004 3.93270922e+003 1.68748784e+002 3.81105692e-001 0.00000000e+000 0.00000000e+000 0.00000000e+000 0.00000000e+000 0.00000000e+000 0.00000000e+000 0.00000000e+000 0.00000000e+000 0.00000000e+000 0.00000000e+000 0.00000000e+000 0.00000000e+000 0.00000000e+000 0.00000000e+000 0.00000000e+000 0.00000000e+000 0.00000000e+000
61431.82632672 -1238.604464 29115.853042 16943.728155 1.68822629e+006 4.83463102e+005 7.58843420e+004 1.99698731e+004 9.50492468e+003 3.11008646e+003 1.11498066e+002 2.14819103e-001 0.00000000e+000 0.00000000e+000 0.00000000e+000 0.00000000e+000 0.00000000e+000 0.00000000e+000 0.00000000e+000 0.00000000e+000 0.00000000e+000 0.00000000e+000 0.00000000e+000 0.00000000e+000 0.00000000e+000 0.00000000e+000 0.00000000e+000 0.00000000e+000 0.00000000e+000
61431.82992903 -2340.885842 29930.610128 17412.047911 1.34797485e+006 3.92769089e+005 6.23806240e+004 1.61951991e+004 7.44813452e+003 2.38043378e+003 6.83432592e+001 1.03090739e-001 0.00000000e+000 0.00000000e+000 0.00000000e+000 0.00000000e+000 0.00000000e+000 0.00000000e+000 0.00000000e+000 0.00000000e+000 0.00000000e+000 0.00000000e+000 0.00000000e+000 0.00000000e+000 0.00000000e+000 0.00000000e+000 0.00000000e+000 0.00000000e+000 0.00000000e+000
61431.83485771 -3845.392967 31000.875833 18026.921973 9.69126943e+005 2.88068456e+005 4.55477335e+004 1.12276518e+004 4.88233246e+003 1.53403154e+003 3.37635266e+001 4.76579287e-002 0.00000000e+000 0.00000000e+000 0.00000000e+000 0.00000000e+000 0.00000000e+000 0.00000000e+000 0.00000000e+000 0.00000000e+000 0.00000000e+000 0.00000000e+000 0.00000000e+000 0.00000000e+000 0.00000000e+000 0.00000000e+000 0.00000000e+000 0.00000000e+000 0.00000000e+000
61431.84039466 -5528.481211 32146.404059 18684.634356 6.55276039e+005 1.97516601e+005 3.09461534e+004 7.22831974e+003 2.96610076e+003 9.01887539e+002 1.37302709e+001 1.81281691e-002 0.00000000e+000 0.00000000e+000 0.00000000e+000 0.00000000e+000 0.00000000e+000 0.00000000e+000 0.00000000e+000 0.00000000e+000 0.00000000e+000 0.00000000e+000 0.00000000e+000 0.00000000e+000 0.00000000e+000 0.00000000e+000 0.00000000e+000 0.00000000e+000 0.00000000e+000
61431.84656392 -7392.570845 33357.878280 19379.747426 3.93243025e+005 1.19663244e+005 1.82817744e+004 3.95973659e+003 1.54506101e+003 4.17298336e+002 3.21563150e+000 4.16723534e-003 0.00000000e+000 0.00000000e+000 0.00000000e+000 0.00000000e+000 0.00000000e+000 0.00000000e+000 0.00000000e+000 0.00000000e+000 0.00000000e+000 0.00000000e+000 0.00000000e+000 0.00000000e+000 0.00000000e+000 0.00000000e+000 0.00000000e+000 0.00000000e+000 0.00000000e+000
61431.85334700 -9426.187745 34618.093839 20102.307241 2.19817942e+005 6.71557088e+004 9.95352042e+003 1.97499347e+003 8.65831362e+002 1.50002697e+002 9.74564878e-001 9.42565297e-004 0.00000000e+000 0.00000000e+000 0.00000000e+000 0.00000000e+000 0.00000000e+000 0.00000000e+000 0.00000000e+000 0.00000000e+000 0.00000000e+000 0.00000000e+000 0.00000000e+000 0.00000000e+000 0.00000000e+000 0.00000000e+000 0.00000000e+000 0.00000000e+000 0.00000000e+000
61431.86075890 -11627.132498 35917.376250 20846.693215 1.09365645e+005 3.29185431e+004 4.57778644e+003 9.40825242e+002 4.17367535e+002 3.83086945e+001 2.15030222e-001 6.56288213e-005 0.00000000e+000 0.00000000e+000 0.00000000e+000 0.00000000e+000 0.00000000e+000 0.00000000e+000 0.00000000e+000 0.00000000e+000 0.00000000e+000 0.00000000e+000 0.00000000e+000 0.00000000e+000 0.00000000e+000 0.00000000e+000 0.00000000e+000 0.00000000e+000 0.00000000e+000
61431.86882834 -13996.419265 37248.833897 21608.887382 4.36406006e+004 1.25914891e+004 1.62354492e+003 3.98822219e+002 1.38963976e+002 5.03763093e+000 2.65287435e-002 0.00000000e+000 0.00000000e+000 0.00000000e+000 0.00000000e+000 0.00000000e+000 0.00000000e+000 0.00000000e+000 0.00000000e+000 0.00000000e+000 0.00000000e+000 0.00000000e+000 0.00000000e+000 0.00000000e+000 0.00000000e+000 0.00000000e+000 0.00000000e+000 0.00000000e+000 0.00000000e+000
61431.87759450 -16537.208130 38607.293226 22385.860293 1.44092003e+004 3.95207005e+003 5.84775546e+002 1.40203021e+002 2.61303231e+001 7.71673211e-001 3.51105858e-003 0.00000000e+000 0.00000000e+000 0.00000000e+000 0.00000000e+000 0.00000000e+000 0.00000000e+000 0.00000000e+000 0.00000000e+000 0.00000000e+000 0.00000000e+000 0.00000000e+000 0.00000000e+000 0.00000000e+000 0.00000000e+000 0.00000000e+000 0.00000000e+000 0.00000000e+000 0.00000000e+000
61431.88710493 -19254.100778 39988.619182 23175.179202 4.92084348e+003 1.30718869e+003 2.45992299e+002 3.44156167e+001 5.26372114e+000 1.25666926e-001 2.97469232e-004 0.00000000e+000 0.00000000e+000 0.00000000e+000 0.00000000e+000 0.00000000e+000 0.00000000e+000 0.00000000e+000 0.00000000e+000 0.00000000e+000 0.00000000e+000 0.00000000e+000 0.00000000e+000 0.00000000e+000 0.00000000e+000 0.00000000e+000 0.00000000e+000 0.00000000e+000 0.00000000e+000
61431.89741499 -22152.855767 41389.368105 23974.807532 1.92482484e+003 5.36564192e+002 1.06523962e+002 9.95546766e+000 1.11693806e+000 2.33489683e-002 4.17198161e-005 0.00000000e+000 0.00000000e+000 0.00000000e+000 0.00000000e+000 0.00000000e+000 0.00000000e+000 0.00000000e+000 0.00000000e+000 0.00000000e+000 0.00000000e+000 0.00000000e+000 0.00000000e+000 0.00000000e+000 0.00000000e+000 0.00000000e+000 0.00000000e+000 0.00000000e+000 0.00000000e+000
61431.90858727 -25240.101887 42806.500961 24782.939467 9.51515627e+002 2.91384326e+002 4.99317638e+001 3.62368931e+000 3.01124831e-001 6.88257013e-003 4.69038993e-006 0.00000000e+000 0.00000000e+000 0.00000000e+000 0.00000000e+000 0.00000000e+000 0.00000000e+000 0.00000000e+000 0.00000000e+000 0.00000000e+000 0.00000000e+000 0.00000000e+000 0.00000000e+000 0.00000000e+000 0.00000000e+000 0.00000000e+000 0.00000000e+000 0.00000000e+000 0.00000000e+000
61431.92069223 -28523.376135 44237.289298 25597.944972 6.26877395e+002 2.04373311e+002 3.03707383e+001 1.65262951e+000 1.04577119e-001 3.34122025e-003 0.00000000e+000 0.00000000e+000 0.00000000e+000 0.00000000e+000 0.00000000e+000 0.00000000e+000 0.00000000e+000 0.00000000e+000 0.00000000e+000 0.00000000e+000 0.00000000e+000 0.00000000e+000 0.00000000e+000 0.00000000e+000 0.00000000e+000 0.00000000e+000 0.00000000e+000 0.00000000e+000 0.00000000e+000
61431.93375916 -31998.050590 45673.947095 26415.316116 0.00000000e+000 0.00000000e+000 0.00000000e+000 0.00000000e+000 0.00000000e+000 0.00000000e+000 0.00000000e+000 0.00000000e+000 0.00000000e+000 0.00000000e+000 0.00000000e+000 0.00000000e+000 0.00000000e+000 0.00000000e+000 0.00000000e+000 0.00000000e+000 0.00000000e+000 0.00000000e+000 0.00000000e+000 0.00000000e+000 0.00000000e+000 0.00000000e+000 0.00000000e+000 0.00000000e+000 0.00000000e+000
61431.94777851 -35649.153125 47105.604015 27228.805938 0.00000000e+000 0.00000000e+000 0.00000000e+000 0.00000000e+000 0.00000000e+000 0.00000000e+000 0.00000000e+000 0.00000000e+000 0.00000000e+000 0.00000000e+000 0.00000000e+000 0.00000000e+000 0.00000000e+000 0.00000000e+000 0.00000000e+000 0.00000000e+000 0.00000000e+000 0.00000000e+000 0.00000000e+000 0.00000000e+000 0.00000000e+000 0.00000000e+000 0.00000000e+000 0.00000000e+000 0.00000000e+000
61431.96280698 -39479.047376 48529.251897 28036.649694 0.00000000e+000 0.00000000e+000 0.00000000e+000 0.00000000e+000 0.00000000e+000 0.00000000e+000 0.00000000e+000 0.00000000e+000 0.00000000e+000 0.00000000e+000 0.00000000e+000 0.00000000e+000 0.00000000e+000 0.00000000e+000 0.00000000e+000 0.00000000e+000 0.00000000e+000 0.00000000e+000 0.00000000e+000 0.00000000e+000 0.00000000e+000 0.00000000e+000 0.00000000e+000 0.00000000e+000 0.00000000e+000
61431.97930722 -43589.336317 49975.958785 28856.377319 0.00000000e+000 0.00000000e+000 0.00000000e+000 0.00000000e+000 0.00000000e+000 0.00000000e+000 0.00000000e+000 0.00000000e+000 0.00000000e+000 0.00000000e+000 0.00000000e+000 0.00000000e+000 0.00000000e+000 0.00000000e+000 0.00000000e+000 0.00000000e+000 0.00000000e+000 0.00000000e+000 0.00000000e+000 0.00000000e+000 0.00000000e+000 0.00000000e+000 0.00000000e+000 0.00000000e+000 0.00000000e+000
61431.99665116 -47809.241884 51381.254588 29651.390293 0.00000000e+000 0.00000000e+000 0.00000000e+000 0.00000000e+000 0.00000000e+000 0.00000000e+000 0.00000000e+000 0.00000000e+000 0.00000000e+000 0.00000000e+000 0.00000000e+000 0.00000000e+000 0.00000000e+000 0.00000000e+000 0.00000000e+000 0.00000000e+000 0.00000000e+000 0.00000000e+000 0.00000000e+000 0.00000000e+000 0.00000000e+000 0.00000000e+000 0.00000000e+000 0.00000000e+000 0.00000000e+000
61432.01465213 -52086.743112 52729.762074 30413.020764 0.00000000e+000 0.00000000e+000 0.00000000e+000 0.00000000e+000 0.00000000e+000 0.00000000e+000 0.00000000e+000 0.00000000e+000 0.00000000e+000 0.00000000e+000 0.00000000e+000 0.00000000e+000 0.00000000e+000 0.00000000e+000 0.00000000e+000 0.00000000e+000 0.00000000e+000 0.00000000e+000 0.00000000e+000 0.00000000e+000 0.00000000e+000 0.00000000e+000 0.00000000e+000 0.00000000e+000 0.00000000e+000
61432.03472073 -56740.675597 54116.892162 31195.066308 0.00000000e+000 0.00000000e+000 0.00000000e+000 0.00000000e+000 0.00000000e+000 0.00000000e+000 0.00000000e+000 0.00000000e+000 0.00000000e+000 0.00000000e+000 0.00000000e+000 0.00000000e+000 0.00000000e+000 0.00000000e+000 0.00000000e+000 0.00000000e+000 0.00000000e+000 0.00000000e+000 0.00000000e+000 0.00000000e+000 0.00000000e+000 0.00000000e+000 0.00000000e+000 0.00000000e+000 0.00000000e+000
61432.05633005 -61625.563605 55489.968184 31967.655132 0.00000000e+000 0.00000000e+000 0.00000000e+000 0.00000000e+000 0.00000000e+000 0.00000000e+000 0.00000000e+000 0.00000000e+000 0.00000000e+000 0.00000000e+000 0.00000000e+000 0.00000000e+000 0.00000000e+000 0.00000000e+000 0.00000000e+000 0.00000000e+000 0.00000000e+000 0.00000000e+000 0.00000000e+000 0.00000000e+000 0.00000000e+000 0.00000000e+000 0.00000000e+000 0.00000000e+000 0.00000000e+000
61432.07963422 -66757.082471 56847.771818 32729.989889 0.00000000e+000 0.00000000e+000 0.00000000e+000 0.00000000e+000 0.00000000e+000 0.00000000e+000 0.00000000e+000 0.00000000e+000 0.00000000e+000 0.00000000e+000 0.00000000e+000 0.00000000e+000 0.00000000e+000 0.00000000e+000 0.00000000e+000 0.00000000e+000 0.00000000e+000 0.00000000e+000 0.00000000e+000 0.00000000e+000 0.00000000e+000 0.00000000e+000 0.00000000e+000 0.00000000e+000 0.00000000e+000
61432.10478522 -72147.845591 58187.578313 33480.412442 0.00000000e+000 0.00000000e+000 0.00000000e+000 0.00000000e+000 0.00000000e+000 0.00000000e+000 0.00000000e+000 0.00000000e+000 0.00000000e+000 0.00000000e+000 0.00000000e+000 0.00000000e+000 0.00000000e+000 0.00000000e+000 0.00000000e+000 0.00000000e+000 0.00000000e+000 0.00000000e+000 0.00000000e+000 0.00000000e+000 0.00000000e+000 0.00000000e+000 0.00000000e+000 0.00000000e+000 0.00000000e+000
61432.13194944 -77810.993677 59506.223191 34217.005057 0.00000000e+000 0.00000000e+000 0.00000000e+000 0.00000000e+000 0.00000000e+000 0.00000000e+000 0.00000000e+000 0.00000000e+000 0.00000000e+000 0.00000000e+000 0.00000000e+000 0.00000000e+000 0.00000000e+000 0.00000000e+000 0.00000000e+000 0.00000000e+000 0.00000000e+000 0.00000000e+000 0.00000000e+000 0.00000000e+000 0.00000000e+000 0.00000000e+000 0.00000000e+000 0.00000000e+000 0.00000000e+000
61432.16130868 -83760.070500 60800.037840 34937.553417 0.00000000e+000 0.00000000e+000 0.00000000e+000 0.00000000e+000 0.00000000e+000 0.00000000e+000 0.00000000e+000 0.00000000e+000 0.00000000e+000 0.00000000e+000 0.00000000e+000 0.00000000e+000 0.00000000e+000 0.00000000e+000 0.00000000e+000 0.00000000e+000 0.00000000e+000 0.00000000e+000 0.00000000e+000 0.00000000e+000 0.00000000e+000 0.00000000e+000 0.00000000e+000 0.00000000e+000 0.00000000e+000
61432.19300115 -89997.273482 62062.524603 35638.257499 0.00000000e+000 0.00000000e+000 0.00000000e+000 0.00000000e+000 0.00000000e+000 0.00000000e+000 0.00000000e+000 0.00000000e+000 0.00000000e+000 0.00000000e+000 0.00000000e+000 0.00000000e+000 0.00000000e+000 0.00000000e+000 0.00000000e+000 0.00000000e+000 0.00000000e+000 0.00000000e+000 0.00000000e+000 0.00000000e+000 0.00000000e+000 0.00000000e+000 0.00000000e+000 0.00000000e+000 0.00000000e+000
61432.22719831 -96529.306140 63288.039505 36315.788329 0.00000000e+000 0.00000000e+000 0.00000000e+000 0.00000000e+000 0.00000000e+000 0.00000000e+000 0.00000000e+000 0.00000000e+000 0.00000000e+000 0.00000000e+000 0.00000000e+000 0.00000000e+000 0.00000000e+000 0.00000000e+000 0.00000000e+000 0.00000000e+000 0.00000000e+000 0.00000000e+000 0.00000000e+000 0.00000000e+000 0.00000000e+000 0.00000000e+000 0.00000000e+000 0.00000000e+000 0.00000000e+000
61432.26410505 -103366.579889 64471.292614 36967.001135 0.00000000e+000 0.00000000e+000 0.00000000e+000 0.00000000e+000 0.00000000e+000 0.00000000e+000 0.00000000e+000 0.00000000e+000 0.00000000e+000 0.00000000e+000 0.00000000e+000 0.00000000e+000 0.00000000e+000 0.00000000e+000 0.00000000e+000 0.00000000e+000 0.00000000e+000 0.00000000e+000 0.00000000e+000 0.00000000e+000 0.00000000e+000 0.00000000e+000 0.00000000e+000 0.00000000e+000 0.00000000e+000
61432.30394166 -110519.228760 65606.445439 37588.431415 0.00000000e+000 0.00000000e+000 0.00000000e+000 0.00000000e+000 0.00000000e+000 0.00000000e+000 0.00000000e+000 0.00000000e+000 0.00000000e+000 0.00000000e+000 0.00000000e+000 0.00000000e+000 0.00000000e+000 0.00000000e+000 0.00000000e+000 0.00000000e+000 0.00000000e+000 0.00000000e+000 0.00000000e+000 0.00000000e+000 0.00000000e+000 0.00000000e+000 0.00000000e+000 0.00000000e+000 0.00000000e+000
61432.34694535 -117997.086135 66687.094690 38176.285196 0.00000000e+000 0.00000000e+000 0.00000000e+000 0.00000000e+000 0.00000000e+000 0.00000000e+000 0.00000000e+000 0.00000000e+000 0.00000000e+000 0.00000000e+000 0.00000000e+000 0.00000000e+000 0.00000000e+000 0.00000000e+000 0.00000000e+000 0.00000000e+000 0.00000000e+000 0.00000000e+000 0.00000000e+000 0.00000000e+000 0.00000000e+000 0.00000000e+000 0.00000000e+000 0.00000000e+000 0.00000000e+000
61432.39337235 -125809.727738 67706.257717 38726.429816 0.00000000e+000 0.00000000e+000 0.00000000e+000 0.00000000e+000 0.00000000e+000 0.00000000e+000 0.00000000e+000 0.00000000e+000 0.00000000e+000 0.00000000e+000 0.00000000e+000 0.00000000e+000 0.00000000e+000 0.00000000e+000 0.00000000e+000 0.00000000e+000 0.00000000e+000 0.00000000e+000 0.00000000e+000 0.00000000e+000 0.00000000e+000 0.00000000e+000 0.00000000e+000 0.00000000e+000 0.00000000e+000
61432.44349859 -133966.229619 68656.313670 39234.360407 0.00000000e+000 0.00000000e+000 0.00000000e+000 0.00000000e+000 0.00000000e+000 0.00000000e+000 0.00000000e+000 0.00000000e+000 0.00000000e+000 0.00000000e+000 0.00000000e+000 0.00000000e+000 0.00000000e+000 0.00000000e+000 0.00000000e+000 0.00000000e+000 0.00000000e+000 0.00000000e+000 0.00000000e+000 0.00000000e+000 0.00000000e+000 0.00000000e+000 0.00000000e+000 0.00000000e+000 0.00000000e+000
61432.49762079 -142474.981212 69528.959464 39695.174609 0.00000000e+000 0.00000000e+000 0.00000000e+000 0.00000000e+000 0.00000000e+000 0.00000000e+000 0.00000000e+000 0.00000000e+000 0.00000000e+000 0.00000000e+000 0.00000000e+000 0.00000000e+000 0.00000000e+000 0.00000000e+000 0.00000000e+000 0.00000000e+000 0.00000000e+000 0.00000000e+000 0.00000000e+000 0.00000000e+000 0.00000000e+000 0.00000000e+000 0.00000000e+000 0.00000000e+000 0.00000000e+000
61432.55605924 -151343.723278 70315.187334 40103.558503 0.00000000e+000 0.00000000e+000 0.00000000e+000 0.00000000e+000 0.00000000e+000 0.00000000e+000 0.00000000e+000 0.00000000e+000 0.00000000e+000 0.00000000e+000 0.00000000e+000 0.00000000e+000 0.00000000e+000 0.00000000e+000 0.00000000e+000 0.00000000e+000 0.00000000e+000 0.00000000e+000 0.00000000e+000 0.00000000e+000 0.00000000e+000 0.00000000e+000 0.00000000e+000 0.00000000e+000 0.00000000e+000
61432.61915747 -160579.063661 71005.209701 40453.744661 0.00000000e+000 0.00000000e+000 0.00000000e+000 0.00000000e+000 0.00000000e+000 0.00000000e+000 0.00000000e+000 0.00000000e+000 0.00000000e+000 0.00000000e+000 0.00000000e+000 0.00000000e+000 0.00000000e+000 0.00000000e+000 0.00000000e+000 0.00000000e+000 0.00000000e+000 0.00000000e+000 0.00000000e+000 0.00000000e+000 0.00000000e+000 0.00000000e+000 0.00000000e+000 0.00000000e+000 0.00000000e+000
61432.68728510 -170186.454775 71588.433290 40739.496249 0.00000000e+000 0.00000000e+000 0.00000000e+000 0.00000000e+000 0.00000000e+000 0.00000000e+000 0.00000000e+000 0.00000000e+000 0.00000000e+000 0.00000000e+000 0.00000000e+000 0.00000000e+000 0.00000000e+000 0.00000000e+000 0.00000000e+000 0.00000000e+000 0.00000000e+000 0.00000000e+000 0.00000000e+000 0.00000000e+000 0.00000000e+000 0.00000000e+000 0.00000000e+000 0.00000000e+000 0.00000000e+000
61432.76083995 -180169.983554 72053.409474 40954.078265 0.00000000e+000 0.00000000e+000 0.00000000e+000 0.00000000e+000 0.00000000e+000 0.00000000e+000 0.00000000e+000 0.00000000e+000 0.00000000e+000 0.00000000e+000 0.00000000e+000 0.00000000e+000 0.00000000e+000 0.00000000e+000 0.00000000e+000 0.00000000e+000 0.00000000e+000 0.00000000e+000 0.00000000e+000 0.00000000e+000 0.00000000e+000 0.00000000e+000 0.00000000e+000 0.00000000e+000 0.00000000e+000
61432.84024801 -190531.840684 72387.773561 41090.224148 0.00000000e+000 0.00000000e+000 0.00000000e+000 0.00000000e+000 0.00000000e+000 0.00000000e+000 0.00000000e+000 0.00000000e+000 0.00000000e+000 0.00000000e+000 0.00000000e+000 0.00000000e+000 0.00000000e+000 0.00000000e+000 0.00000000e+000 0.00000000e+000 0.00000000e+000 0.00000000e+000 0.00000000e+000 0.00000000e+000 0.00000000e+000 0.00000000e+000 0.00000000e+000 0.00000000e+000 0.00000000e+000
61432.92596730 -201272.261341 72578.211484 41140.115777 0.00000000e+000 0.00000000e+000 0.00000000e+000 0.00000000e+000 0.00000000e+000 0.00000000e+000 0.00000000e+000 0.00000000e+000 0.00000000e+000 0.00000000e+000 0.00000000e+000 0.00000000e+000 0.00000000e+000 0.00000000e+000 0.00000000e+000 0.00000000e+000 0.00000000e+000 0.00000000e+000 0.00000000e+000 0.00000000e+000 0.00000000e+000 0.00000000e+000 0.00000000e+000 0.00000000e+000 0.00000000e+000
61433.01848692 -212388.778606 72610.408656 41095.357133 0.00000000e+000 0.00000000e+000 0.00000000e+000 0.00000000e+000 0.00000000e+000 0.00000000e+000 0.00000000e+000 0.00000000e+000 0.00000000e+000 0.00000000e+000 0.00000000e+000 0.00000000e+000 0.00000000e+000 0.00000000e+000 0.00000000e+000 0.00000000e+000 0.00000000e+000 0.00000000e+000 0.00000000e+000 0.00000000e+000 0.00000000e+000 0.00000000e+000 0.00000000e+000 0.00000000e+000 0.00000000e+000
61433.11833072 -223876.031472 72469.025759 40946.960776 0.00000000e+000 0.00000000e+000 0.00000000e+000 0.00000000e+000 0.00000000e+000 0.00000000e+000 0.00000000e+000 0.00000000e+000 0.00000000e+000 0.00000000e+000 0.00000000e+000 0.00000000e+000 0.00000000e+000 0.00000000e+000 0.00000000e+000 0.00000000e+000 0.00000000e+000 0.00000000e+000 0.00000000e+000 0.00000000e+000 0.00000000e+000 0.00000000e+000 0.00000000e+000 0.00000000e+000 0.00000000e+000
61433.22605766 -235725.087850 72137.677700 40685.339268 0.00000000e+000 0.00000000e+000 0.00000000e+000 0.00000000e+000 0.00000000e+000 0.00000000e+000 0.00000000e+000 0.00000000e+000 0.00000000e+000 0.00000000e+000 0.00000000e+000 0.00000000e+000 0.00000000e+000 0.00000000e+000 0.00000000e+000 0.00000000e+000 0.00000000e+000 0.00000000e+000 0.00000000e+000 0.00000000e+000 0.00000000e+000 0.00000000e+000 0.00000000e+000 0.00000000e+000 0.00000000e+000
61433.34226184 -247922.707593 71598.944070 40300.315672 0.00000000e+000 0.00000000e+000 0.00000000e+000 0.00000000e+000 0.00000000e+000 0.00000000e+000 0.00000000e+000 0.00000000e+000 0.00000000e+000 0.00000000e+000 0.00000000e+000 0.00000000e+000 0.00000000e+000 0.00000000e+000 0.00000000e+000 0.00000000e+000 0.00000000e+000 0.00000000e+000 0.00000000e+000 0.00000000e+000 0.00000000e+000 0.00000000e+000 0.00000000e+000 0.00000000e+000 0.00000000e+000
61433.46757485 -260450.819903 70834.397874 39781.143763 0.00000000e+000 0.00000000e+000 0.00000000e+000 0.00000000e+000 0.00000000e+000 0.00000000e+000 0.00000000e+000 0.00000000e+000 0.00000000e+000 0.00000000e+000 0.00000000e+000 0.00000000e+000 0.00000000e+000 0.00000000e+000 0.00000000e+000 0.00000000e+000 0.00000000e+000 0.00000000e+000 0.00000000e+000 0.00000000e+000 0.00000000e+000 0.00000000e+000 0.00000000e+000 0.00000000e+000 0.00000000e+000
61433.60266853 -273285.936137 69824.648237 39116.536808 0.00000000e+000 0.00000000e+000 0.00000000e+000 0.00000000e+000 0.00000000e+000 0.00000000e+000 0.00000000e+000 0.00000000e+000 0.00000000e+000 0.00000000e+000 0.00000000e+000 0.00000000e+000 0.00000000e+000 0.00000000e+000 0.00000000e+000 0.00000000e+000 0.00000000e+000 0.00000000e+000 0.00000000e+000 0.00000000e+000 0.00000000e+000 0.00000000e+000 0.00000000e+000 0.00000000e+000 0.00000000e+000
61433.74825840 -286398.514353 68549.395667 38294.703655 0.00000000e+000 0.00000000e+000 0.00000000e+000 0.00000000e+000 0.00000000e+000 0.00000000e+000 0.00000000e+000 0.00000000e+000 0.00000000e+000 0.00000000e+000 0.00000000e+000 0.00000000e+000 0.00000000e+000 0.00000000e+000 0.00000000e+000 0.00000000e+000 0.00000000e+000 0.00000000e+000 0.00000000e+000 0.00000000e+000 0.00000000e+000 0.00000000e+000 0.00000000e+000 0.00000000e+000 0.00000000e+000
61433.90511367 -299752.729126 66987.436625 37303.352015 0.00000000e+000 0.00000000e+000 0.00000000e+000 0.00000000e+000 0.00000000e+000 0.00000000e+000 0.00000000e+000 0.00000000e+000 0.00000000e+000 0.00000000e+000 0.00000000e+000 0.00000000e+000 0.00000000e+000 0.00000000e+000 0.00000000e+000 0.00000000e+000 0.00000000e+000 0.00000000e+000 0.00000000e+000 0.00000000e+000 0.00000000e+000 0.00000000e+000 0.00000000e+000 0.00000000e+000 0.00000000e+000
