# Ae9Ap9 Model output file: MoonBEAM_trajectory_trade/Rp18408_COM_8per90prop30inc_Tran.AP9.output_mc_fluenceIntv_053.txt
# Ae9Ap9 Software Version:  1.50.001
#
# Model type:               AP9
# Particle species:         H+
# Flux type:                1PtDiff
# Flux direction:           Omnidirectional
# Energy levels (MeV):       0.1 0.2 0.4 0.6 0.8 1 2 4 6 8 10 15 20 30 50 60 80 100 150 200 300 400 700 1200 2000
#
# Accumulation mode:        Interval, length = 13997 seconds (0.162002 days)
#
# Time format:              Modified Julian Date
# Coordinate system:        GEI (Geocentric Equatorial Inertial) Cartesian in km
# Data Delimiter:           space
#
# datetime(mjd),posx(km),posy(km),posz(km),fluence,fluence,fluence,fluence,fluence,fluence,fluence,fluence,fluence,fluence,fluence,fluence,fluence,fluence,fluence,fluence,fluence,fluence,fluence,fluence,fluence,fluence,fluence,fluence,fluence(#/cm^2/MeV)
61411.87033565 0.000000 0.000000 0.000000 2.80618708e+012 1.55940956e+012 6.86394529e+011 3.58247427e+011 2.05503034e+011 5.09112747e+010 7.21056298e+009 7.99573114e+008 1.11604183e+008 2.94994162e+007 8.74021045e+006 2.67151133e+006 7.87554528e+005 2.83696640e+005 1.28520797e+005 7.85898358e+004 5.19749215e+004 2.61455164e+004 1.04260334e+004 2.55765710e+003 5.82623635e+002 2.58305453e+001 5.30635299e-001 1.80913483e-003 0.00000000e+000
61412.03233796 0.000000 0.000000 0.000000 3.56680566e+012 1.78384324e+012 7.12312411e+011 3.62948972e+011 2.06998006e+011 5.11711344e+010 7.21602781e+009 7.99591815e+008 1.11604250e+008 2.94994162e+007 8.74021045e+006 2.67151133e+006 7.87554528e+005 2.83696640e+005 1.28520797e+005 7.85898358e+004 5.19749215e+004 2.61455164e+004 1.04260334e+004 2.55765710e+003 5.82623635e+002 2.58305453e+001 5.30635299e-001 1.80913483e-003 0.00000000e+000
61412.19434028 0.000000 0.000000 0.000000 5.21347090e+012 2.62264536e+012 1.01430385e+012 4.68411654e+011 2.48853939e+011 5.94106750e+010 8.10777684e+009 8.84473027e+008 1.25448082e+008 3.38240947e+007 1.00390552e+007 3.09558491e+006 9.27818769e+005 3.33088908e+005 1.47664518e+005 8.74601684e+004 5.59512731e+004 2.73022269e+004 1.07271001e+004 2.61247500e+003 5.94873992e+002 2.61799336e+001 5.34754964e-001 1.80913483e-003 0.00000000e+000
61412.35634259 0.000000 0.000000 0.000000 5.96313007e+012 2.88625610e+012 1.05298642e+012 4.75058637e+011 2.50605542e+011 5.96875066e+010 8.11522662e+009 8.84506361e+008 1.25448267e+008 3.38240952e+007 1.00390552e+007 3.09558491e+006 9.27818769e+005 3.33088908e+005 1.47664518e+005 8.74601684e+004 5.59512731e+004 2.73022269e+004 1.07271001e+004 2.61247500e+003 5.94873992e+002 2.61799336e+001 5.34754964e-001 1.80913483e-003 0.00000000e+000
61412.51834491 0.000000 0.000000 0.000000 6.06590292e+012 2.91859122e+012 1.05726077e+012 4.75906541e+011 2.50881201e+011 5.97262409e+010 8.11585714e+009 8.84507860e+008 1.25448267e+008 3.38240952e+007 1.00390552e+007 3.09558491e+006 9.27818769e+005 3.33088908e+005 1.47664518e+005 8.74601684e+004 5.59512731e+004 2.73022269e+004 1.07271001e+004 2.61247500e+003 5.94873992e+002 2.61799336e+001 5.34754964e-001 1.80913483e-003 0.00000000e+000
61412.68034722 0.000000 0.000000 0.000000 8.64014395e+012 4.21047497e+012 1.49348505e+012 6.46991915e+011 3.31470966e+011 7.36066480e+010 9.05461533e+009 9.05617412e+008 1.27036622e+008 3.41099965e+007 1.00827964e+007 3.10443805e+006 9.29609218e+005 3.33513594e+005 1.47746602e+005 8.74839568e+004 5.59579484e+004 2.73032519e+004 1.07270972e+004 2.61246201e+003 5.94873992e+002 2.61799336e+001 5.34754964e-001 1.80913483e-003 0.00000000e+000
61412.84234954 0.000000 0.000000 0.000000 1.09034022e+013 5.46953777e+012 2.06398746e+012 9.89217813e+011 5.48242678e+011 1.36851679e+011 2.17403180e+010 2.78781690e+009 4.37843951e+008 1.23709629e+008 3.91817694e+007 1.27607109e+007 3.95123163e+006 1.37690549e+006 5.88363462e+005 3.64594880e+005 2.53997195e+005 1.39739088e+005 6.38650844e+004 1.94212005e+004 5.01879944e+003 2.76936208e+002 1.03428301e+001 1.42832536e-001 0.00000000e+000
61413.00435185 0.000000 0.000000 0.000000 1.10634181e+013 5.51692866e+012 2.06954855e+012 9.90253282e+011 5.48576640e+011 1.36904666e+011 2.17413070e+010 2.78781964e+009 4.37843956e+008 1.23709629e+008 3.91817694e+007 1.27607109e+007 3.95123163e+006 1.37690549e+006 5.88363462e+005 3.64594880e+005 2.53997195e+005 1.39739088e+005 6.38650844e+004 1.94212005e+004 5.01879944e+003 2.76936208e+002 1.03428301e+001 1.42832536e-001 0.00000000e+000
61413.16635417 0.000000 0.000000 0.000000 1.10657994e+013 5.51772164e+012 2.06967426e+012 9.90274165e+011 5.48581853e+011 1.36905042e+011 2.17413090e+010 2.78781964e+009 4.37843956e+008 1.23709629e+008 3.91817694e+007 1.27607109e+007 3.95123163e+006 1.37690549e+006 5.88363462e+005 3.64594880e+005 2.53997195e+005 1.39739088e+005 6.38650844e+004 1.94212005e+004 5.01879944e+003 2.76936208e+002 1.03428301e+001 1.42832536e-001 0.00000000e+000
61413.32835648 0.000000 0.000000 0.000000 1.11617615e+013 5.54646390e+012 2.07317219e+012 9.90941575e+011 5.48795975e+011 1.36936194e+011 2.17418327e+010 2.78782084e+009 4.37843956e+008 1.23709629e+008 3.91817694e+007 1.27607109e+007 3.95123163e+006 1.37690549e+006 5.88363462e+005 3.64594880e+005 2.53997195e+005 1.39739088e+005 6.38650844e+004 1.94212005e+004 5.01879944e+003 2.76936208e+002 1.03428301e+001 1.42832536e-001 0.00000000e+000
61413.49035880 0.000000 0.000000 0.000000 1.33521405e+013 6.66422181e+012 2.49333034e+012 1.19682560e+012 6.60936696e+011 1.65336264e+011 2.68111858e+010 3.51443810e+009 5.51914628e+008 1.57020498e+008 5.00906162e+007 1.64416568e+007 5.11172777e+006 1.78790466e+006 7.64377567e+005 4.71729376e+005 3.25781608e+005 1.78000465e+005 8.09590667e+004 2.45629092e+004 6.30719573e+003 3.44931777e+002 1.27149288e+001 1.68104130e-001 0.00000000e+000
61413.65236111 0.000000 0.000000 0.000000 1.48960693e+013 7.39499042e+012 2.73471740e+012 1.30265045e+012 7.14746908e+011 1.76114196e+011 2.78949915e+010 3.56429258e+009 5.57004831e+008 1.58385830e+008 5.03445842e+007 1.64876930e+007 5.11994329e+006 1.78961830e+006 7.64695981e+005 4.71832563e+005 3.25818025e+005 1.78008685e+005 8.09607918e+004 2.45630874e+004 6.30719573e+003 3.44931777e+002 1.27149288e+001 1.68104130e-001 0.00000000e+000
61413.81436343 0.000000 0.000000 0.000000 1.48980702e+013 7.39561939e+012 2.73480489e+012 1.30266660e+012 7.14751518e+011 1.76114628e+011 2.78949967e+010 3.56429259e+009 5.57004831e+008 1.58385830e+008 5.03445842e+007 1.64876930e+007 5.11994329e+006 1.78961830e+006 7.64695981e+005 4.71832563e+005 3.25818025e+005 1.78008685e+005 8.09607918e+004 2.45630874e+004 6.30719573e+003 3.44931777e+002 1.27149288e+001 1.68104130e-001 0.00000000e+000
61413.97636574 0.000000 0.000000 0.000000 1.48980702e+013 7.39561939e+012 2.73480489e+012 1.30266660e+012 7.14751518e+011 1.76114628e+011 2.78949967e+010 3.56429259e+009 5.57004831e+008 1.58385830e+008 5.03445842e+007 1.64876930e+007 5.11994329e+006 1.78961830e+006 7.64695981e+005 4.71832563e+005 3.25818025e+005 1.78008685e+005 8.09607918e+004 2.45630874e+004 6.30719573e+003 3.44931777e+002 1.27149288e+001 1.68104130e-001 0.00000000e+000
61414.13836806 0.000000 0.000000 0.000000 1.48980702e+013 7.39561939e+012 2.73480489e+012 1.30266660e+012 7.14751518e+011 1.76114628e+011 2.78949967e+010 3.56429259e+009 5.57004831e+008 1.58385830e+008 5.03445842e+007 1.64876930e+007 5.11994329e+006 1.78961830e+006 7.64695981e+005 4.71832563e+005 3.25818025e+005 1.78008685e+005 8.09607918e+004 2.45630874e+004 6.30719573e+003 3.44931777e+002 1.27149288e+001 1.68104130e-001 0.00000000e+000
61414.30037037 0.000000 0.000000 0.000000 1.49025742e+013 7.39707207e+012 2.73502165e+012 1.30270747e+012 7.14762959e+011 1.76115684e+011 2.78950093e+010 3.56429260e+009 5.57004831e+008 1.58385830e+008 5.03445842e+007 1.64876930e+007 5.11994329e+006 1.78961830e+006 7.64695981e+005 4.71832563e+005 3.25818025e+005 1.78008685e+005 8.09607918e+004 2.45630874e+004 6.30719573e+003 3.44931777e+002 1.27149288e+001 1.68104130e-001 0.00000000e+000
61414.46237269 0.000000 0.000000 0.000000 1.68024102e+013 8.32716392e+012 3.05728325e+012 1.44858543e+012 7.90023994e+011 1.91978672e+011 2.97274960e+010 3.67566728e+009 5.68570478e+008 1.61596257e+008 5.10116556e+007 1.66254334e+007 5.14867064e+006 1.79692111e+006 7.66202304e+005 4.72257678e+005 3.25949567e+005 1.78032114e+005 8.09657742e+004 2.45635309e+004 6.30719573e+003 3.44931777e+002 1.27149288e+001 1.68104130e-001 0.00000000e+000
61414.62437500 0.000000 0.000000 0.000000 1.82224050e+013 9.01202184e+012 3.30860433e+012 1.57821960e+012 8.64509171e+011 2.12513712e+011 3.40614756e+010 4.34806574e+009 6.76254780e+008 1.92582554e+008 6.12960911e+007 2.01166103e+007 6.25249222e+006 2.19045610e+006 9.39548984e+005 5.80195365e+005 3.99257374e+005 2.17081385e+005 9.82753370e+004 2.97133112e+004 7.59890678e+003 4.13977271e+002 1.50102367e+001 1.89989931e-001 0.00000000e+000
61414.78637731 0.000000 0.000000 0.000000 1.82283880e+013 9.01380539e+012 3.30883577e+012 1.57826353e+012 8.64522485e+011 2.12515168e+011 3.40614960e+010 4.34806578e+009 6.76254780e+008 1.92582554e+008 6.12960911e+007 2.01166103e+007 6.25249222e+006 2.19045610e+006 9.39548984e+005 5.80195365e+005 3.99257374e+005 2.17081385e+005 9.82753370e+004 2.97133112e+004 7.59890678e+003 4.13977271e+002 1.50102367e+001 1.89989931e-001 0.00000000e+000
61414.94837963 0.000000 0.000000 0.000000 1.82283880e+013 9.01380539e+012 3.30883577e+012 1.57826353e+012 8.64522485e+011 2.12515168e+011 3.40614960e+010 4.34806578e+009 6.76254780e+008 1.92582554e+008 6.12960911e+007 2.01166103e+007 6.25249222e+006 2.19045610e+006 9.39548984e+005 5.80195365e+005 3.99257374e+005 2.17081385e+005 9.82753370e+004 2.97133112e+004 7.59890678e+003 4.13977271e+002 1.50102367e+001 1.89989931e-001 0.00000000e+000
61415.11038194 0.000000 0.000000 0.000000 1.82283880e+013 9.01380539e+012 3.30883577e+012 1.57826353e+012 8.64522485e+011 2.12515168e+011 3.40614960e+010 4.34806578e+009 6.76254780e+008 1.92582554e+008 6.12960911e+007 2.01166103e+007 6.25249222e+006 2.19045610e+006 9.39548984e+005 5.80195365e+005 3.99257374e+005 2.17081385e+005 9.82753370e+004 2.97133112e+004 7.59890678e+003 4.13977271e+002 1.50102367e+001 1.89989931e-001 0.00000000e+000
61415.27238426 0.000000 0.000000 0.000000 1.82283880e+013 9.01380539e+012 3.30883577e+012 1.57826353e+012 8.64522485e+011 2.12515168e+011 3.40614960e+010 4.34806578e+009 6.76254780e+008 1.92582554e+008 6.12960911e+007 2.01166103e+007 6.25249222e+006 2.19045610e+006 9.39548984e+005 5.80195365e+005 3.99257374e+005 2.17081385e+005 9.82753370e+004 2.97133112e+004 7.59890678e+003 4.13977271e+002 1.50102367e+001 1.89989931e-001 0.00000000e+000
61415.43438657 0.000000 0.000000 0.000000 1.82283880e+013 9.01380539e+012 3.30883577e+012 1.57826353e+012 8.64522485e+011 2.12515168e+011 3.40614960e+010 4.34806578e+009 6.76254780e+008 1.92582554e+008 6.12960911e+007 2.01166103e+007 6.25249222e+006 2.19045610e+006 9.39548984e+005 5.80195365e+005 3.99257374e+005 2.17081385e+005 9.82753370e+004 2.97133112e+004 7.59890678e+003 4.13977271e+002 1.50102367e+001 1.89989931e-001 0.00000000e+000
61415.59638889 0.000000 0.000000 0.000000 1.82283880e+013 9.01380539e+012 3.30883577e+012 1.57826353e+012 8.64522485e+011 2.12515168e+011 3.40614960e+010 4.34806578e+009 6.76254780e+008 1.92582554e+008 6.12960911e+007 2.01166103e+007 6.25249222e+006 2.19045610e+006 9.39548984e+005 5.80195365e+005 3.99257374e+005 2.17081385e+005 9.82753370e+004 2.97133112e+004 7.59890678e+003 4.13977271e+002 1.50102367e+001 1.89989931e-001 0.00000000e+000
61415.75839120 0.000000 0.000000 0.000000 1.82284508e+013 9.01382613e+012 3.30883803e+012 1.57826383e+012 8.64522534e+011 2.12515170e+011 3.40614960e+010 4.34806578e+009 6.76254780e+008 1.92582554e+008 6.12960911e+007 2.01166103e+007 6.25249222e+006 2.19045610e+006 9.39548984e+005 5.80195365e+005 3.99257374e+005 2.17081385e+005 9.82753370e+004 2.97133112e+004 7.59890678e+003 4.13977271e+002 1.50102367e+001 1.89989931e-001 0.00000000e+000
61415.92039352 0.000000 0.000000 0.000000 1.86298210e+013 9.13172091e+012 3.32168780e+012 1.58013229e+012 8.64988102e+011 2.12589114e+011 3.40634979e+010 4.34807479e+009 6.76254830e+008 1.92582554e+008 6.12960911e+007 2.01166103e+007 6.25249222e+006 2.19045610e+006 9.39548984e+005 5.80195365e+005 3.99257374e+005 2.17081385e+005 9.82753370e+004 2.97133112e+004 7.59890678e+003 4.13977271e+002 1.50102367e+001 1.89989931e-001 0.00000000e+000
61416.08239583 0.000000 0.000000 0.000000 2.00638628e+013 9.81449544e+012 3.56327547e+012 1.69085083e+012 9.21055793e+011 2.26142318e+011 3.65478115e+010 4.67748126e+009 7.28386622e+008 2.08452002e+008 6.66095481e+007 2.19603008e+007 6.85421708e+006 2.42160454e+006 1.05073245e+006 6.53109510e+005 4.48205462e+005 2.41455461e+005 1.08288777e+005 3.26612055e+004 8.42553914e+003 4.68856990e+002 1.72970669e+001 2.00295118e-001 0.00000000e+000
61416.24439815 0.000000 0.000000 0.000000 2.00687734e+013 9.81590086e+012 3.56345356e+012 1.69088427e+012 9.21065748e+011 2.26143341e+011 3.65478253e+010 4.67748128e+009 7.28386622e+008 2.08452002e+008 6.66095481e+007 2.19603008e+007 6.85421708e+006 2.42160454e+006 1.05073245e+006 6.53109510e+005 4.48205462e+005 2.41455461e+005 1.08288777e+005 3.26612055e+004 8.42553914e+003 4.68856990e+002 1.72970669e+001 2.00295118e-001 0.00000000e+000
61416.40640046 0.000000 0.000000 0.000000 2.00687734e+013 9.81590086e+012 3.56345356e+012 1.69088427e+012 9.21065748e+011 2.26143341e+011 3.65478253e+010 4.67748128e+009 7.28386622e+008 2.08452002e+008 6.66095481e+007 2.19603008e+007 6.85421708e+006 2.42160454e+006 1.05073245e+006 6.53109510e+005 4.48205462e+005 2.41455461e+005 1.08288777e+005 3.26612055e+004 8.42553914e+003 4.68856990e+002 1.72970669e+001 2.00295118e-001 0.00000000e+000
61416.56840278 0.000000 0.000000 0.000000 2.00687734e+013 9.81590086e+012 3.56345356e+012 1.69088427e+012 9.21065748e+011 2.26143341e+011 3.65478253e+010 4.67748128e+009 7.28386622e+008 2.08452002e+008 6.66095481e+007 2.19603008e+007 6.85421708e+006 2.42160454e+006 1.05073245e+006 6.53109510e+005 4.48205462e+005 2.41455461e+005 1.08288777e+005 3.26612055e+004 8.42553914e+003 4.68856990e+002 1.72970669e+001 2.00295118e-001 0.00000000e+000
61416.73040509 0.000000 0.000000 0.000000 2.00687734e+013 9.81590086e+012 3.56345356e+012 1.69088427e+012 9.21065748e+011 2.26143341e+011 3.65478253e+010 4.67748128e+009 7.28386622e+008 2.08452002e+008 6.66095481e+007 2.19603008e+007 6.85421708e+006 2.42160454e+006 1.05073245e+006 6.53109510e+005 4.48205462e+005 2.41455461e+005 1.08288777e+005 3.26612055e+004 8.42553914e+003 4.68856990e+002 1.72970669e+001 2.00295118e-001 0.00000000e+000
61416.89240741 0.000000 0.000000 0.000000 2.00687734e+013 9.81590086e+012 3.56345356e+012 1.69088427e+012 9.21065748e+011 2.26143341e+011 3.65478253e+010 4.67748128e+009 7.28386622e+008 2.08452002e+008 6.66095481e+007 2.19603008e+007 6.85421708e+006 2.42160454e+006 1.05073245e+006 6.53109510e+005 4.48205462e+005 2.41455461e+005 1.08288777e+005 3.26612055e+004 8.42553914e+003 4.68856990e+002 1.72970669e+001 2.00295118e-001 0.00000000e+000
61417.05440972 0.000000 0.000000 0.000000 2.00687734e+013 9.81590086e+012 3.56345356e+012 1.69088427e+012 9.21065748e+011 2.26143341e+011 3.65478253e+010 4.67748128e+009 7.28386622e+008 2.08452002e+008 6.66095481e+007 2.19603008e+007 6.85421708e+006 2.42160454e+006 1.05073245e+006 6.53109510e+005 4.48205462e+005 2.41455461e+005 1.08288777e+005 3.26612055e+004 8.42553914e+003 4.68856990e+002 1.72970669e+001 2.00295118e-001 0.00000000e+000
61417.21641204 0.000000 0.000000 0.000000 2.00687734e+013 9.81590086e+012 3.56345356e+012 1.69088427e+012 9.21065748e+011 2.26143341e+011 3.65478253e+010 4.67748128e+009 7.28386622e+008 2.08452002e+008 6.66095481e+007 2.19603008e+007 6.85421708e+006 2.42160454e+006 1.05073245e+006 6.53109510e+005 4.48205462e+005 2.41455461e+005 1.08288777e+005 3.26612055e+004 8.42553914e+003 4.68856990e+002 1.72970669e+001 2.00295118e-001 0.00000000e+000
61417.37841435 0.000000 0.000000 0.000000 2.00687734e+013 9.81590086e+012 3.56345356e+012 1.69088427e+012 9.21065748e+011 2.26143341e+011 3.65478253e+010 4.67748128e+009 7.28386622e+008 2.08452002e+008 6.66095481e+007 2.19603008e+007 6.85421708e+006 2.42160454e+006 1.05073245e+006 6.53109510e+005 4.48205462e+005 2.41455461e+005 1.08288777e+005 3.26612055e+004 8.42553914e+003 4.68856990e+002 1.72970669e+001 2.00295118e-001 0.00000000e+000
61417.54041667 0.000000 0.000000 0.000000 2.00687734e+013 9.81590086e+012 3.56345356e+012 1.69088427e+012 9.21065748e+011 2.26143341e+011 3.65478253e+010 4.67748128e+009 7.28386622e+008 2.08452002e+008 6.66095481e+007 2.19603008e+007 6.85421708e+006 2.42160454e+006 1.05073245e+006 6.53109510e+005 4.48205462e+005 2.41455461e+005 1.08288777e+005 3.26612055e+004 8.42553914e+003 4.68856990e+002 1.72970669e+001 2.00295118e-001 0.00000000e+000
61417.70241898 0.000000 0.000000 0.000000 2.00687734e+013 9.81590086e+012 3.56345356e+012 1.69088427e+012 9.21065748e+011 2.26143341e+011 3.65478253e+010 4.67748128e+009 7.28386622e+008 2.08452002e+008 6.66095481e+007 2.19603008e+007 6.85421708e+006 2.42160454e+006 1.05073245e+006 6.53109510e+005 4.48205462e+005 2.41455461e+005 1.08288777e+005 3.26612055e+004 8.42553914e+003 4.68856990e+002 1.72970669e+001 2.00295118e-001 0.00000000e+000
61417.86442130 0.000000 0.000000 0.000000 2.00687734e+013 9.81590086e+012 3.56345356e+012 1.69088427e+012 9.21065748e+011 2.26143341e+011 3.65478253e+010 4.67748128e+009 7.28386622e+008 2.08452002e+008 6.66095481e+007 2.19603008e+007 6.85421708e+006 2.42160454e+006 1.05073245e+006 6.53109510e+005 4.48205462e+005 2.41455461e+005 1.08288777e+005 3.26612055e+004 8.42553914e+003 4.68856990e+002 1.72970669e+001 2.00295118e-001 0.00000000e+000
61418.02642361 0.000000 0.000000 0.000000 2.00687734e+013 9.81590086e+012 3.56345356e+012 1.69088427e+012 9.21065748e+011 2.26143341e+011 3.65478253e+010 4.67748128e+009 7.28386622e+008 2.08452002e+008 6.66095481e+007 2.19603008e+007 6.85421708e+006 2.42160454e+006 1.05073245e+006 6.53109510e+005 4.48205462e+005 2.41455461e+005 1.08288777e+005 3.26612055e+004 8.42553914e+003 4.68856990e+002 1.72970669e+001 2.00295118e-001 0.00000000e+000
61418.18842593 0.000000 0.000000 0.000000 2.00687733e+013 9.81590082e+012 3.56345356e+012 1.69088427e+012 9.21065748e+011 2.26143341e+011 3.65478253e+010 4.67748128e+009 7.28386622e+008 2.08452002e+008 6.66095481e+007 2.19603008e+007 6.85421708e+006 2.42160454e+006 1.05073245e+006 6.53109510e+005 4.48205462e+005 2.41455461e+005 1.08288777e+005 3.26612055e+004 8.42553914e+003 4.68856990e+002 1.72970669e+001 2.00295118e-001 0.00000000e+000
61418.35042824 0.000000 0.000000 0.000000 2.01602019e+013 9.83574322e+012 3.56518105e+012 1.69120088e+012 9.21177885e+011 2.26161450e+011 3.65481757e+010 4.67748223e+009 7.28386624e+008 2.08452002e+008 6.66095481e+007 2.19603008e+007 6.85421708e+006 2.42160454e+006 1.05073245e+006 6.53109510e+005 4.48205462e+005 2.41455461e+005 1.08288777e+005 3.26612055e+004 8.42553914e+003 4.68856990e+002 1.72970669e+001 2.00295118e-001 0.00000000e+000
61418.51243056 0.000000 0.000000 0.000000 2.21919151e+013 1.07339322e+013 3.84065170e+012 1.81511704e+012 9.86177329e+011 2.42339836e+011 3.99652578e+010 5.12980923e+009 8.00353986e+008 2.30086849e+008 7.39737278e+007 2.45337147e+007 7.69057287e+006 2.72347801e+006 1.19196359e+006 7.45390841e+005 5.12561618e+005 2.76171693e+005 1.24131332e+005 3.76472982e+004 9.77671613e+003 5.49432530e+002 2.00405860e+001 2.22180763e-001 0.00000000e+000
61418.67443287 0.000000 0.000000 0.000000 2.22206321e+013 1.07402205e+013 3.84124943e+012 1.81523458e+012 9.86219526e+011 2.42345903e+011 3.99653614e+010 5.12980947e+009 8.00353986e+008 2.30086849e+008 7.39737278e+007 2.45337147e+007 7.69057287e+006 2.72347801e+006 1.19196359e+006 7.45390841e+005 5.12561618e+005 2.76171693e+005 1.24131332e+005 3.76472982e+004 9.77671613e+003 5.49432530e+002 2.00405860e+001 2.22180763e-001 0.00000000e+000
61418.83643519 0.000000 0.000000 0.000000 2.22206321e+013 1.07402205e+013 3.84124943e+012 1.81523458e+012 9.86219526e+011 2.42345903e+011 3.99653614e+010 5.12980947e+009 8.00353986e+008 2.30086849e+008 7.39737278e+007 2.45337147e+007 7.69057287e+006 2.72347801e+006 1.19196359e+006 7.45390841e+005 5.12561618e+005 2.76171693e+005 1.24131332e+005 3.76472982e+004 9.77671613e+003 5.49432530e+002 2.00405860e+001 2.22180763e-001 0.00000000e+000
61418.99843750 0.000000 0.000000 0.000000 2.22206321e+013 1.07402205e+013 3.84124943e+012 1.81523458e+012 9.86219526e+011 2.42345903e+011 3.99653614e+010 5.12980947e+009 8.00353986e+008 2.30086849e+008 7.39737278e+007 2.45337147e+007 7.69057287e+006 2.72347801e+006 1.19196359e+006 7.45390841e+005 5.12561618e+005 2.76171693e+005 1.24131332e+005 3.76472982e+004 9.77671613e+003 5.49432530e+002 2.00405860e+001 2.22180763e-001 0.00000000e+000
61419.16043981 0.000000 0.000000 0.000000 2.22206321e+013 1.07402205e+013 3.84124943e+012 1.81523458e+012 9.86219526e+011 2.42345903e+011 3.99653614e+010 5.12980947e+009 8.00353986e+008 2.30086849e+008 7.39737278e+007 2.45337147e+007 7.69057287e+006 2.72347801e+006 1.19196359e+006 7.45390841e+005 5.12561618e+005 2.76171693e+005 1.24131332e+005 3.76472982e+004 9.77671613e+003 5.49432530e+002 2.00405860e+001 2.22180763e-001 0.00000000e+000
61419.32244213 0.000000 0.000000 0.000000 2.22206321e+013 1.07402205e+013 3.84124943e+012 1.81523458e+012 9.86219526e+011 2.42345903e+011 3.99653614e+010 5.12980947e+009 8.00353986e+008 2.30086849e+008 7.39737278e+007 2.45337147e+007 7.69057287e+006 2.72347801e+006 1.19196359e+006 7.45390841e+005 5.12561618e+005 2.76171693e+005 1.24131332e+005 3.76472982e+004 9.77671613e+003 5.49432530e+002 2.00405860e+001 2.22180763e-001 0.00000000e+000
61419.48444444 0.000000 0.000000 0.000000 2.22206321e+013 1.07402205e+013 3.84124943e+012 1.81523458e+012 9.86219526e+011 2.42345903e+011 3.99653614e+010 5.12980947e+009 8.00353986e+008 2.30086849e+008 7.39737278e+007 2.45337147e+007 7.69057287e+006 2.72347801e+006 1.19196359e+006 7.45390841e+005 5.12561618e+005 2.76171693e+005 1.24131332e+005 3.76472982e+004 9.77671613e+003 5.49432530e+002 2.00405860e+001 2.22180763e-001 0.00000000e+000
61419.64644676 0.000000 0.000000 0.000000 2.22206321e+013 1.07402205e+013 3.84124943e+012 1.81523458e+012 9.86219526e+011 2.42345903e+011 3.99653614e+010 5.12980947e+009 8.00353986e+008 2.30086849e+008 7.39737278e+007 2.45337147e+007 7.69057287e+006 2.72347801e+006 1.19196359e+006 7.45390841e+005 5.12561618e+005 2.76171693e+005 1.24131332e+005 3.76472982e+004 9.77671613e+003 5.49432530e+002 2.00405860e+001 2.22180763e-001 0.00000000e+000
61419.80844907 0.000000 0.000000 0.000000 2.22206321e+013 1.07402205e+013 3.84124943e+012 1.81523458e+012 9.86219526e+011 2.42345903e+011 3.99653614e+010 5.12980947e+009 8.00353986e+008 2.30086849e+008 7.39737278e+007 2.45337147e+007 7.69057287e+006 2.72347801e+006 1.19196359e+006 7.45390841e+005 5.12561618e+005 2.76171693e+005 1.24131332e+005 3.76472982e+004 9.77671613e+003 5.49432530e+002 2.00405860e+001 2.22180763e-001 0.00000000e+000
61419.97045139 0.000000 0.000000 0.000000 2.22206321e+013 1.07402205e+013 3.84124943e+012 1.81523458e+012 9.86219526e+011 2.42345903e+011 3.99653614e+010 5.12980947e+009 8.00353986e+008 2.30086849e+008 7.39737278e+007 2.45337147e+007 7.69057287e+006 2.72347801e+006 1.19196359e+006 7.45390841e+005 5.12561618e+005 2.76171693e+005 1.24131332e+005 3.76472982e+004 9.77671613e+003 5.49432530e+002 2.00405860e+001 2.22180763e-001 0.00000000e+000
61420.13245370 0.000000 0.000000 0.000000 2.22206321e+013 1.07402205e+013 3.84124943e+012 1.81523458e+012 9.86219526e+011 2.42345903e+011 3.99653614e+010 5.12980947e+009 8.00353986e+008 2.30086849e+008 7.39737278e+007 2.45337147e+007 7.69057287e+006 2.72347801e+006 1.19196359e+006 7.45390841e+005 5.12561618e+005 2.76171693e+005 1.24131332e+005 3.76472982e+004 9.77671613e+003 5.49432530e+002 2.00405860e+001 2.22180763e-001 0.00000000e+000
61420.29445602 0.000000 0.000000 0.000000 2.22206321e+013 1.07402205e+013 3.84124943e+012 1.81523458e+012 9.86219526e+011 2.42345903e+011 3.99653614e+010 5.12980947e+009 8.00353986e+008 2.30086849e+008 7.39737278e+007 2.45337147e+007 7.69057287e+006 2.72347801e+006 1.19196359e+006 7.45390841e+005 5.12561618e+005 2.76171693e+005 1.24131332e+005 3.76472982e+004 9.77671613e+003 5.49432530e+002 2.00405860e+001 2.22180763e-001 0.00000000e+000
61420.45645833 0.000000 0.000000 0.000000 2.22206321e+013 1.07402205e+013 3.84124943e+012 1.81523458e+012 9.86219526e+011 2.42345903e+011 3.99653614e+010 5.12980947e+009 8.00353986e+008 2.30086849e+008 7.39737278e+007 2.45337147e+007 7.69057287e+006 2.72347801e+006 1.19196359e+006 7.45390841e+005 5.12561618e+005 2.76171693e+005 1.24131332e+005 3.76472982e+004 9.77671613e+003 5.49432530e+002 2.00405860e+001 2.22180763e-001 0.00000000e+000
61420.55915852 0.000000 0.000000 0.000000 2.22206321e+013 1.07402205e+013 3.84124943e+012 1.81523458e+012 9.86219526e+011 2.42345903e+011 3.99653614e+010 5.12980947e+009 8.00353986e+008 2.30086849e+008 7.39737278e+007 2.45337147e+007 7.69057287e+006 2.72347801e+006 1.19196359e+006 7.45390841e+005 5.12561618e+005 2.76171693e+005 1.24131332e+005 3.76472982e+004 9.77671613e+003 5.49432530e+002 2.00405860e+001 2.22180763e-001 0.00000000e+000
