# Ae9Ap9 Model output file: MoonBEAM_trajectory_trade/Rp18408_COM_8per90prop30inc_Sci.AP9.output_mc_fluenceIntv_078.txt
# Ae9Ap9 Software Version:  1.50.001
#
# Model type:               AP9
# Particle species:         H+
# Flux type:                1PtDiff
# Flux direction:           Omnidirectional
# Energy levels (MeV):       0.1 0.2 0.4 0.6 0.8 1 2 4 6 8 10 15 20 30 50 60 80 100 150 200 300 400 700 1200 2000
#
# Accumulation mode:        Interval, length = 16589 seconds (0.192002 days)
#
# Time format:              Modified Julian Date
# Coordinate system:        GEI (Geocentric Equatorial Inertial) Cartesian in km
# Data Delimiter:           space
#
# datetime(mjd),posx(km),posy(km),posz(km),fluence,fluence,fluence,fluence,fluence,fluence,fluence,fluence,fluence,fluence,fluence,fluence,fluence,fluence,fluence,fluence,fluence,fluence,fluence,fluence,fluence,fluence,fluence,fluence,fluence(#/cm^2/MeV)
61429.66149804 0.000000 0.000000 0.000000 0.00000000e+000 0.00000000e+000 0.00000000e+000 0.00000000e+000 0.00000000e+000 0.00000000e+000 0.00000000e+000 0.00000000e+000 0.00000000e+000 0.00000000e+000 0.00000000e+000 0.00000000e+000 0.00000000e+000 0.00000000e+000 0.00000000e+000 0.00000000e+000 0.00000000e+000 0.00000000e+000 0.00000000e+000 0.00000000e+000 0.00000000e+000 0.00000000e+000 0.00000000e+000 0.00000000e+000 0.00000000e+000
61429.85350036 0.000000 0.000000 0.000000 0.00000000e+000 0.00000000e+000 0.00000000e+000 0.00000000e+000 0.00000000e+000 0.00000000e+000 0.00000000e+000 0.00000000e+000 0.00000000e+000 0.00000000e+000 0.00000000e+000 0.00000000e+000 0.00000000e+000 0.00000000e+000 0.00000000e+000 0.00000000e+000 0.00000000e+000 0.00000000e+000 0.00000000e+000 0.00000000e+000 0.00000000e+000 0.00000000e+000 0.00000000e+000 0.00000000e+000 0.00000000e+000
61430.04550267 0.000000 0.000000 0.000000 0.00000000e+000 0.00000000e+000 0.00000000e+000 0.00000000e+000 0.00000000e+000 0.00000000e+000 0.00000000e+000 0.00000000e+000 0.00000000e+000 0.00000000e+000 0.00000000e+000 0.00000000e+000 0.00000000e+000 0.00000000e+000 0.00000000e+000 0.00000000e+000 0.00000000e+000 0.00000000e+000 0.00000000e+000 0.00000000e+000 0.00000000e+000 0.00000000e+000 0.00000000e+000 0.00000000e+000 0.00000000e+000
61430.23750499 0.000000 0.000000 0.000000 0.00000000e+000 0.00000000e+000 0.00000000e+000 0.00000000e+000 0.00000000e+000 0.00000000e+000 0.00000000e+000 0.00000000e+000 0.00000000e+000 0.00000000e+000 0.00000000e+000 0.00000000e+000 0.00000000e+000 0.00000000e+000 0.00000000e+000 0.00000000e+000 0.00000000e+000 0.00000000e+000 0.00000000e+000 0.00000000e+000 0.00000000e+000 0.00000000e+000 0.00000000e+000 0.00000000e+000 0.00000000e+000
61430.42950730 0.000000 0.000000 0.000000 0.00000000e+000 0.00000000e+000 0.00000000e+000 0.00000000e+000 0.00000000e+000 0.00000000e+000 0.00000000e+000 0.00000000e+000 0.00000000e+000 0.00000000e+000 0.00000000e+000 0.00000000e+000 0.00000000e+000 0.00000000e+000 0.00000000e+000 0.00000000e+000 0.00000000e+000 0.00000000e+000 0.00000000e+000 0.00000000e+000 0.00000000e+000 0.00000000e+000 0.00000000e+000 0.00000000e+000 0.00000000e+000
61430.62150962 0.000000 0.000000 0.000000 0.00000000e+000 0.00000000e+000 0.00000000e+000 0.00000000e+000 0.00000000e+000 0.00000000e+000 0.00000000e+000 0.00000000e+000 0.00000000e+000 0.00000000e+000 0.00000000e+000 0.00000000e+000 0.00000000e+000 0.00000000e+000 0.00000000e+000 0.00000000e+000 0.00000000e+000 0.00000000e+000 0.00000000e+000 0.00000000e+000 0.00000000e+000 0.00000000e+000 0.00000000e+000 0.00000000e+000 0.00000000e+000
61430.81351193 0.000000 0.000000 0.000000 0.00000000e+000 0.00000000e+000 0.00000000e+000 0.00000000e+000 0.00000000e+000 0.00000000e+000 0.00000000e+000 0.00000000e+000 0.00000000e+000 0.00000000e+000 0.00000000e+000 0.00000000e+000 0.00000000e+000 0.00000000e+000 0.00000000e+000 0.00000000e+000 0.00000000e+000 0.00000000e+000 0.00000000e+000 0.00000000e+000 0.00000000e+000 0.00000000e+000 0.00000000e+000 0.00000000e+000 0.00000000e+000
61431.00551425 0.000000 0.000000 0.000000 0.00000000e+000 0.00000000e+000 0.00000000e+000 0.00000000e+000 0.00000000e+000 0.00000000e+000 0.00000000e+000 0.00000000e+000 0.00000000e+000 0.00000000e+000 0.00000000e+000 0.00000000e+000 0.00000000e+000 0.00000000e+000 0.00000000e+000 0.00000000e+000 0.00000000e+000 0.00000000e+000 0.00000000e+000 0.00000000e+000 0.00000000e+000 0.00000000e+000 0.00000000e+000 0.00000000e+000 0.00000000e+000
61431.19751656 0.000000 0.000000 0.000000 0.00000000e+000 0.00000000e+000 0.00000000e+000 0.00000000e+000 0.00000000e+000 0.00000000e+000 0.00000000e+000 0.00000000e+000 0.00000000e+000 0.00000000e+000 0.00000000e+000 0.00000000e+000 0.00000000e+000 0.00000000e+000 0.00000000e+000 0.00000000e+000 0.00000000e+000 0.00000000e+000 0.00000000e+000 0.00000000e+000 0.00000000e+000 0.00000000e+000 0.00000000e+000 0.00000000e+000 0.00000000e+000
61431.38951888 0.000000 0.000000 0.000000 0.00000000e+000 0.00000000e+000 0.00000000e+000 0.00000000e+000 0.00000000e+000 0.00000000e+000 0.00000000e+000 0.00000000e+000 0.00000000e+000 0.00000000e+000 0.00000000e+000 0.00000000e+000 0.00000000e+000 0.00000000e+000 0.00000000e+000 0.00000000e+000 0.00000000e+000 0.00000000e+000 0.00000000e+000 0.00000000e+000 0.00000000e+000 0.00000000e+000 0.00000000e+000 0.00000000e+000 0.00000000e+000
61431.58152119 0.000000 0.000000 0.000000 1.50829035e+008 4.28708871e+007 4.75127122e+006 6.63542340e+005 1.51699308e+005 6.94880326e+003 7.80306858e+001 -2.02042136e-001 0.00000000e+000 0.00000000e+000 0.00000000e+000 0.00000000e+000 0.00000000e+000 0.00000000e+000 0.00000000e+000 0.00000000e+000 0.00000000e+000 0.00000000e+000 0.00000000e+000 0.00000000e+000 0.00000000e+000 0.00000000e+000 0.00000000e+000 0.00000000e+000 0.00000000e+000
61431.77352351 0.000000 0.000000 0.000000 6.03170049e+012 3.47875295e+012 1.49619775e+012 6.69469778e+011 3.36732922e+011 8.01663306e+010 4.08107098e+009 1.55432704e+008 9.36890344e+006 1.43826124e+006 1.79974346e+005 3.54012537e+004 9.66678591e+003 4.51140446e+003 2.70401386e+003 1.37902079e+003 8.05888960e+002 2.86682018e+002 1.08458958e+002 1.71669358e+001 2.14754056e+000 2.84751216e-002 0.00000000e+000 0.00000000e+000 0.00000000e+000
61431.96552582 0.000000 0.000000 0.000000 7.07966038e+012 3.93994136e+012 1.59550853e+012 6.91236800e+011 3.43302514e+011 8.08822649e+010 4.09785383e+009 1.55584872e+008 9.37230581e+006 1.43853795e+006 1.80008237e+005 3.54012842e+004 9.66678591e+003 4.51140446e+003 2.70401386e+003 1.37902079e+003 8.05888960e+002 2.86682018e+002 1.08458958e+002 1.71669358e+001 2.14754056e+000 2.84751216e-002 0.00000000e+000 0.00000000e+000 0.00000000e+000
61432.15752814 0.000000 0.000000 0.000000 7.07966038e+012 3.93994136e+012 1.59550853e+012 6.91236800e+011 3.43302514e+011 8.08822649e+010 4.09785383e+009 1.55584872e+008 9.37230581e+006 1.43853795e+006 1.80008237e+005 3.54012842e+004 9.66678591e+003 4.51140446e+003 2.70401386e+003 1.37902079e+003 8.05888960e+002 2.86682018e+002 1.08458958e+002 1.71669358e+001 2.14754056e+000 2.84751216e-002 0.00000000e+000 0.00000000e+000 0.00000000e+000
61432.34953045 0.000000 0.000000 0.000000 7.07966038e+012 3.93994136e+012 1.59550853e+012 6.91236800e+011 3.43302514e+011 8.08822649e+010 4.09785383e+009 1.55584872e+008 9.37230581e+006 1.43853795e+006 1.80008237e+005 3.54012842e+004 9.66678591e+003 4.51140446e+003 2.70401386e+003 1.37902079e+003 8.05888960e+002 2.86682018e+002 1.08458958e+002 1.71669358e+001 2.14754056e+000 2.84751216e-002 0.00000000e+000 0.00000000e+000 0.00000000e+000
61432.54153277 0.000000 0.000000 0.000000 7.07966038e+012 3.93994136e+012 1.59550853e+012 6.91236800e+011 3.43302514e+011 8.08822649e+010 4.09785383e+009 1.55584872e+008 9.37230581e+006 1.43853795e+006 1.80008237e+005 3.54012842e+004 9.66678591e+003 4.51140446e+003 2.70401386e+003 1.37902079e+003 8.05888960e+002 2.86682018e+002 1.08458958e+002 1.71669358e+001 2.14754056e+000 2.84751216e-002 0.00000000e+000 0.00000000e+000 0.00000000e+000
61432.73353508 0.000000 0.000000 0.000000 7.07966038e+012 3.93994136e+012 1.59550853e+012 6.91236800e+011 3.43302514e+011 8.08822649e+010 4.09785383e+009 1.55584872e+008 9.37230581e+006 1.43853795e+006 1.80008237e+005 3.54012842e+004 9.66678591e+003 4.51140446e+003 2.70401386e+003 1.37902079e+003 8.05888960e+002 2.86682018e+002 1.08458958e+002 1.71669358e+001 2.14754056e+000 2.84751216e-002 0.00000000e+000 0.00000000e+000 0.00000000e+000
61432.92553740 0.000000 0.000000 0.000000 7.07966038e+012 3.93994136e+012 1.59550853e+012 6.91236800e+011 3.43302514e+011 8.08822649e+010 4.09785383e+009 1.55584872e+008 9.37230581e+006 1.43853795e+006 1.80008237e+005 3.54012842e+004 9.66678591e+003 4.51140446e+003 2.70401386e+003 1.37902079e+003 8.05888960e+002 2.86682018e+002 1.08458958e+002 1.71669358e+001 2.14754056e+000 2.84751216e-002 0.00000000e+000 0.00000000e+000 0.00000000e+000
61433.11753971 0.000000 0.000000 0.000000 7.07966038e+012 3.93994136e+012 1.59550853e+012 6.91236800e+011 3.43302514e+011 8.08822649e+010 4.09785383e+009 1.55584872e+008 9.37230581e+006 1.43853795e+006 1.80008237e+005 3.54012842e+004 9.66678591e+003 4.51140446e+003 2.70401386e+003 1.37902079e+003 8.05888960e+002 2.86682018e+002 1.08458958e+002 1.71669358e+001 2.14754056e+000 2.84751216e-002 0.00000000e+000 0.00000000e+000 0.00000000e+000
61433.30954203 0.000000 0.000000 0.000000 7.07966038e+012 3.93994136e+012 1.59550853e+012 6.91236800e+011 3.43302514e+011 8.08822649e+010 4.09785383e+009 1.55584872e+008 9.37230581e+006 1.43853795e+006 1.80008237e+005 3.54012842e+004 9.66678591e+003 4.51140446e+003 2.70401386e+003 1.37902079e+003 8.05888960e+002 2.86682018e+002 1.08458958e+002 1.71669358e+001 2.14754056e+000 2.84751216e-002 0.00000000e+000 0.00000000e+000 0.00000000e+000
61433.50154434 0.000000 0.000000 0.000000 7.07966038e+012 3.93994136e+012 1.59550853e+012 6.91236800e+011 3.43302514e+011 8.08822649e+010 4.09785383e+009 1.55584872e+008 9.37230581e+006 1.43853795e+006 1.80008237e+005 3.54012842e+004 9.66678591e+003 4.51140446e+003 2.70401386e+003 1.37902079e+003 8.05888960e+002 2.86682018e+002 1.08458958e+002 1.71669358e+001 2.14754056e+000 2.84751216e-002 0.00000000e+000 0.00000000e+000 0.00000000e+000
61433.69354666 0.000000 0.000000 0.000000 7.07966038e+012 3.93994136e+012 1.59550853e+012 6.91236800e+011 3.43302514e+011 8.08822649e+010 4.09785383e+009 1.55584872e+008 9.37230581e+006 1.43853795e+006 1.80008237e+005 3.54012842e+004 9.66678591e+003 4.51140446e+003 2.70401386e+003 1.37902079e+003 8.05888960e+002 2.86682018e+002 1.08458958e+002 1.71669358e+001 2.14754056e+000 2.84751216e-002 0.00000000e+000 0.00000000e+000 0.00000000e+000
61433.88554897 0.000000 0.000000 0.000000 7.07966038e+012 3.93994136e+012 1.59550853e+012 6.91236800e+011 3.43302514e+011 8.08822649e+010 4.09785383e+009 1.55584872e+008 9.37230581e+006 1.43853795e+006 1.80008237e+005 3.54012842e+004 9.66678591e+003 4.51140446e+003 2.70401386e+003 1.37902079e+003 8.05888960e+002 2.86682018e+002 1.08458958e+002 1.71669358e+001 2.14754056e+000 2.84751216e-002 0.00000000e+000 0.00000000e+000 0.00000000e+000
61433.90511367 0.000000 0.000000 0.000000 7.07966038e+012 3.93994136e+012 1.59550853e+012 6.91236800e+011 3.43302514e+011 8.08822649e+010 4.09785383e+009 1.55584872e+008 9.37230581e+006 1.43853795e+006 1.80008237e+005 3.54012842e+004 9.66678591e+003 4.51140446e+003 2.70401386e+003 1.37902079e+003 8.05888960e+002 2.86682018e+002 1.08458958e+002 1.71669358e+001 2.14754056e+000 2.84751216e-002 0.00000000e+000 0.00000000e+000 0.00000000e+000
