# Ae9Ap9 Model output file: MoonBEAM_trajectory_trade/Rp18408_COM_8per90prop30inc_Sci.AP9.output_mc_fluenceIntv_064.txt
# Ae9Ap9 Software Version:  1.50.001
#
# Model type:               AP9
# Particle species:         H+
# Flux type:                1PtDiff
# Flux direction:           Omnidirectional
# Energy levels (MeV):       0.1 0.2 0.4 0.6 0.8 1 2 4 6 8 10 15 20 30 50 60 80 100 150 200 300 400 700 1200 2000
#
# Accumulation mode:        Interval, length = 16589 seconds (0.192002 days)
#
# Time format:              Modified Julian Date
# Coordinate system:        GEI (Geocentric Equatorial Inertial) Cartesian in km
# Data Delimiter:           space
#
# datetime(mjd),posx(km),posy(km),posz(km),fluence,fluence,fluence,fluence,fluence,fluence,fluence,fluence,fluence,fluence,fluence,fluence,fluence,fluence,fluence,fluence,fluence,fluence,fluence,fluence,fluence,fluence,fluence,fluence,fluence(#/cm^2/MeV)
61429.66149804 0.000000 0.000000 0.000000 0.00000000e+000 0.00000000e+000 0.00000000e+000 0.00000000e+000 0.00000000e+000 0.00000000e+000 0.00000000e+000 0.00000000e+000 0.00000000e+000 0.00000000e+000 0.00000000e+000 0.00000000e+000 0.00000000e+000 0.00000000e+000 0.00000000e+000 0.00000000e+000 0.00000000e+000 0.00000000e+000 0.00000000e+000 0.00000000e+000 0.00000000e+000 0.00000000e+000 0.00000000e+000 0.00000000e+000 0.00000000e+000
61429.85350036 0.000000 0.000000 0.000000 0.00000000e+000 0.00000000e+000 0.00000000e+000 0.00000000e+000 0.00000000e+000 0.00000000e+000 0.00000000e+000 0.00000000e+000 0.00000000e+000 0.00000000e+000 0.00000000e+000 0.00000000e+000 0.00000000e+000 0.00000000e+000 0.00000000e+000 0.00000000e+000 0.00000000e+000 0.00000000e+000 0.00000000e+000 0.00000000e+000 0.00000000e+000 0.00000000e+000 0.00000000e+000 0.00000000e+000 0.00000000e+000
61430.04550267 0.000000 0.000000 0.000000 0.00000000e+000 0.00000000e+000 0.00000000e+000 0.00000000e+000 0.00000000e+000 0.00000000e+000 0.00000000e+000 0.00000000e+000 0.00000000e+000 0.00000000e+000 0.00000000e+000 0.00000000e+000 0.00000000e+000 0.00000000e+000 0.00000000e+000 0.00000000e+000 0.00000000e+000 0.00000000e+000 0.00000000e+000 0.00000000e+000 0.00000000e+000 0.00000000e+000 0.00000000e+000 0.00000000e+000 0.00000000e+000
61430.23750499 0.000000 0.000000 0.000000 0.00000000e+000 0.00000000e+000 0.00000000e+000 0.00000000e+000 0.00000000e+000 0.00000000e+000 0.00000000e+000 0.00000000e+000 0.00000000e+000 0.00000000e+000 0.00000000e+000 0.00000000e+000 0.00000000e+000 0.00000000e+000 0.00000000e+000 0.00000000e+000 0.00000000e+000 0.00000000e+000 0.00000000e+000 0.00000000e+000 0.00000000e+000 0.00000000e+000 0.00000000e+000 0.00000000e+000 0.00000000e+000
61430.42950730 0.000000 0.000000 0.000000 0.00000000e+000 0.00000000e+000 0.00000000e+000 0.00000000e+000 0.00000000e+000 0.00000000e+000 0.00000000e+000 0.00000000e+000 0.00000000e+000 0.00000000e+000 0.00000000e+000 0.00000000e+000 0.00000000e+000 0.00000000e+000 0.00000000e+000 0.00000000e+000 0.00000000e+000 0.00000000e+000 0.00000000e+000 0.00000000e+000 0.00000000e+000 0.00000000e+000 0.00000000e+000 0.00000000e+000 0.00000000e+000
61430.62150962 0.000000 0.000000 0.000000 0.00000000e+000 0.00000000e+000 0.00000000e+000 0.00000000e+000 0.00000000e+000 0.00000000e+000 0.00000000e+000 0.00000000e+000 0.00000000e+000 0.00000000e+000 0.00000000e+000 0.00000000e+000 0.00000000e+000 0.00000000e+000 0.00000000e+000 0.00000000e+000 0.00000000e+000 0.00000000e+000 0.00000000e+000 0.00000000e+000 0.00000000e+000 0.00000000e+000 0.00000000e+000 0.00000000e+000 0.00000000e+000
61430.81351193 0.000000 0.000000 0.000000 0.00000000e+000 0.00000000e+000 0.00000000e+000 0.00000000e+000 0.00000000e+000 0.00000000e+000 0.00000000e+000 0.00000000e+000 0.00000000e+000 0.00000000e+000 0.00000000e+000 0.00000000e+000 0.00000000e+000 0.00000000e+000 0.00000000e+000 0.00000000e+000 0.00000000e+000 0.00000000e+000 0.00000000e+000 0.00000000e+000 0.00000000e+000 0.00000000e+000 0.00000000e+000 0.00000000e+000 0.00000000e+000
61431.00551425 0.000000 0.000000 0.000000 0.00000000e+000 0.00000000e+000 0.00000000e+000 0.00000000e+000 0.00000000e+000 0.00000000e+000 0.00000000e+000 0.00000000e+000 0.00000000e+000 0.00000000e+000 0.00000000e+000 0.00000000e+000 0.00000000e+000 0.00000000e+000 0.00000000e+000 0.00000000e+000 0.00000000e+000 0.00000000e+000 0.00000000e+000 0.00000000e+000 0.00000000e+000 0.00000000e+000 0.00000000e+000 0.00000000e+000 0.00000000e+000
61431.19751656 0.000000 0.000000 0.000000 0.00000000e+000 0.00000000e+000 0.00000000e+000 0.00000000e+000 0.00000000e+000 0.00000000e+000 0.00000000e+000 0.00000000e+000 0.00000000e+000 0.00000000e+000 0.00000000e+000 0.00000000e+000 0.00000000e+000 0.00000000e+000 0.00000000e+000 0.00000000e+000 0.00000000e+000 0.00000000e+000 0.00000000e+000 0.00000000e+000 0.00000000e+000 0.00000000e+000 0.00000000e+000 0.00000000e+000 0.00000000e+000
61431.38951888 0.000000 0.000000 0.000000 0.00000000e+000 0.00000000e+000 0.00000000e+000 0.00000000e+000 0.00000000e+000 0.00000000e+000 0.00000000e+000 0.00000000e+000 0.00000000e+000 0.00000000e+000 0.00000000e+000 0.00000000e+000 0.00000000e+000 0.00000000e+000 0.00000000e+000 0.00000000e+000 0.00000000e+000 0.00000000e+000 0.00000000e+000 0.00000000e+000 0.00000000e+000 0.00000000e+000 0.00000000e+000 0.00000000e+000 0.00000000e+000
61431.58152119 0.000000 0.000000 0.000000 1.32049638e+008 4.51682354e+007 7.85353480e+006 1.82301365e+006 5.43962497e+005 3.08317320e+004 1.06024689e+002 -1.06473734e-001 0.00000000e+000 0.00000000e+000 0.00000000e+000 0.00000000e+000 0.00000000e+000 0.00000000e+000 0.00000000e+000 0.00000000e+000 0.00000000e+000 0.00000000e+000 0.00000000e+000 0.00000000e+000 0.00000000e+000 0.00000000e+000 0.00000000e+000 0.00000000e+000 0.00000000e+000
61431.77352351 0.000000 0.000000 0.000000 7.64777406e+011 5.13400765e+011 3.85079962e+011 2.93048283e+011 1.99481733e+011 5.66656612e+010 6.42442750e+009 5.14728851e+008 6.02859120e+007 1.09915677e+007 1.50458785e+006 2.36035617e+005 4.45282328e+004 1.22144400e+004 4.21588638e+003 1.79687806e+003 8.50083587e+002 2.20490889e+002 4.59458810e+001 8.37754565e+000 1.42253319e+000 2.00635683e-002 0.00000000e+000 0.00000000e+000 0.00000000e+000
61431.96552582 0.000000 0.000000 0.000000 9.92273312e+011 6.20778201e+011 4.22786472e+011 3.05758939e+011 2.04589700e+011 5.74685639e+010 6.49869539e+009 5.16236319e+008 6.03248588e+007 1.09940172e+007 1.50478949e+006 2.36035792e+005 4.45282328e+004 1.22144400e+004 4.21588638e+003 1.79687806e+003 8.50083587e+002 2.20490889e+002 4.59458810e+001 8.37754565e+000 1.42253319e+000 2.00635683e-002 0.00000000e+000 0.00000000e+000 0.00000000e+000
61432.15752814 0.000000 0.000000 0.000000 9.92273312e+011 6.20778201e+011 4.22786472e+011 3.05758939e+011 2.04589700e+011 5.74685639e+010 6.49869539e+009 5.16236319e+008 6.03248588e+007 1.09940172e+007 1.50478949e+006 2.36035792e+005 4.45282328e+004 1.22144400e+004 4.21588638e+003 1.79687806e+003 8.50083587e+002 2.20490889e+002 4.59458810e+001 8.37754565e+000 1.42253319e+000 2.00635683e-002 0.00000000e+000 0.00000000e+000 0.00000000e+000
61432.34953045 0.000000 0.000000 0.000000 9.92273312e+011 6.20778201e+011 4.22786472e+011 3.05758939e+011 2.04589700e+011 5.74685639e+010 6.49869539e+009 5.16236319e+008 6.03248588e+007 1.09940172e+007 1.50478949e+006 2.36035792e+005 4.45282328e+004 1.22144400e+004 4.21588638e+003 1.79687806e+003 8.50083587e+002 2.20490889e+002 4.59458810e+001 8.37754565e+000 1.42253319e+000 2.00635683e-002 0.00000000e+000 0.00000000e+000 0.00000000e+000
61432.54153277 0.000000 0.000000 0.000000 9.92273312e+011 6.20778201e+011 4.22786472e+011 3.05758939e+011 2.04589700e+011 5.74685639e+010 6.49869539e+009 5.16236319e+008 6.03248588e+007 1.09940172e+007 1.50478949e+006 2.36035792e+005 4.45282328e+004 1.22144400e+004 4.21588638e+003 1.79687806e+003 8.50083587e+002 2.20490889e+002 4.59458810e+001 8.37754565e+000 1.42253319e+000 2.00635683e-002 0.00000000e+000 0.00000000e+000 0.00000000e+000
61432.73353508 0.000000 0.000000 0.000000 9.92273312e+011 6.20778201e+011 4.22786472e+011 3.05758939e+011 2.04589700e+011 5.74685639e+010 6.49869539e+009 5.16236319e+008 6.03248588e+007 1.09940172e+007 1.50478949e+006 2.36035792e+005 4.45282328e+004 1.22144400e+004 4.21588638e+003 1.79687806e+003 8.50083587e+002 2.20490889e+002 4.59458810e+001 8.37754565e+000 1.42253319e+000 2.00635683e-002 0.00000000e+000 0.00000000e+000 0.00000000e+000
61432.92553740 0.000000 0.000000 0.000000 9.92273312e+011 6.20778201e+011 4.22786472e+011 3.05758939e+011 2.04589700e+011 5.74685639e+010 6.49869539e+009 5.16236319e+008 6.03248588e+007 1.09940172e+007 1.50478949e+006 2.36035792e+005 4.45282328e+004 1.22144400e+004 4.21588638e+003 1.79687806e+003 8.50083587e+002 2.20490889e+002 4.59458810e+001 8.37754565e+000 1.42253319e+000 2.00635683e-002 0.00000000e+000 0.00000000e+000 0.00000000e+000
61433.11753971 0.000000 0.000000 0.000000 9.92273312e+011 6.20778201e+011 4.22786472e+011 3.05758939e+011 2.04589700e+011 5.74685639e+010 6.49869539e+009 5.16236319e+008 6.03248588e+007 1.09940172e+007 1.50478949e+006 2.36035792e+005 4.45282328e+004 1.22144400e+004 4.21588638e+003 1.79687806e+003 8.50083587e+002 2.20490889e+002 4.59458810e+001 8.37754565e+000 1.42253319e+000 2.00635683e-002 0.00000000e+000 0.00000000e+000 0.00000000e+000
61433.30954203 0.000000 0.000000 0.000000 9.92273312e+011 6.20778201e+011 4.22786472e+011 3.05758939e+011 2.04589700e+011 5.74685639e+010 6.49869539e+009 5.16236319e+008 6.03248588e+007 1.09940172e+007 1.50478949e+006 2.36035792e+005 4.45282328e+004 1.22144400e+004 4.21588638e+003 1.79687806e+003 8.50083587e+002 2.20490889e+002 4.59458810e+001 8.37754565e+000 1.42253319e+000 2.00635683e-002 0.00000000e+000 0.00000000e+000 0.00000000e+000
61433.50154434 0.000000 0.000000 0.000000 9.92273312e+011 6.20778201e+011 4.22786472e+011 3.05758939e+011 2.04589700e+011 5.74685639e+010 6.49869539e+009 5.16236319e+008 6.03248588e+007 1.09940172e+007 1.50478949e+006 2.36035792e+005 4.45282328e+004 1.22144400e+004 4.21588638e+003 1.79687806e+003 8.50083587e+002 2.20490889e+002 4.59458810e+001 8.37754565e+000 1.42253319e+000 2.00635683e-002 0.00000000e+000 0.00000000e+000 0.00000000e+000
61433.69354666 0.000000 0.000000 0.000000 9.92273312e+011 6.20778201e+011 4.22786472e+011 3.05758939e+011 2.04589700e+011 5.74685639e+010 6.49869539e+009 5.16236319e+008 6.03248588e+007 1.09940172e+007 1.50478949e+006 2.36035792e+005 4.45282328e+004 1.22144400e+004 4.21588638e+003 1.79687806e+003 8.50083587e+002 2.20490889e+002 4.59458810e+001 8.37754565e+000 1.42253319e+000 2.00635683e-002 0.00000000e+000 0.00000000e+000 0.00000000e+000
61433.88554897 0.000000 0.000000 0.000000 9.92273312e+011 6.20778201e+011 4.22786472e+011 3.05758939e+011 2.04589700e+011 5.74685639e+010 6.49869539e+009 5.16236319e+008 6.03248588e+007 1.09940172e+007 1.50478949e+006 2.36035792e+005 4.45282328e+004 1.22144400e+004 4.21588638e+003 1.79687806e+003 8.50083587e+002 2.20490889e+002 4.59458810e+001 8.37754565e+000 1.42253319e+000 2.00635683e-002 0.00000000e+000 0.00000000e+000 0.00000000e+000
61433.90511367 0.000000 0.000000 0.000000 9.92273312e+011 6.20778201e+011 4.22786472e+011 3.05758939e+011 2.04589700e+011 5.74685639e+010 6.49869539e+009 5.16236319e+008 6.03248588e+007 1.09940172e+007 1.50478949e+006 2.36035792e+005 4.45282328e+004 1.22144400e+004 4.21588638e+003 1.79687806e+003 8.50083587e+002 2.20490889e+002 4.59458810e+001 8.37754565e+000 1.42253319e+000 2.00635683e-002 0.00000000e+000 0.00000000e+000 0.00000000e+000
