# Ae9Ap9 Model output file: MoonBEAM_trajectory_trade/Rp18408_COM_8per90prop30inc_Sci.AE9.output_mc_fluenceIntv_096.txt
# Ae9Ap9 Software Version:  1.50.001
#
# Model type:               AE9
# Particle species:         e-
# Flux type:                1PtDiff
# Flux direction:           Omnidirectional
# Energy levels (MeV):       0.04 0.07 0.1 0.25 0.5 0.75 1 1.5 2 2.5 3 3.5 4 4.5 5 5.5 6 6.5 7 8.5 10
#
# Accumulation mode:        Interval, length = 16589 seconds (0.192002 days)
#
# Time format:              Modified Julian Date
# Coordinate system:        GEI (Geocentric Equatorial Inertial) Cartesian in km
# Data Delimiter:           space
#
# datetime(mjd),posx(km),posy(km),posz(km),fluence,fluence,fluence,fluence,fluence,fluence,fluence,fluence,fluence,fluence,fluence,fluence,fluence,fluence,fluence,fluence,fluence,fluence,fluence,fluence,fluence(#/cm^2/MeV)
61429.66149804 0.000000 0.000000 0.000000 0.00000000e+000 0.00000000e+000 0.00000000e+000 0.00000000e+000 0.00000000e+000 0.00000000e+000 0.00000000e+000 0.00000000e+000 0.00000000e+000 0.00000000e+000 0.00000000e+000 0.00000000e+000 0.00000000e+000 0.00000000e+000 0.00000000e+000 0.00000000e+000 0.00000000e+000 0.00000000e+000 0.00000000e+000 0.00000000e+000 0.00000000e+000
61429.85350036 0.000000 0.000000 0.000000 0.00000000e+000 0.00000000e+000 0.00000000e+000 0.00000000e+000 0.00000000e+000 0.00000000e+000 0.00000000e+000 0.00000000e+000 0.00000000e+000 0.00000000e+000 0.00000000e+000 0.00000000e+000 0.00000000e+000 0.00000000e+000 0.00000000e+000 0.00000000e+000 0.00000000e+000 0.00000000e+000 0.00000000e+000 0.00000000e+000 0.00000000e+000
61430.04550267 0.000000 0.000000 0.000000 0.00000000e+000 0.00000000e+000 0.00000000e+000 0.00000000e+000 0.00000000e+000 0.00000000e+000 0.00000000e+000 0.00000000e+000 0.00000000e+000 0.00000000e+000 0.00000000e+000 0.00000000e+000 0.00000000e+000 0.00000000e+000 0.00000000e+000 0.00000000e+000 0.00000000e+000 0.00000000e+000 0.00000000e+000 0.00000000e+000 0.00000000e+000
61430.23750499 0.000000 0.000000 0.000000 0.00000000e+000 0.00000000e+000 0.00000000e+000 0.00000000e+000 0.00000000e+000 0.00000000e+000 0.00000000e+000 0.00000000e+000 0.00000000e+000 0.00000000e+000 0.00000000e+000 0.00000000e+000 0.00000000e+000 0.00000000e+000 0.00000000e+000 0.00000000e+000 0.00000000e+000 0.00000000e+000 0.00000000e+000 0.00000000e+000 0.00000000e+000
61430.42950730 0.000000 0.000000 0.000000 0.00000000e+000 0.00000000e+000 0.00000000e+000 0.00000000e+000 0.00000000e+000 0.00000000e+000 0.00000000e+000 0.00000000e+000 0.00000000e+000 0.00000000e+000 0.00000000e+000 0.00000000e+000 0.00000000e+000 0.00000000e+000 0.00000000e+000 0.00000000e+000 0.00000000e+000 0.00000000e+000 0.00000000e+000 0.00000000e+000 0.00000000e+000
61430.62150962 0.000000 0.000000 0.000000 0.00000000e+000 0.00000000e+000 0.00000000e+000 0.00000000e+000 0.00000000e+000 0.00000000e+000 0.00000000e+000 0.00000000e+000 0.00000000e+000 0.00000000e+000 0.00000000e+000 0.00000000e+000 0.00000000e+000 0.00000000e+000 0.00000000e+000 0.00000000e+000 0.00000000e+000 0.00000000e+000 0.00000000e+000 0.00000000e+000 0.00000000e+000
61430.81351193 0.000000 0.000000 0.000000 0.00000000e+000 0.00000000e+000 0.00000000e+000 0.00000000e+000 0.00000000e+000 0.00000000e+000 0.00000000e+000 0.00000000e+000 0.00000000e+000 0.00000000e+000 0.00000000e+000 0.00000000e+000 0.00000000e+000 0.00000000e+000 0.00000000e+000 0.00000000e+000 0.00000000e+000 0.00000000e+000 0.00000000e+000 0.00000000e+000 0.00000000e+000
61431.00551425 0.000000 0.000000 0.000000 0.00000000e+000 0.00000000e+000 0.00000000e+000 0.00000000e+000 0.00000000e+000 0.00000000e+000 0.00000000e+000 0.00000000e+000 0.00000000e+000 0.00000000e+000 0.00000000e+000 0.00000000e+000 0.00000000e+000 0.00000000e+000 0.00000000e+000 0.00000000e+000 0.00000000e+000 0.00000000e+000 0.00000000e+000 0.00000000e+000 0.00000000e+000
61431.19751656 0.000000 0.000000 0.000000 0.00000000e+000 0.00000000e+000 0.00000000e+000 0.00000000e+000 0.00000000e+000 0.00000000e+000 0.00000000e+000 0.00000000e+000 0.00000000e+000 0.00000000e+000 0.00000000e+000 0.00000000e+000 0.00000000e+000 0.00000000e+000 0.00000000e+000 0.00000000e+000 0.00000000e+000 0.00000000e+000 0.00000000e+000 0.00000000e+000 0.00000000e+000
61431.38951888 0.000000 0.000000 0.000000 0.00000000e+000 0.00000000e+000 0.00000000e+000 0.00000000e+000 0.00000000e+000 0.00000000e+000 0.00000000e+000 0.00000000e+000 0.00000000e+000 0.00000000e+000 0.00000000e+000 0.00000000e+000 0.00000000e+000 0.00000000e+000 0.00000000e+000 0.00000000e+000 0.00000000e+000 0.00000000e+000 0.00000000e+000 0.00000000e+000 0.00000000e+000
61431.58152119 0.000000 0.000000 0.000000 9.93691027e+009 5.01503099e+009 1.09120352e+009 1.34990775e+008 7.25756596e+006 6.81960785e+005 1.08176460e+005 2.61196497e+004 1.34061191e+004 9.81854096e+003 7.67290492e+003 5.33664070e+003 3.75052537e+003 1.95972807e+003 9.86933822e+002 3.60744181e+002 4.11146317e+001 3.42150819e+001 2.54617801e+001 -6.34498900e+000 0.00000000e+000
61431.77352351 0.000000 0.000000 0.000000 1.49384077e+012 5.40698611e+011 1.44783320e+011 2.67679991e+010 4.30656068e+009 9.85077379e+008 2.64603448e+008 7.23790159e+007 2.45904211e+007 1.40359423e+007 9.29774415e+006 5.57725018e+006 3.30053788e+006 1.83390297e+006 9.79151283e+005 5.12354663e+005 2.92676384e+005 1.87338965e+005 1.06327754e+005 5.22095687e+004 3.20035334e+004
61431.96552582 0.000000 0.000000 0.000000 1.74403376e+012 7.07379102e+011 2.08651978e+011 4.31513114e+010 7.16567508e+009 1.60772415e+009 4.22772916e+008 1.14011945e+008 3.72644954e+007 2.02835459e+007 1.28203467e+007 7.64855528e+006 4.63035447e+006 2.63351607e+006 1.42626909e+006 7.48212632e+005 4.31019468e+005 2.78582870e+005 1.58627229e+005 7.95159506e+004 5.02973380e+004
61432.15752814 0.000000 0.000000 0.000000 1.74403376e+012 7.07379102e+011 2.08651978e+011 4.31513114e+010 7.16567508e+009 1.60772415e+009 4.22772916e+008 1.14011945e+008 3.72644954e+007 2.02835459e+007 1.28203467e+007 7.64855528e+006 4.63035447e+006 2.63351607e+006 1.42626909e+006 7.48212632e+005 4.31019468e+005 2.78582870e+005 1.58627229e+005 7.95159506e+004 5.02973380e+004
61432.34953045 0.000000 0.000000 0.000000 1.74403376e+012 7.07379102e+011 2.08651978e+011 4.31513114e+010 7.16567508e+009 1.60772415e+009 4.22772916e+008 1.14011945e+008 3.72644954e+007 2.02835459e+007 1.28203467e+007 7.64855528e+006 4.63035447e+006 2.63351607e+006 1.42626909e+006 7.48212632e+005 4.31019468e+005 2.78582870e+005 1.58627229e+005 7.95159506e+004 5.02973380e+004
61432.54153277 0.000000 0.000000 0.000000 1.74403376e+012 7.07379102e+011 2.08651978e+011 4.31513114e+010 7.16567508e+009 1.60772415e+009 4.22772916e+008 1.14011945e+008 3.72644954e+007 2.02835459e+007 1.28203467e+007 7.64855528e+006 4.63035447e+006 2.63351607e+006 1.42626909e+006 7.48212632e+005 4.31019468e+005 2.78582870e+005 1.58627229e+005 7.95159506e+004 5.02973380e+004
61432.73353508 0.000000 0.000000 0.000000 1.74403376e+012 7.07379102e+011 2.08651978e+011 4.31513114e+010 7.16567508e+009 1.60772415e+009 4.22772916e+008 1.14011945e+008 3.72644954e+007 2.02835459e+007 1.28203467e+007 7.64855528e+006 4.63035447e+006 2.63351607e+006 1.42626909e+006 7.48212632e+005 4.31019468e+005 2.78582870e+005 1.58627229e+005 7.95159506e+004 5.02973380e+004
61432.92553740 0.000000 0.000000 0.000000 1.74403376e+012 7.07379102e+011 2.08651978e+011 4.31513114e+010 7.16567508e+009 1.60772415e+009 4.22772916e+008 1.14011945e+008 3.72644954e+007 2.02835459e+007 1.28203467e+007 7.64855528e+006 4.63035447e+006 2.63351607e+006 1.42626909e+006 7.48212632e+005 4.31019468e+005 2.78582870e+005 1.58627229e+005 7.95159506e+004 5.02973380e+004
61433.11753971 0.000000 0.000000 0.000000 1.74403376e+012 7.07379102e+011 2.08651978e+011 4.31513114e+010 7.16567508e+009 1.60772415e+009 4.22772916e+008 1.14011945e+008 3.72644954e+007 2.02835459e+007 1.28203467e+007 7.64855528e+006 4.63035447e+006 2.63351607e+006 1.42626909e+006 7.48212632e+005 4.31019468e+005 2.78582870e+005 1.58627229e+005 7.95159506e+004 5.02973380e+004
61433.30954203 0.000000 0.000000 0.000000 1.74403376e+012 7.07379102e+011 2.08651978e+011 4.31513114e+010 7.16567508e+009 1.60772415e+009 4.22772916e+008 1.14011945e+008 3.72644954e+007 2.02835459e+007 1.28203467e+007 7.64855528e+006 4.63035447e+006 2.63351607e+006 1.42626909e+006 7.48212632e+005 4.31019468e+005 2.78582870e+005 1.58627229e+005 7.95159506e+004 5.02973380e+004
61433.50154434 0.000000 0.000000 0.000000 1.74403376e+012 7.07379102e+011 2.08651978e+011 4.31513114e+010 7.16567508e+009 1.60772415e+009 4.22772916e+008 1.14011945e+008 3.72644954e+007 2.02835459e+007 1.28203467e+007 7.64855528e+006 4.63035447e+006 2.63351607e+006 1.42626909e+006 7.48212632e+005 4.31019468e+005 2.78582870e+005 1.58627229e+005 7.95159506e+004 5.02973380e+004
61433.69354666 0.000000 0.000000 0.000000 1.74403376e+012 7.07379102e+011 2.08651978e+011 4.31513114e+010 7.16567508e+009 1.60772415e+009 4.22772916e+008 1.14011945e+008 3.72644954e+007 2.02835459e+007 1.28203467e+007 7.64855528e+006 4.63035447e+006 2.63351607e+006 1.42626909e+006 7.48212632e+005 4.31019468e+005 2.78582870e+005 1.58627229e+005 7.95159506e+004 5.02973380e+004
61433.88554897 0.000000 0.000000 0.000000 1.74403376e+012 7.07379102e+011 2.08651978e+011 4.31513114e+010 7.16567508e+009 1.60772415e+009 4.22772916e+008 1.14011945e+008 3.72644954e+007 2.02835459e+007 1.28203467e+007 7.64855528e+006 4.63035447e+006 2.63351607e+006 1.42626909e+006 7.48212632e+005 4.31019468e+005 2.78582870e+005 1.58627229e+005 7.95159506e+004 5.02973380e+004
61433.90511367 0.000000 0.000000 0.000000 1.74403376e+012 7.07379102e+011 2.08651978e+011 4.31513114e+010 7.16567508e+009 1.60772415e+009 4.22772916e+008 1.14011945e+008 3.72644954e+007 2.02835459e+007 1.28203467e+007 7.64855528e+006 4.63035447e+006 2.63351607e+006 1.42626909e+006 7.48212632e+005 4.31019468e+005 2.78582870e+005 1.58627229e+005 7.95159506e+004 5.02973380e+004
