# Ae9Ap9 Model output file: MoonBEAM_trajectory_trade/Rp18408_COM_8per90prop30inc_Sci.AE9.output_mc_fluenceIntv_088.txt
# Ae9Ap9 Software Version:  1.50.001
#
# Model type:               AE9
# Particle species:         e-
# Flux type:                1PtDiff
# Flux direction:           Omnidirectional
# Energy levels (MeV):       0.04 0.07 0.1 0.25 0.5 0.75 1 1.5 2 2.5 3 3.5 4 4.5 5 5.5 6 6.5 7 8.5 10
#
# Accumulation mode:        Interval, length = 16589 seconds (0.192002 days)
#
# Time format:              Modified Julian Date
# Coordinate system:        GEI (Geocentric Equatorial Inertial) Cartesian in km
# Data Delimiter:           space
#
# datetime(mjd),posx(km),posy(km),posz(km),fluence,fluence,fluence,fluence,fluence,fluence,fluence,fluence,fluence,fluence,fluence,fluence,fluence,fluence,fluence,fluence,fluence,fluence,fluence,fluence,fluence(#/cm^2/MeV)
61429.66149804 0.000000 0.000000 0.000000 0.00000000e+000 0.00000000e+000 0.00000000e+000 0.00000000e+000 0.00000000e+000 0.00000000e+000 0.00000000e+000 0.00000000e+000 0.00000000e+000 0.00000000e+000 0.00000000e+000 0.00000000e+000 0.00000000e+000 0.00000000e+000 0.00000000e+000 0.00000000e+000 0.00000000e+000 0.00000000e+000 0.00000000e+000 0.00000000e+000 0.00000000e+000
61429.85350036 0.000000 0.000000 0.000000 0.00000000e+000 0.00000000e+000 0.00000000e+000 0.00000000e+000 0.00000000e+000 0.00000000e+000 0.00000000e+000 0.00000000e+000 0.00000000e+000 0.00000000e+000 0.00000000e+000 0.00000000e+000 0.00000000e+000 0.00000000e+000 0.00000000e+000 0.00000000e+000 0.00000000e+000 0.00000000e+000 0.00000000e+000 0.00000000e+000 0.00000000e+000
61430.04550267 0.000000 0.000000 0.000000 0.00000000e+000 0.00000000e+000 0.00000000e+000 0.00000000e+000 0.00000000e+000 0.00000000e+000 0.00000000e+000 0.00000000e+000 0.00000000e+000 0.00000000e+000 0.00000000e+000 0.00000000e+000 0.00000000e+000 0.00000000e+000 0.00000000e+000 0.00000000e+000 0.00000000e+000 0.00000000e+000 0.00000000e+000 0.00000000e+000 0.00000000e+000
61430.23750499 0.000000 0.000000 0.000000 0.00000000e+000 0.00000000e+000 0.00000000e+000 0.00000000e+000 0.00000000e+000 0.00000000e+000 0.00000000e+000 0.00000000e+000 0.00000000e+000 0.00000000e+000 0.00000000e+000 0.00000000e+000 0.00000000e+000 0.00000000e+000 0.00000000e+000 0.00000000e+000 0.00000000e+000 0.00000000e+000 0.00000000e+000 0.00000000e+000 0.00000000e+000
61430.42950730 0.000000 0.000000 0.000000 0.00000000e+000 0.00000000e+000 0.00000000e+000 0.00000000e+000 0.00000000e+000 0.00000000e+000 0.00000000e+000 0.00000000e+000 0.00000000e+000 0.00000000e+000 0.00000000e+000 0.00000000e+000 0.00000000e+000 0.00000000e+000 0.00000000e+000 0.00000000e+000 0.00000000e+000 0.00000000e+000 0.00000000e+000 0.00000000e+000 0.00000000e+000
61430.62150962 0.000000 0.000000 0.000000 0.00000000e+000 0.00000000e+000 0.00000000e+000 0.00000000e+000 0.00000000e+000 0.00000000e+000 0.00000000e+000 0.00000000e+000 0.00000000e+000 0.00000000e+000 0.00000000e+000 0.00000000e+000 0.00000000e+000 0.00000000e+000 0.00000000e+000 0.00000000e+000 0.00000000e+000 0.00000000e+000 0.00000000e+000 0.00000000e+000 0.00000000e+000
61430.81351193 0.000000 0.000000 0.000000 0.00000000e+000 0.00000000e+000 0.00000000e+000 0.00000000e+000 0.00000000e+000 0.00000000e+000 0.00000000e+000 0.00000000e+000 0.00000000e+000 0.00000000e+000 0.00000000e+000 0.00000000e+000 0.00000000e+000 0.00000000e+000 0.00000000e+000 0.00000000e+000 0.00000000e+000 0.00000000e+000 0.00000000e+000 0.00000000e+000 0.00000000e+000
61431.00551425 0.000000 0.000000 0.000000 0.00000000e+000 0.00000000e+000 0.00000000e+000 0.00000000e+000 0.00000000e+000 0.00000000e+000 0.00000000e+000 0.00000000e+000 0.00000000e+000 0.00000000e+000 0.00000000e+000 0.00000000e+000 0.00000000e+000 0.00000000e+000 0.00000000e+000 0.00000000e+000 0.00000000e+000 0.00000000e+000 0.00000000e+000 0.00000000e+000 0.00000000e+000
61431.19751656 0.000000 0.000000 0.000000 0.00000000e+000 0.00000000e+000 0.00000000e+000 0.00000000e+000 0.00000000e+000 0.00000000e+000 0.00000000e+000 0.00000000e+000 0.00000000e+000 0.00000000e+000 0.00000000e+000 0.00000000e+000 0.00000000e+000 0.00000000e+000 0.00000000e+000 0.00000000e+000 0.00000000e+000 0.00000000e+000 0.00000000e+000 0.00000000e+000 0.00000000e+000
61431.38951888 0.000000 0.000000 0.000000 0.00000000e+000 0.00000000e+000 0.00000000e+000 0.00000000e+000 0.00000000e+000 0.00000000e+000 0.00000000e+000 0.00000000e+000 0.00000000e+000 0.00000000e+000 0.00000000e+000 0.00000000e+000 0.00000000e+000 0.00000000e+000 0.00000000e+000 0.00000000e+000 0.00000000e+000 0.00000000e+000 0.00000000e+000 0.00000000e+000 0.00000000e+000
61431.58152119 0.000000 0.000000 0.000000 1.95341027e+011 1.89182647e+011 6.59980312e+010 1.23526148e+010 8.91823390e+008 1.02365518e+008 2.37776085e+007 5.89594671e+006 1.46993943e+006 4.33749189e+005 1.80541213e+005 9.31824060e+004 5.93876341e+004 3.55264151e+004 2.15761887e+004 9.05903371e+003 9.42042000e+002 6.95962381e+002 4.67862011e+002 -9.09918438e+001 0.00000000e+000
61431.77352351 0.000000 0.000000 0.000000 7.81644130e+012 6.36033708e+012 3.05805503e+012 9.67237659e+011 1.87459337e+011 6.20683873e+010 2.58824043e+010 7.18447660e+009 1.52566794e+009 2.96084407e+008 7.65870372e+007 2.74399839e+007 1.18563933e+007 5.58593447e+006 2.80406034e+006 1.56440410e+006 9.76504232e+005 6.91400408e+005 4.23831231e+005 2.41355181e+005 1.52725103e+005
61431.96552582 0.000000 0.000000 0.000000 1.06657034e+013 8.80184095e+012 4.11845793e+012 1.41318269e+012 2.80682119e+011 9.31098131e+010 3.91006229e+010 1.07912630e+010 2.22486388e+009 4.28147869e+008 1.14436989e+008 4.18139571e+007 1.83631899e+007 8.78095728e+006 4.40150036e+006 2.40271637e+006 1.45382011e+006 1.01209033e+006 6.18072086e+005 3.53209128e+005 2.22840511e+005
61432.15752814 0.000000 0.000000 0.000000 1.06657034e+013 8.80184095e+012 4.11845793e+012 1.41318269e+012 2.80682119e+011 9.31098131e+010 3.91006229e+010 1.07912630e+010 2.22486388e+009 4.28147869e+008 1.14436989e+008 4.18139571e+007 1.83631899e+007 8.78095728e+006 4.40150036e+006 2.40271637e+006 1.45382011e+006 1.01209033e+006 6.18072086e+005 3.53209128e+005 2.22840511e+005
61432.34953045 0.000000 0.000000 0.000000 1.06657034e+013 8.80184095e+012 4.11845793e+012 1.41318269e+012 2.80682119e+011 9.31098131e+010 3.91006229e+010 1.07912630e+010 2.22486388e+009 4.28147869e+008 1.14436989e+008 4.18139571e+007 1.83631899e+007 8.78095728e+006 4.40150036e+006 2.40271637e+006 1.45382011e+006 1.01209033e+006 6.18072086e+005 3.53209128e+005 2.22840511e+005
61432.54153277 0.000000 0.000000 0.000000 1.06657034e+013 8.80184095e+012 4.11845793e+012 1.41318269e+012 2.80682119e+011 9.31098131e+010 3.91006229e+010 1.07912630e+010 2.22486388e+009 4.28147869e+008 1.14436989e+008 4.18139571e+007 1.83631899e+007 8.78095728e+006 4.40150036e+006 2.40271637e+006 1.45382011e+006 1.01209033e+006 6.18072086e+005 3.53209128e+005 2.22840511e+005
61432.73353508 0.000000 0.000000 0.000000 1.06657034e+013 8.80184095e+012 4.11845793e+012 1.41318269e+012 2.80682119e+011 9.31098131e+010 3.91006229e+010 1.07912630e+010 2.22486388e+009 4.28147869e+008 1.14436989e+008 4.18139571e+007 1.83631899e+007 8.78095728e+006 4.40150036e+006 2.40271637e+006 1.45382011e+006 1.01209033e+006 6.18072086e+005 3.53209128e+005 2.22840511e+005
61432.92553740 0.000000 0.000000 0.000000 1.06657034e+013 8.80184095e+012 4.11845793e+012 1.41318269e+012 2.80682119e+011 9.31098131e+010 3.91006229e+010 1.07912630e+010 2.22486388e+009 4.28147869e+008 1.14436989e+008 4.18139571e+007 1.83631899e+007 8.78095728e+006 4.40150036e+006 2.40271637e+006 1.45382011e+006 1.01209033e+006 6.18072086e+005 3.53209128e+005 2.22840511e+005
61433.11753971 0.000000 0.000000 0.000000 1.06657034e+013 8.80184095e+012 4.11845793e+012 1.41318269e+012 2.80682119e+011 9.31098131e+010 3.91006229e+010 1.07912630e+010 2.22486388e+009 4.28147869e+008 1.14436989e+008 4.18139571e+007 1.83631899e+007 8.78095728e+006 4.40150036e+006 2.40271637e+006 1.45382011e+006 1.01209033e+006 6.18072086e+005 3.53209128e+005 2.22840511e+005
61433.30954203 0.000000 0.000000 0.000000 1.06657034e+013 8.80184095e+012 4.11845793e+012 1.41318269e+012 2.80682119e+011 9.31098131e+010 3.91006229e+010 1.07912630e+010 2.22486388e+009 4.28147869e+008 1.14436989e+008 4.18139571e+007 1.83631899e+007 8.78095728e+006 4.40150036e+006 2.40271637e+006 1.45382011e+006 1.01209033e+006 6.18072086e+005 3.53209128e+005 2.22840511e+005
61433.50154434 0.000000 0.000000 0.000000 1.06657034e+013 8.80184095e+012 4.11845793e+012 1.41318269e+012 2.80682119e+011 9.31098131e+010 3.91006229e+010 1.07912630e+010 2.22486388e+009 4.28147869e+008 1.14436989e+008 4.18139571e+007 1.83631899e+007 8.78095728e+006 4.40150036e+006 2.40271637e+006 1.45382011e+006 1.01209033e+006 6.18072086e+005 3.53209128e+005 2.22840511e+005
61433.69354666 0.000000 0.000000 0.000000 1.06657034e+013 8.80184095e+012 4.11845793e+012 1.41318269e+012 2.80682119e+011 9.31098131e+010 3.91006229e+010 1.07912630e+010 2.22486388e+009 4.28147869e+008 1.14436989e+008 4.18139571e+007 1.83631899e+007 8.78095728e+006 4.40150036e+006 2.40271637e+006 1.45382011e+006 1.01209033e+006 6.18072086e+005 3.53209128e+005 2.22840511e+005
61433.88554897 0.000000 0.000000 0.000000 1.06657034e+013 8.80184095e+012 4.11845793e+012 1.41318269e+012 2.80682119e+011 9.31098131e+010 3.91006229e+010 1.07912630e+010 2.22486388e+009 4.28147869e+008 1.14436989e+008 4.18139571e+007 1.83631899e+007 8.78095728e+006 4.40150036e+006 2.40271637e+006 1.45382011e+006 1.01209033e+006 6.18072086e+005 3.53209128e+005 2.22840511e+005
61433.90511367 0.000000 0.000000 0.000000 1.06657034e+013 8.80184095e+012 4.11845793e+012 1.41318269e+012 2.80682119e+011 9.31098131e+010 3.91006229e+010 1.07912630e+010 2.22486388e+009 4.28147869e+008 1.14436989e+008 4.18139571e+007 1.83631899e+007 8.78095728e+006 4.40150036e+006 2.40271637e+006 1.45382011e+006 1.01209033e+006 6.18072086e+005 3.53209128e+005 2.22840511e+005
