# Ae9Ap9 Model output file: MoonBEAM_trajectory_trade/Rp18408_COM_8per90prop30inc_Sci.AE9.output_mc_flux_078.txt
# Ae9Ap9 Software Version:  1.50.001
#
# Model type:               AE9
# Particle species:         e-
# Flux type:                1PtDiff
# Flux direction:           Omnidirectional
# Energy levels (MeV):       0.04 0.07 0.1 0.25 0.5 0.75 1 1.5 2 2.5 3 3.5 4 4.5 5 5.5 6 6.5 7 8.5 10
#
# Time format:              Modified Julian Date
# Coordinate system:        GEI (Geocentric Equatorial Inertial) Cartesian in km
# Data Delimiter:           space
#
# datetime(mjd),posx(km),posy(km),posz(km),flux,flux,flux,flux,flux,flux,flux,flux,flux,flux,flux,flux,flux,flux,flux,flux,flux,flux,flux,flux,flux(#/cm^2/s/MeV)
61429.46949573 -304181.640280 -80019.908149 -48268.149155 0.00000000e+000 0.00000000e+000 0.00000000e+000 0.00000000e+000 0.00000000e+000 0.00000000e+000 0.00000000e+000 0.00000000e+000 0.00000000e+000 0.00000000e+000 0.00000000e+000 0.00000000e+000 0.00000000e+000 0.00000000e+000 0.00000000e+000 0.00000000e+000 0.00000000e+000 0.00000000e+000 0.00000000e+000 0.00000000e+000 0.00000000e+000
61429.66048586 -288432.736372 -81391.796844 -48968.293303 0.00000000e+000 0.00000000e+000 0.00000000e+000 0.00000000e+000 0.00000000e+000 0.00000000e+000 0.00000000e+000 0.00000000e+000 0.00000000e+000 0.00000000e+000 0.00000000e+000 0.00000000e+000 0.00000000e+000 0.00000000e+000 0.00000000e+000 0.00000000e+000 0.00000000e+000 0.00000000e+000 0.00000000e+000 0.00000000e+000 0.00000000e+000
61429.83554417 -273010.020262 -82357.483670 -49436.342914 0.00000000e+000 0.00000000e+000 0.00000000e+000 0.00000000e+000 0.00000000e+000 0.00000000e+000 0.00000000e+000 0.00000000e+000 0.00000000e+000 0.00000000e+000 0.00000000e+000 0.00000000e+000 0.00000000e+000 0.00000000e+000 0.00000000e+000 0.00000000e+000 0.00000000e+000 0.00000000e+000 0.00000000e+000 0.00000000e+000 0.00000000e+000
61429.99606503 -257962.515504 -82957.629171 -49695.942067 0.00000000e+000 0.00000000e+000 0.00000000e+000 0.00000000e+000 0.00000000e+000 0.00000000e+000 0.00000000e+000 0.00000000e+000 0.00000000e+000 0.00000000e+000 0.00000000e+000 0.00000000e+000 0.00000000e+000 0.00000000e+000 0.00000000e+000 0.00000000e+000 0.00000000e+000 0.00000000e+000 0.00000000e+000 0.00000000e+000 0.00000000e+000
61430.14332375 -243325.313087 -83229.370856 -49768.584099 0.00000000e+000 0.00000000e+000 0.00000000e+000 0.00000000e+000 0.00000000e+000 0.00000000e+000 0.00000000e+000 0.00000000e+000 0.00000000e+000 0.00000000e+000 0.00000000e+000 0.00000000e+000 0.00000000e+000 0.00000000e+000 0.00000000e+000 0.00000000e+000 0.00000000e+000 0.00000000e+000 0.00000000e+000 0.00000000e+000 0.00000000e+000
61430.27841426 -229129.707830 -83206.426949 -49673.748906 0.00000000e+000 0.00000000e+000 0.00000000e+000 0.00000000e+000 0.00000000e+000 0.00000000e+000 0.00000000e+000 0.00000000e+000 0.00000000e+000 0.00000000e+000 0.00000000e+000 0.00000000e+000 0.00000000e+000 0.00000000e+000 0.00000000e+000 0.00000000e+000 0.00000000e+000 0.00000000e+000 0.00000000e+000 0.00000000e+000 0.00000000e+000
61430.40228940 -215403.737884 -82919.837530 -49429.352360 0.00000000e+000 0.00000000e+000 0.00000000e+000 0.00000000e+000 0.00000000e+000 0.00000000e+000 0.00000000e+000 0.00000000e+000 0.00000000e+000 0.00000000e+000 0.00000000e+000 0.00000000e+000 0.00000000e+000 0.00000000e+000 0.00000000e+000 0.00000000e+000 0.00000000e+000 0.00000000e+000 0.00000000e+000 0.00000000e+000 0.00000000e+000
61430.51580883 -202170.399177 -82398.415302 -49052.011790 0.00000000e+000 0.00000000e+000 0.00000000e+000 0.00000000e+000 0.00000000e+000 0.00000000e+000 0.00000000e+000 0.00000000e+000 0.00000000e+000 0.00000000e+000 0.00000000e+000 0.00000000e+000 0.00000000e+000 0.00000000e+000 0.00000000e+000 0.00000000e+000 0.00000000e+000 0.00000000e+000 0.00000000e+000 0.00000000e+000 0.00000000e+000
61430.61977333 -189445.885593 -81668.859664 -48557.111969 0.00000000e+000 0.00000000e+000 0.00000000e+000 0.00000000e+000 0.00000000e+000 0.00000000e+000 0.00000000e+000 0.00000000e+000 0.00000000e+000 0.00000000e+000 0.00000000e+000 0.00000000e+000 0.00000000e+000 0.00000000e+000 0.00000000e+000 0.00000000e+000 0.00000000e+000 0.00000000e+000 0.00000000e+000 0.00000000e+000 0.00000000e+000
61430.71493913 -177239.203290 -80755.717461 -47958.784592 0.00000000e+000 0.00000000e+000 0.00000000e+000 0.00000000e+000 0.00000000e+000 0.00000000e+000 0.00000000e+000 0.00000000e+000 0.00000000e+000 0.00000000e+000 0.00000000e+000 0.00000000e+000 0.00000000e+000 0.00000000e+000 0.00000000e+000 0.00000000e+000 0.00000000e+000 0.00000000e+000 0.00000000e+000 0.00000000e+000 0.00000000e+000
61430.80201861 -165553.095089 -79681.378917 -47269.910770 0.00000000e+000 0.00000000e+000 0.00000000e+000 0.00000000e+000 0.00000000e+000 0.00000000e+000 0.00000000e+000 0.00000000e+000 0.00000000e+000 0.00000000e+000 0.00000000e+000 0.00000000e+000 0.00000000e+000 0.00000000e+000 0.00000000e+000 0.00000000e+000 0.00000000e+000 0.00000000e+000 0.00000000e+000 0.00000000e+000 0.00000000e+000
61430.88167676 -154385.502613 -78466.176697 -46502.183187 0.00000000e+000 0.00000000e+000 0.00000000e+000 0.00000000e+000 0.00000000e+000 0.00000000e+000 0.00000000e+000 0.00000000e+000 0.00000000e+000 0.00000000e+000 0.00000000e+000 0.00000000e+000 0.00000000e+000 0.00000000e+000 0.00000000e+000 0.00000000e+000 0.00000000e+000 0.00000000e+000 0.00000000e+000 0.00000000e+000 0.00000000e+000
61430.95453120 -143730.591781 -77128.516026 -45666.182304 0.00000000e+000 0.00000000e+000 0.00000000e+000 0.00000000e+000 0.00000000e+000 0.00000000e+000 0.00000000e+000 0.00000000e+000 0.00000000e+000 0.00000000e+000 0.00000000e+000 0.00000000e+000 0.00000000e+000 0.00000000e+000 0.00000000e+000 0.00000000e+000 0.00000000e+000 0.00000000e+000 0.00000000e+000 0.00000000e+000 0.00000000e+000
61431.02115235 -133579.751094 -75685.045112 -44771.475483 0.00000000e+000 0.00000000e+000 0.00000000e+000 0.00000000e+000 0.00000000e+000 0.00000000e+000 0.00000000e+000 0.00000000e+000 0.00000000e+000 0.00000000e+000 0.00000000e+000 0.00000000e+000 0.00000000e+000 0.00000000e+000 0.00000000e+000 0.00000000e+000 0.00000000e+000 0.00000000e+000 0.00000000e+000 0.00000000e+000 0.00000000e+000
61431.08206661 -123922.090855 -74150.787180 -43826.691445 0.00000000e+000 0.00000000e+000 0.00000000e+000 0.00000000e+000 0.00000000e+000 0.00000000e+000 0.00000000e+000 0.00000000e+000 0.00000000e+000 0.00000000e+000 0.00000000e+000 0.00000000e+000 0.00000000e+000 0.00000000e+000 0.00000000e+000 0.00000000e+000 0.00000000e+000 0.00000000e+000 0.00000000e+000 0.00000000e+000 0.00000000e+000
61431.13775961 -114744.842966 -72539.255136 -42839.584784 0.00000000e+000 0.00000000e+000 0.00000000e+000 0.00000000e+000 0.00000000e+000 0.00000000e+000 0.00000000e+000 0.00000000e+000 0.00000000e+000 0.00000000e+000 0.00000000e+000 0.00000000e+000 0.00000000e+000 0.00000000e+000 0.00000000e+000 0.00000000e+000 0.00000000e+000 0.00000000e+000 0.00000000e+000 0.00000000e+000 0.00000000e+000
61431.18867788 -106033.925911 -70862.596598 -41817.119832 0.00000000e+000 0.00000000e+000 0.00000000e+000 0.00000000e+000 0.00000000e+000 0.00000000e+000 0.00000000e+000 0.00000000e+000 0.00000000e+000 0.00000000e+000 0.00000000e+000 0.00000000e+000 0.00000000e+000 0.00000000e+000 0.00000000e+000 0.00000000e+000 0.00000000e+000 0.00000000e+000 0.00000000e+000 0.00000000e+000 0.00000000e+000
61431.23513819 -97791.164519 -69135.393878 -40767.771557 0.00000000e+000 0.00000000e+000 0.00000000e+000 0.00000000e+000 0.00000000e+000 0.00000000e+000 0.00000000e+000 0.00000000e+000 0.00000000e+000 0.00000000e+000 0.00000000e+000 0.00000000e+000 0.00000000e+000 0.00000000e+000 0.00000000e+000 0.00000000e+000 0.00000000e+000 0.00000000e+000 0.00000000e+000 0.00000000e+000 0.00000000e+000
61431.27743281 -90018.360808 -67372.421130 -39700.132733 0.00000000e+000 0.00000000e+000 0.00000000e+000 0.00000000e+000 0.00000000e+000 0.00000000e+000 0.00000000e+000 0.00000000e+000 0.00000000e+000 0.00000000e+000 0.00000000e+000 0.00000000e+000 0.00000000e+000 0.00000000e+000 0.00000000e+000 0.00000000e+000 0.00000000e+000 0.00000000e+000 0.00000000e+000 0.00000000e+000 0.00000000e+000
61431.31596339 -82691.844157 -65582.343558 -38619.109235 0.00000000e+000 0.00000000e+000 0.00000000e+000 0.00000000e+000 0.00000000e+000 0.00000000e+000 0.00000000e+000 0.00000000e+000 0.00000000e+000 0.00000000e+000 0.00000000e+000 0.00000000e+000 0.00000000e+000 0.00000000e+000 0.00000000e+000 0.00000000e+000 0.00000000e+000 0.00000000e+000 0.00000000e+000 0.00000000e+000 0.00000000e+000
61431.35109535 -75787.741705 -63772.423078 -37528.792685 0.00000000e+000 0.00000000e+000 0.00000000e+000 0.00000000e+000 0.00000000e+000 0.00000000e+000 0.00000000e+000 0.00000000e+000 0.00000000e+000 0.00000000e+000 0.00000000e+000 0.00000000e+000 0.00000000e+000 0.00000000e+000 0.00000000e+000 0.00000000e+000 0.00000000e+000 0.00000000e+000 0.00000000e+000 0.00000000e+000 0.00000000e+000
61431.38315644 -69283.119910 -61948.876330 -36432.673884 0.00000000e+000 0.00000000e+000 0.00000000e+000 0.00000000e+000 0.00000000e+000 0.00000000e+000 0.00000000e+000 0.00000000e+000 0.00000000e+000 0.00000000e+000 0.00000000e+000 0.00000000e+000 0.00000000e+000 0.00000000e+000 0.00000000e+000 0.00000000e+000 0.00000000e+000 0.00000000e+000 0.00000000e+000 0.00000000e+000 0.00000000e+000
61431.41244163 -63155.874443 -60116.950926 -35333.685850 0.00000000e+000 0.00000000e+000 0.00000000e+000 0.00000000e+000 0.00000000e+000 0.00000000e+000 0.00000000e+000 0.00000000e+000 0.00000000e+000 0.00000000e+000 0.00000000e+000 0.00000000e+000 0.00000000e+000 0.00000000e+000 0.00000000e+000 0.00000000e+000 0.00000000e+000 0.00000000e+000 0.00000000e+000 0.00000000e+000 0.00000000e+000
61431.43921602 -57384.902802 -58281.066994 -34234.286578 0.00000000e+000 0.00000000e+000 0.00000000e+000 0.00000000e+000 0.00000000e+000 0.00000000e+000 0.00000000e+000 0.00000000e+000 0.00000000e+000 0.00000000e+000 0.00000000e+000 0.00000000e+000 0.00000000e+000 0.00000000e+000 0.00000000e+000 0.00000000e+000 0.00000000e+000 0.00000000e+000 0.00000000e+000 0.00000000e+000 0.00000000e+000
61431.46371848 -51950.009894 -56444.873818 -33136.491117 0.00000000e+000 0.00000000e+000 0.00000000e+000 0.00000000e+000 0.00000000e+000 0.00000000e+000 0.00000000e+000 0.00000000e+000 0.00000000e+000 0.00000000e+000 0.00000000e+000 0.00000000e+000 0.00000000e+000 0.00000000e+000 0.00000000e+000 0.00000000e+000 0.00000000e+000 0.00000000e+000 0.00000000e+000 0.00000000e+000 0.00000000e+000
61431.48616410 -46832.005709 -54611.356613 -32041.933955 0.00000000e+000 0.00000000e+000 0.00000000e+000 0.00000000e+000 0.00000000e+000 0.00000000e+000 0.00000000e+000 0.00000000e+000 0.00000000e+000 0.00000000e+000 0.00000000e+000 0.00000000e+000 0.00000000e+000 0.00000000e+000 0.00000000e+000 0.00000000e+000 0.00000000e+000 0.00000000e+000 0.00000000e+000 0.00000000e+000 0.00000000e+000
61431.50674721 -42012.562069 -52782.853828 -30951.878132 2.38973446e+006 1.35606915e+006 2.39830354e+005 4.74213334e+004 4.59041152e+003 5.06757214e+002 1.01671725e+002 2.45178974e+001 5.38968386e+000 1.43017570e+000 2.88019804e-001 1.57942661e-002 1.87894201e-003 0.00000000e+000 0.00000000e+000 0.00000000e+000 0.00000000e+000 0.00000000e+000 0.00000000e+000 0.00000000e+000 0.00000000e+000
61431.52564326 -37474.288399 -50961.140176 -29867.263822 4.72746988e+006 2.64963870e+006 4.84272143e+005 1.01835934e+005 1.00278555e+004 1.10573685e+003 2.18172888e+002 5.33911995e+001 1.21710281e+001 3.27250133e+000 1.08872350e+000 2.94723173e-001 1.16546558e-001 0.00000000e+000 0.00000000e+000 0.00000000e+000 0.00000000e+000 0.00000000e+000 0.00000000e+000 0.00000000e+000 0.00000000e+000
61431.54301094 -33200.670830 -49147.454626 -28788.724199 1.07530928e+007 6.05744952e+006 1.14621906e+006 2.54094533e+005 2.38168677e+004 2.59169064e+003 5.05845575e+002 1.23535296e+002 2.85209349e+001 7.90168821e+000 2.63697768e+000 9.75375462e-001 3.85083627e-001 8.86749256e-002 3.27817160e-002 0.00000000e+000 0.00000000e+000 0.00000000e+000 0.00000000e+000 0.00000000e+000 0.00000000e+000
61431.55899419 -29175.977304 -47342.499611 -27716.584394 2.37667963e+007 1.34356378e+007 2.62645789e+006 5.99619451e+005 5.25833746e+004 5.45676323e+003 1.03992729e+003 2.39051811e+002 5.31868703e+001 1.46487052e+001 5.02895252e+000 1.83825381e+000 7.34536838e-001 2.66182699e-001 9.77300301e-002 2.36557008e-002 0.00000000e+000 0.00000000e+000 0.00000000e+000 0.00000000e+000 0.00000000e+000
61431.57372376 -25385.242279 -45546.459765 -26650.872266 4.82615269e+007 2.72936433e+007 5.49042748e+006 1.29441878e+006 1.07915394e+005 1.07298696e+004 2.00654901e+003 4.19304458e+002 8.61918753e+001 2.27004016e+001 8.10826929e+000 3.03735582e+000 1.25299957e+000 4.76648794e-001 1.82539211e-001 8.05701584e-002 2.41490455e-002 1.86976658e-002 1.10660843e-002 0.00000000e+000 0.00000000e+000
61431.58731852 -21814.254303 -43759.013391 -25591.324964 8.87531740e+007 5.02539479e+007 1.03938761e+007 2.52478172e+006 2.11040059e+005 2.08473708e+004 3.91967591e+003 7.57103766e+002 1.44776055e+002 3.59415247e+001 1.31053752e+001 4.89552266e+000 2.01429501e+000 7.65999785e-001 3.20829356e-001 1.54068310e-001 1.08737109e-001 8.50477213e-002 4.83048338e-002 6.66805636e-003 0.00000000e+000
61431.59988725 -18449.387632 -41979.249760 -24537.339856 1.53904194e+008 8.74268269e+007 1.86536769e+007 4.64899575e+006 4.17151821e+005 4.23736935e+004 8.15154643e+003 1.46322117e+003 2.57089117e+002 5.84783510e+001 2.12948855e+001 7.96336446e+000 3.28316312e+000 1.23751686e+000 5.42642965e-001 2.79673887e-001 2.10288153e-001 1.66790224e-001 9.86174051e-002 6.27739405e-002 5.62818014e-004
61431.61152972 -15277.586574 -40205.633901 -23487.953927 2.43648876e+008 1.38874317e+008 3.12017137e+007 8.05592879e+006 7.96980643e+005 8.48133922e+004 1.75714953e+004 3.04507326e+003 4.95104773e+002 9.73822167e+001 3.34610928e+001 1.25082846e+001 5.30041921e+000 2.03378517e+000 9.25720043e-001 5.04685407e-001 3.98633201e-001 3.20781145e-001 1.90632708e-001 1.12477246e-001 6.99730925e-002
61431.62233831 -12286.188991 -38435.853595 -22441.753733 3.34730761e+008 1.87435722e+008 4.40781611e+007 1.20989006e+007 1.39448167e+006 1.66090232e+005 3.68435606e+004 6.86254594e+003 1.10161856e+003 1.97653202e+002 5.63222064e+001 1.97850075e+001 8.36949590e+000 3.27612841e+000 1.50340848e+000 8.27421895e-001 6.57299744e-001 5.29456585e-001 3.08603546e-001 1.72219653e-001 1.28708120e-001
61431.63239924 -9462.809850 -36666.643592 -21396.772434 4.13458035e+008 2.27867776e+008 5.63245545e+007 1.65507777e+007 2.28031802e+006 3.11693310e+005 7.39321976e+004 1.49336363e+004 2.52873589e+003 4.36322617e+002 1.05808205e+002 3.30904555e+001 1.36173048e+001 5.26886940e+000 2.40722222e+000 1.30006361e+000 1.00034710e+000 7.92572202e-001 4.56113003e-001 2.49617419e-001 1.78233281e-001
61431.64167470 -6829.232722 -34916.830106 -20364.085756 4.67087262e+008 2.52448305e+008 6.60046358e+007 2.09743473e+007 3.49378079e+006 5.47399444e+005 1.36738941e+005 2.95601303e+004 5.29524547e+003 8.83062137e+002 1.90931625e+002 5.32248103e+001 2.10076299e+001 7.93572851e+000 3.50701021e+000 1.81832807e+000 1.31277769e+000 1.00777262e+000 5.72140015e-001 3.18579164e-001 2.18847112e-001
61431.64917141 -4682.035821 -33408.405228 -19474.508369 5.06588483e+008 2.67556422e+008 7.37061867e+007 2.41907193e+007 4.85732978e+006 8.78056364e+005 2.25799112e+005 5.20008538e+004 9.73014604e+003 1.56382380e+003 3.10574996e+002 7.88022069e+001 2.94929527e+001 1.08212990e+001 4.51188980e+000 2.16656016e+000 1.43057089e+000 1.02925290e+000 5.53120846e-001 2.89173057e-001 1.96355698e-001
61431.65591118 -2740.314228 -31971.793818 -18627.826499 5.27211104e+008 2.74639716e+008 7.97438096e+007 2.66983706e+007 6.27479009e+006 1.26957765e+006 3.36726190e+005 8.59164503e+004 1.78933076e+004 2.96660947e+003 5.70255621e+002 1.32576873e+002 4.34932906e+001 1.47850157e+001 5.78769627e+000 2.56319309e+000 1.51989683e+000 1.00677285e+000 5.10261419e-001 2.46504948e-001 1.61789822e-001
61431.66186836 -1017.971230 -30631.769911 -17838.537559 5.34090155e+008 2.76682052e+008 8.45454442e+007 2.83484668e+007 7.62634359e+006 1.69485082e+006 4.60715895e+005 1.23908946e+005 2.81469964e+004 4.89660802e+003 9.59502360e+002 2.09090961e+002 6.13109243e+001 1.93260818e+001 7.19236259e+000 3.02223101e+000 1.63920483e+000 1.00103666e+000 4.77555046e-001 2.09164755e-001 1.28903570e-001
61431.66686289 428.007429 -29452.625757 -17144.375092 5.18452531e+008 2.69806752e+008 8.70478883e+007 2.83893848e+007 8.66334992e+006 2.12158908e+006 5.91356684e+005 1.66250461e+005 4.20069887e+004 7.83415018e+003 1.58621119e+003 3.25524028e+002 8.58199056e+001 2.47714933e+001 8.80189803e+000 3.62716713e+000 1.85991354e+000 1.07323153e+000 4.90585974e-001 1.96136523e-001 1.12923641e-001
61431.67114536 1667.261493 -28397.762024 -16523.662545 4.90336472e+008 2.56784737e+008 8.71273993e+007 2.77852259e+007 9.41501699e+006 2.49073624e+006 7.09229008e+005 1.97056523e+005 5.25326587e+004 1.00355405e+004 2.17170210e+003 4.39548280e+002 1.10590937e+002 3.06689189e+001 1.06877310e+001 4.37493491e+000 2.15870219e+000 1.18576399e+000 5.22094938e-001 1.92293894e-001 1.03699223e-001
61431.67543397 2905.695021 -27297.742762 -15876.662696 4.46577419e+008 2.35637886e+008 8.44054169e+007 2.61689546e+007 9.92232038e+006 2.84638881e+006 8.28895641e+005 2.22529870e+005 6.20390534e+004 1.20062444e+004 2.82679732e+003 5.75190356e+002 1.41582089e+002 3.85457975e+001 1.33614813e+001 5.45730943e+000 2.61233867e+000 1.37104516e+000 5.83297541e-001 2.00188298e-001 1.02130912e-001
61431.68030434 4305.866904 -25991.487737 -15108.731510 3.91600565e+008 2.08579147e+008 7.90564634e+007 2.31231482e+007 9.54486981e+006 3.02406370e+006 9.27037480e+005 2.38123896e+005 6.58711731e+004 1.35547309e+004 3.38570847e+003 7.30042477e+002 1.76978307e+002 4.80958589e+001 1.68648967e+001 6.88358346e+000 3.24755682e+000 1.65456467e+000 6.84510524e-001 2.27285387e-001 1.11570925e-001
61431.68529240 5728.483784 -24585.708153 -14282.734049 3.34704527e+008 1.79782244e+008 7.22106928e+007 1.90973036e+007 8.39219776e+006 2.98573979e+006 9.77847521e+005 2.42077608e+005 6.59974314e+004 1.48739374e+004 3.91366599e+003 9.08609083e+002 2.17823193e+002 5.91803278e+001 2.10315644e+001 8.58047318e+000 4.01791221e+000 2.01447222e+000 8.18303592e-001 2.68451033e-001 1.28496719e-001
61431.69026297 7128.703956 -23110.625731 -13416.502521 2.83961007e+008 1.52776186e+008 6.46341459e+007 1.43918622e+007 6.49683351e+006 2.64345042e+006 9.35727056e+005 2.30721771e+005 6.38353907e+004 1.59835802e+004 4.38866495e+003 1.10251858e+003 2.65501877e+002 7.23500576e+001 2.59759984e+001 1.05744113e+001 4.91779096e+000 2.45130218e+000 9.87293453e-001 3.21662028e-001 1.51778548e-001
61431.69513431 8476.830909 -21587.097294 -12522.336740 2.59916297e+008 1.41882867e+008 5.99643269e+007 9.55234226e+006 3.95527649e+006 1.82195177e+006 7.18356333e+005 2.15445399e+005 6.38117073e+004 1.56238804e+004 4.24667032e+003 1.14878349e+003 3.10857988e+002 9.11545882e+001 3.32169365e+001 1.30683168e+001 6.03858865e+000 3.03123675e+000 1.21995061e+000 4.04277173e-001 1.99886309e-001
61431.69977353 9730.315561 -20058.855115 -11625.923399 2.52671662e+008 1.36185134e+008 5.43644577e+007 5.42933776e+006 1.89725148e+006 9.70415095e+005 4.39842945e+005 1.71906815e+005 5.83571461e+004 1.43196543e+004 3.76780591e+003 1.05739530e+003 3.26454892e+002 1.09316826e+002 4.14364618e+001 1.55041598e+001 6.84095303e+000 3.48954565e+000 1.44006200e+000 5.01314611e-001 2.65752615e-001
61431.70408845 10861.059108 -18565.035549 -10750.197341 2.98170897e+008 1.60004592e+008 5.03865832e+007 3.00603273e+006 8.27881895e+005 4.48084963e+005 2.33892682e+005 1.18895812e+005 4.93885201e+004 1.35459502e+004 3.84224297e+003 1.18076090e+003 4.02809718e+002 1.47026155e+002 5.59978834e+001 2.05123663e+001 8.70520895e+000 4.46524028e+000 1.93950393e+000 7.30553947e-001 4.14490671e-001
61431.70811359 11876.924252 -17104.957763 -9894.720782 3.78924776e+008 2.06000041e+008 4.86644711e+007 1.68992363e+006 3.40636199e+005 1.80528470e+005 1.07899264e+005 7.25237875e+004 3.83689922e+004 1.22508022e+004 3.90541453e+003 1.32301219e+003 4.88521795e+002 1.91619897e+002 7.52257730e+001 2.82734412e+001 1.20229368e+001 6.24743685e+000 2.88198300e+000 1.19263312e+000 7.18194420e-001
61431.71188773 12787.075846 -15674.897787 -9057.277299 5.12872134e+008 2.70002317e+008 4.73076838e+007 9.33715824e+005 1.20301080e+005 5.99183279e+004 4.13043437e+004 4.00012932e+004 2.75856836e+004 1.03440809e+004 3.75498900e+003 1.39845891e+003 5.54941135e+002 2.32745107e+002 9.74120129e+001 3.93946724e+001 1.76474815e+001 9.59592148e+000 4.69104475e+000 2.11272333e+000 1.33722787e+000
61431.71544760 13600.008472 -14270.190171 -8235.105896 7.23366863e+008 3.49324832e+008 4.41721885e+007 6.88251442e+005 5.82080436e+004 2.62144894e+004 1.84614168e+004 2.18846752e+004 1.83973205e+004 8.14380228e+003 3.39060017e+003 1.38127276e+003 5.79968819e+002 2.58196713e+002 1.19148467e+002 5.38928055e+001 2.62582810e+001 1.52498567e+001 7.81658376e+000 3.75112824e+000 2.47323590e+000
61431.71882763 14323.261264 -12885.448699 -7425.031016 9.39832403e+008 4.37516799e+008 4.26347057e+007 5.67782396e+005 3.44182625e+004 1.42047460e+004 1.00739078e+004 1.32185751e+004 1.24244589e+004 6.08596699e+003 2.85818254e+003 1.26606512e+003 5.70096389e+002 2.75458073e+002 1.45535755e+002 7.63522073e+001 4.19675769e+001 2.61345422e+001 1.41996639e+001 7.42235937e+000 5.14745190e+000
61431.72206027 14963.286892 -11514.597663 -6623.481448 1.08952752e+009 4.97340655e+008 4.52794384e+007 5.36825637e+005 2.38329522e+004 8.21080440e+003 5.77978333e+003 8.06609046e+003 8.34545310e+003 4.49987568e+003 2.34649262e+003 1.10933129e+003 5.27328956e+002 2.74941673e+002 1.60591576e+002 9.38796520e+001 5.60388654e+001 3.65249455e+001 2.07996775e+001 1.18236728e+001 8.66916504e+000
61431.72517670 15525.370828 -10150.769958 -5826.431435 1.18277919e+009 5.32406969e+008 5.11214702e+007 5.77943970e+005 2.32415579e+004 6.76364968e+003 4.68233583e+003 5.78393618e+003 5.94876574e+003 3.36867077e+003 1.87416880e+003 9.28880392e+002 4.59683993e+002 2.59797847e+002 1.66086903e+002 1.07321497e+002 6.86534712e+001 4.64344257e+001 2.75119033e+001 1.68124604e+001 1.28680194e+001
61431.72820773 16013.538508 -8786.089243 -5029.274348 1.25464707e+009 5.73162607e+008 6.12435402e+007 6.96509470e+005 2.67191317e+004 6.43554726e+003 4.37729240e+003 4.89824384e+003 4.90982534e+003 2.81975294e+003 1.56012817e+003 7.82725807e+002 3.93311709e+002 2.31699255e+002 1.55069903e+002 1.06532717e+002 7.16738244e+001 5.04450174e+001 3.11319968e+001 2.05232119e+001 1.64327618e+001
61431.73118492 16430.402000 -7411.325721 -4226.623113 1.31609270e+009 6.09502946e+008 7.11299003e+007 8.19727012e+005 3.05021755e+004 6.34054936e+003 4.24897533e+003 4.40129079e+003 4.22070526e+003 2.41303263e+003 1.29137447e+003 6.52956870e+002 3.31986895e+002 2.03383115e+002 1.41864786e+002 1.03423178e+002 7.28486982e+001 5.31639352e+001 3.39913708e+001 2.38744650e+001 1.97417073e+001
61431.73414154 16776.836890 -6015.644031 -3412.165191 1.34934829e+009 6.47781134e+008 8.81143485e+007 1.08353112e+006 4.02138563e+004 7.49369349e+003 4.71116971e+003 4.29659138e+003 3.91579914e+003 2.21721493e+003 1.14276721e+003 5.72991020e+002 2.93122587e+002 1.83219560e+002 1.30948669e+002 9.84601974e+001 7.13737646e+001 5.32030466e+001 3.49031885e+001 2.54735952e+001 2.14384886e+001
61431.73711182 17051.373634 -4587.232742 -2579.032398 1.36594719e+009 6.78634006e+008 1.04125762e+008 1.34966671e+006 5.01067335e+004 8.83039400e+003 5.25088458e+003 4.29177979e+003 3.69195977e+003 2.06946910e+003 1.03557185e+003 5.11409358e+002 2.62574833e+002 1.66109158e+002 1.20672395e+002 9.22881913e+001 6.82861389e+001 5.16766262e+001 3.45706481e+001 2.58900524e+001 2.20435250e+001
61431.74000355 17243.080081 -3176.251410 -1756.488882 1.36550450e+009 6.93674301e+008 1.14180544e+008 1.53156739e+006 5.70596139e+004 9.74006096e+003 5.58099232e+003 4.21303377e+003 3.44018997e+003 1.92115642e+003 9.46027200e+002 4.61279696e+002 2.38011032e+002 1.52394497e+002 1.12369089e+002 8.70411942e+001 6.54714731e+001 5.01542509e+001 3.40065967e+001 2.58772665e+001 2.22023063e+001
61431.74281304 17354.335434 -1791.558455 -949.681058 1.34950228e+009 6.93944697e+008 1.18331915e+008 1.62510341e+006 6.09843723e+004 1.01915607e+004 5.69522916e+003 4.07019298e+003 3.20282559e+003 1.79511662e+003 8.81436515e+002 4.26401008e+002 2.21092170e+002 1.42869031e+002 1.06474501e+002 8.30608069e+001 6.31426550e+001 4.87403825e+001 3.32513522e+001 2.54549689e+001 2.19311194e+001
61431.74556248 17389.323914 -428.814487 -156.061474 1.32119480e+009 6.81333408e+008 1.17051493e+008 1.63255861e+006 6.18639525e+004 1.02098861e+004 5.59738423e+003 3.87009708e+003 2.98069797e+003 1.68937358e+003 8.40660813e+002 4.05753476e+002 2.10872693e+002 1.36630022e+002 1.02072637e+002 7.94718193e+001 6.05391530e+001 4.67892224e+001 3.18222500e+001 2.42123753e+001 2.08668451e+001
61431.74827603 17351.078403 917.958484 627.865273 1.28199509e+009 6.56818114e+008 1.11220273e+008 1.56884799e+006 6.00787732e+004 9.91212277e+003 5.36201393e+003 3.68843940e+003 2.83566184e+003 1.62796041e+003 8.30510285e+002 4.02267341e+002 2.08820615e+002 1.34646590e+002 9.99355677e+001 7.70549668e+001 5.82683565e+001 4.48101226e+001 3.01687877e+001 2.25973190e+001 1.93873812e+001
61431.75092794 17243.887464 2230.488288 1391.482273 1.23362376e+009 6.20627085e+008 1.00748821e+008 1.42852686e+006 5.53368339e+004 9.29595113e+003 5.00384284e+003 3.52703039e+003 2.72718474e+003 1.58955337e+003 8.44647182e+002 4.12407101e+002 2.13363330e+002 1.36173629e+002 9.96819746e+001 7.55288988e+001 5.62336120e+001 4.28178138e+001 2.83440307e+001 2.06672616e+001 1.75562675e+001
61431.75360282 17066.964741 3545.487653 2156.159259 1.17834957e+009 5.73083724e+008 8.61271448e+007 1.21801458e+006 4.76486033e+004 8.45494535e+003 4.61244387e+003 3.46218028e+003 2.70406667e+003 1.59362533e+003 8.88691560e+002 4.38543765e+002 2.25792242e+002 1.42129920e+002 1.02064086e+002 7.56776474e+001 5.50962712e+001 4.13895178e+001 2.68421858e+001 1.88798784e+001 1.57615276e+001
61431.75632662 16817.977830 4870.225051 2926.114254 1.11787357e+009 5.14560166e+008 6.74167590e+007 9.41871497e+005 3.69562271e+004 7.38583290e+003 4.23085690e+003 3.55492275e+003 2.86137891e+003 1.68886926e+003 9.76510802e+002 4.87659206e+002 2.50150553e+002 1.54501298e+002 1.08355690e+002 7.87388430e+001 5.57124837e+001 4.11454339e+001 2.61256714e+001 1.76439438e+001 1.43383793e+001
61431.75914362 16490.755319 6220.076285 3710.264787 1.03544845e+009 4.62486487e+008 5.69386152e+007 8.20775821e+005 3.29497845e+004 7.74852139e+003 4.55847903e+003 4.32556825e+003 3.65343235e+003 2.11228957e+003 1.21834035e+003 6.08075362e+002 3.07053117e+002 1.80832142e+002 1.20093243e+002 8.19700289e+001 5.49092789e+001 3.89324857e+001 2.37497844e+001 1.50774537e+001 1.17419453e+001
61431.76204797 16083.705693 7585.488688 4503.039061 9.46167623e+008 4.05910002e+008 4.62327965e+007 6.88347941e+005 2.90445807e+004 8.48469850e+003 5.14318054e+003 5.44123860e+003 4.65876922e+003 2.65061086e+003 1.51528591e+003 7.57131304e+002 3.77252710e+002 2.14053875e+002 1.34892383e+002 8.58614853e+001 5.40750278e+001 3.64524606e+001 2.10350848e+001 1.22879551e+001 8.99153165e+000
61431.76506150 15592.324826 8969.657572 5306.271796 8.44934649e+008 3.57443331e+008 4.01813126e+007 6.64412749e+005 3.19334278e+004 1.11298249e+004 7.00949667e+003 8.86550107e+003 7.35075974e+003 3.86057602e+003 1.95948475e+003 9.40942102e+002 4.50714001e+002 2.34725161e+002 1.32400455e+002 7.46229158e+001 4.30548705e+001 2.75398387e+001 1.49664358e+001 8.12487909e+000 5.70884878e+000
61431.76820051 15012.672331 10372.437808 6119.855917 6.96749104e+008 2.96120161e+008 3.75344799e+007 7.46506545e+005 5.06163947e+004 2.06167945e+004 1.35294349e+004 1.65321203e+004 1.22051567e+004 5.49666965e+003 2.44761153e+003 1.09719391e+003 5.02234111e+002 2.43517949e+002 1.21396822e+002 5.96358509e+001 3.09656333e+001 1.85795044e+001 9.51317303e+000 4.72994340e+000 3.13551910e+000
61431.77144661 14348.380379 11778.283121 6934.758748 5.04442555e+008 2.28123056e+008 3.86413117e+007 9.83345181e+005 9.87135461e+004 4.35279884e+004 2.87383175e+004 3.09541269e+004 1.98185642e+004 7.43077830e+003 2.90791100e+003 1.19540263e+003 5.21265049e+002 2.38456688e+002 1.04797770e+002 4.40867965e+001 2.02262903e+001 1.13996347e+001 5.60917441e+000 2.49798305e+000 1.52510060e+000
61431.77461972 13643.053890 13106.742989 7704.377087 3.37080114e+008 1.73482974e+008 4.02256936e+007 1.37487349e+006 1.92687424e+005 8.85913371e+004 5.75273906e+004 5.41459172e+004 2.92972241e+004 9.09077559e+003 3.16157600e+003 1.20718720e+003 5.13681309e+002 2.27899877e+002 9.28659847e+001 3.51665204e+001 1.47912249e+001 7.87403347e+000 3.71494909e+000 1.49651000e+000 8.42480536e-001
61431.77781155 12885.155879 14396.626784 8451.244027 2.52950406e+008 1.33378294e+008 3.89954974e+007 2.49180014e+006 5.36768318e+005 2.64287772e+005 1.45996441e+005 9.72960397e+004 4.05196502e+004 1.07680472e+004 3.34902159e+003 1.18981184e+003 4.86880702e+002 2.07019609e+002 8.15305070e+001 2.96003348e+001 1.20492562e+001 6.28234192e+000 2.83874018e+000 1.06086377e+000 5.65280640e-001
61431.78107417 12067.396662 15667.078899 9186.466136 1.96556053e+008 1.07139776e+008 3.89584441e+007 4.37809735e+006 1.28240851e+006 6.26590291e+005 2.98530334e+005 1.51075384e+005 5.13061297e+004 1.20052758e+004 3.40059422e+003 1.12670759e+003 4.43188329e+002 1.81200289e+002 7.08314958e+001 2.54218287e+001 1.04121323e+001 5.42709363e+000 2.38173359e+000 8.43338637e-001 4.33697106e-001
61431.78444324 11184.269828 16928.810403 9916.249535 1.68745669e+008 9.59826199e+007 4.10548688e+007 7.36296129e+006 2.70656298e+006 1.22594082e+006 5.15381092e+005 2.04865245e+005 6.06781253e+004 1.33840322e+004 3.60507613e+003 1.11567774e+003 4.08066387e+002 1.57557010e+002 6.17256596e+001 2.25377622e+001 9.60902165e+000 5.06397175e+000 2.19730119e+000 7.64535888e-001 3.83047888e-001
61431.78794869 10230.592453 18188.976717 10644.731894 1.69028004e+008 9.82780450e+007 4.52064347e+007 1.15134798e+007 4.89818901e+006 2.04217753e+006 7.78493285e+005 2.49084980e+005 6.79658771e+004 1.52643390e+004 4.10888518e+003 1.20023100e+003 3.92745666e+002 1.39786702e+002 5.44077381e+001 2.06702854e+001 9.27682374e+000 4.94499278e+000 2.14872323e+000 7.58608823e-001 3.73094926e-001
61431.79161829 9201.105671 19452.795081 11374.921997 1.82049430e+008 1.05339918e+008 4.91536898e+007 1.64830879e+007 7.62202120e+006 2.89834791e+006 1.02122986e+006 2.72054431e+005 7.10407805e+004 1.64772400e+004 4.39131594e+003 1.19533763e+003 3.50975259e+002 1.17240542e+002 4.52282566e+001 1.79238879e+001 8.29796371e+000 4.47766833e+000 1.95713199e+000 7.05507887e-001 3.41481719e-001
61431.79547926 8090.347888 20724.240111 12109.104030 2.16470247e+008 1.24927784e+008 5.52105248e+007 2.04193384e+007 9.43456153e+006 3.24679979e+006 1.07091964e+006 2.75447891e+005 6.96533892e+004 1.55521411e+004 4.00116977e+003 1.01740411e+003 2.92236658e+002 9.49914603e+001 3.67677546e+001 1.51526137e+001 7.32313197e+000 4.02061318e+000 1.79801957e+000 6.70661921e-001 3.37580635e-001
61431.79955911 6892.644997 22006.368342 12849.026491 2.60649004e+008 1.49088393e+008 6.14151721e+007 2.35810475e+007 1.04432944e+007 3.26728007e+006 1.01346436e+006 2.58342425e+005 6.42359927e+004 1.36749360e+004 3.35868294e+003 8.00324210e+002 2.29761486e+002 7.32880667e+001 2.85408459e+001 1.23223795e+001 6.23430219e+000 3.51742182e+000 1.62595648e+000 6.31782579e-001 3.34491498e-001
61431.80388598 5602.166113 23301.470835 13595.991353 3.11224900e+008 1.76171799e+008 6.70230111e+007 2.55245172e+007 1.03980532e+007 2.96165844e+006 8.74469960e+005 2.21176225e+005 5.35761101e+004 1.09172818e+004 2.53884992e+003 5.73427464e+002 1.66368886e+002 5.29493820e+001 2.08682482e+001 9.47245876e+000 5.05371521e+000 2.97978668e+000 1.43616952e+000 5.91167855e-001 3.31243868e-001
61431.80846444 4220.411728 24604.382544 14346.999690 3.63517612e+008 2.03901430e+008 7.10628245e+007 2.57651246e+007 9.16665586e+006 2.35972222e+006 6.81654244e+005 1.67236188e+005 3.72504837e+004 7.32929513e+003 1.60792185e+003 3.54861349e+002 1.05286514e+002 3.51133278e+001 1.42652309e+001 6.73535147e+000 3.87613548e+000 2.45048160e+000 1.24068076e+000 5.57723746e-001 3.33007411e-001
61431.81316024 2791.732774 25873.915830 15078.314535 3.94530465e+008 2.17829762e+008 6.84850247e+007 2.35215134e+007 7.32785361e+006 1.70492881e+006 4.79440460e+005 1.06005209e+005 2.03598111e+004 3.71298020e+003 8.32307785e+002 1.97545582e+002 6.59524874e+001 2.44404509e+001 1.05760294e+001 5.17969050e+000 3.21273487e+000 2.16483929e+000 1.15100717e+000 5.72346168e-001 3.67855155e-001
61431.81793764 1331.256721 27101.473609 15785.013798 3.95684178e+008 2.17648133e+008 6.37665617e+007 2.05425572e+007 5.52528512e+006 1.15490342e+006 3.14687733e+005 6.32787884e+004 1.07146345e+004 1.86264761e+003 4.33206253e+002 1.12131018e+002 4.22892268e+001 1.71469646e+001 7.98354523e+000 4.20586133e+000 2.84879834e+000 2.06187962e+000 1.15460155e+000 6.30081301e-001 4.23172703e-001
61431.82271715 -132.863050 28270.003054 16457.323768 3.79707144e+008 2.10000217e+008 5.81287353e+007 1.73080370e+007 3.91867260e+006 7.14768681e+005 1.87528089e+005 3.41652437e+004 5.09385955e+003 8.72020116e+002 2.16385192e+002 6.30824288e+001 2.72291227e+001 1.20146531e+001 6.10748135e+000 3.53211543e+000 2.60735370e+000 2.00791830e+000 1.17555973e+000 6.87331555e-001 4.67021616e-001
61431.82632672 -1238.604464 29115.853042 16943.728155 3.55663620e+008 1.99540150e+008 5.33141076e+007 1.47520023e+007 2.92558117e+006 4.81221896e+005 1.25140013e+005 2.20880271e+004 3.18983131e+003 5.64777172e+002 1.48340061e+002 4.63076659e+001 2.09529090e+001 9.59271980e+000 5.16858759e+000 3.20129471e+000 2.48318773e+000 1.97634267e+000 1.18860875e+000 7.21315883e-001 4.84654202e-001
61431.82992903 -2340.885842 29930.610128 17412.047911 3.31129880e+008 1.88174255e+008 4.85795561e+007 1.23874621e+007 2.11498093e+006 3.05073213e+005 7.81455190e+004 1.32594667e+004 1.83617055e+003 3.40172473e+002 9.61484745e+001 3.28290859e+001 1.57054385e+001 7.50027242e+000 4.29188640e+000 2.82542795e+000 2.28482080e+000 1.86044295e+000 1.13822487e+000 6.97171779e-001 4.68002391e-001
61431.83485771 -3845.392967 31000.875833 18026.921973 2.95221792e+008 1.70256918e+008 4.20536218e+007 9.55140567e+006 1.37823197e+006 1.77787841e+005 4.44256816e+004 7.40947966e+003 1.00841841e+003 1.96425684e+002 5.94068534e+001 2.21034507e+001 1.09328038e+001 5.35909870e+000 3.22376705e+000 2.20935964e+000 1.84982883e+000 1.51818865e+000 9.29102375e-001 5.41426755e-001 3.66157813e-001
61431.84039466 -5528.481211 32146.404059 18684.634356 2.43186293e+008 1.41613772e+008 3.36045651e+007 6.90117586e+006 8.39948176e+005 9.50711912e+004 2.30699487e+004 3.79538716e+003 5.16098761e+002 1.07357844e+002 3.54695939e+001 1.44534366e+001 7.35318771e+000 3.67875752e+000 2.28924421e+000 1.61801244e+000 1.37410423e+000 1.12671290e+000 6.83535629e-001 3.86673904e-001 2.64562410e-001
61431.84656392 -7392.570845 33357.878280 19379.747426 1.80681657e+008 1.05756332e+008 2.39874467e+007 4.46899964e+006 4.53469743e+005 4.46021828e+004 1.04710475e+004 1.71560835e+003 2.42963007e+002 5.60463138e+001 2.07140967e+001 9.12750076e+000 4.68524755e+000 2.36587498e+000 1.48366624e+000 1.05981971e+000 8.87372738e-001 7.17408472e-001 4.24878709e-001 2.36461509e-001 1.57264394e-001
61431.85334700 -9426.187745 34618.093839 20102.307241 1.19837211e+008 6.93043260e+007 1.52342047e+007 2.65524490e+006 2.50266773e+005 2.27390775e+004 5.17982450e+003 9.02245324e+002 1.41547078e+002 3.63307101e+001 1.38849156e+001 6.14113622e+000 3.07900387e+000 1.54198222e+000 9.37267735e-001 6.12213277e-001 4.89895533e-001 3.90849860e-001 2.31650756e-001 1.34396559e-001 3.33902928e-002
61431.86075890 -11627.132498 35917.376250 20846.693215 7.33428234e+007 4.17254673e+007 8.85913728e+006 1.45349598e+006 1.28559631e+005 1.09286421e+004 2.45839760e+003 4.74568304e+002 8.43369197e+001 2.35809128e+001 9.00452071e+000 3.95177035e+000 1.94294098e+000 9.68434401e-001 5.49799413e-001 3.25193529e-001 2.47757279e-001 1.95101440e-001 1.13112180e-001 4.43474464e-002 0.00000000e+000
61431.86882834 -13996.419265 37248.833897 21608.887382 3.99583799e+007 2.21806815e+007 4.52087049e+006 7.14384764e+005 6.16778528e+004 5.11291439e+003 1.15123391e+003 2.51144923e+002 5.12744632e+001 1.50431074e+001 5.60757164e+000 2.44031825e+000 1.17048674e+000 5.64704223e-001 2.81297138e-001 1.45625979e-001 8.42416066e-002 6.63311800e-002 3.24221781e-002 0.00000000e+000 0.00000000e+000
61431.87759450 -16537.208130 38607.293226 22385.860293 1.95965342e+007 1.05579949e+007 2.06330658e+006 3.39307575e+005 3.11345698e+004 2.69285797e+003 6.01570516e+002 1.41874382e+002 3.28529590e+001 9.69616571e+000 3.50318065e+000 1.49539838e+000 6.83676715e-001 3.04230996e-001 1.17794564e-001 4.60313008e-002 0.00000000e+000 0.00000000e+000 0.00000000e+000 0.00000000e+000 0.00000000e+000
61431.88710493 -19254.100778 39988.619182 23175.179202 8.85451904e+006 4.64244988e+006 8.71941193e+005 1.56426741e+005 1.53792847e+004 1.40406660e+003 3.11118420e+002 7.87006925e+001 2.00776227e+001 5.98633337e+000 2.09453870e+000 8.31312590e-001 3.40340966e-001 1.08142196e-001 3.70114879e-002 6.87288075e-004 0.00000000e+000 0.00000000e+000 0.00000000e+000 0.00000000e+000 0.00000000e+000
61431.89741499 -22152.855767 41389.368105 23974.807532 4.08806602e+006 2.11002555e+006 3.80397174e+005 7.20312464e+004 6.74005949e+003 6.18406536e+002 1.32529210e+002 3.31571524e+001 8.11755523e+000 2.34115914e+000 8.28176645e-001 3.18736823e-001 1.30679062e-001 8.53920242e-003 2.68266338e-003 0.00000000e+000 0.00000000e+000 0.00000000e+000 0.00000000e+000 0.00000000e+000 0.00000000e+000
61431.90858727 -25240.101887 42806.500961 24782.939467 2.23139885e+006 1.15771929e+006 2.02103461e+005 3.79490537e+004 3.21111402e+003 2.91914146e+002 6.05898128e+001 1.47834704e+001 3.45012728e+000 9.67527387e-001 3.20046679e-001 6.03768053e-002 2.53127745e-002 0.00000000e+000 0.00000000e+000 0.00000000e+000 0.00000000e+000 0.00000000e+000 0.00000000e+000 0.00000000e+000 0.00000000e+000
61431.92069223 -28523.376135 44237.289298 25597.944972 1.59058718e+006 8.36295945e+005 1.42770397e+005 2.59828084e+004 1.93477360e+003 1.75085423e+002 3.57057277e+001 8.48780331e+000 1.85314820e+000 5.08396278e-001 9.34918712e-002 0.00000000e+000 0.00000000e+000 0.00000000e+000 0.00000000e+000 0.00000000e+000 0.00000000e+000 0.00000000e+000 0.00000000e+000 0.00000000e+000 0.00000000e+000
61431.93375916 -31998.050590 45673.947095 26415.316116 0.00000000e+000 0.00000000e+000 0.00000000e+000 0.00000000e+000 0.00000000e+000 0.00000000e+000 0.00000000e+000 0.00000000e+000 0.00000000e+000 0.00000000e+000 0.00000000e+000 0.00000000e+000 0.00000000e+000 0.00000000e+000 0.00000000e+000 0.00000000e+000 0.00000000e+000 0.00000000e+000 0.00000000e+000 0.00000000e+000 0.00000000e+000
61431.94777851 -35649.153125 47105.604015 27228.805938 0.00000000e+000 0.00000000e+000 0.00000000e+000 0.00000000e+000 0.00000000e+000 0.00000000e+000 0.00000000e+000 0.00000000e+000 0.00000000e+000 0.00000000e+000 0.00000000e+000 0.00000000e+000 0.00000000e+000 0.00000000e+000 0.00000000e+000 0.00000000e+000 0.00000000e+000 0.00000000e+000 0.00000000e+000 0.00000000e+000 0.00000000e+000
61431.96280698 -39479.047376 48529.251897 28036.649694 0.00000000e+000 0.00000000e+000 0.00000000e+000 0.00000000e+000 0.00000000e+000 0.00000000e+000 0.00000000e+000 0.00000000e+000 0.00000000e+000 0.00000000e+000 0.00000000e+000 0.00000000e+000 0.00000000e+000 0.00000000e+000 0.00000000e+000 0.00000000e+000 0.00000000e+000 0.00000000e+000 0.00000000e+000 0.00000000e+000 0.00000000e+000
61431.97930722 -43589.336317 49975.958785 28856.377319 0.00000000e+000 0.00000000e+000 0.00000000e+000 0.00000000e+000 0.00000000e+000 0.00000000e+000 0.00000000e+000 0.00000000e+000 0.00000000e+000 0.00000000e+000 0.00000000e+000 0.00000000e+000 0.00000000e+000 0.00000000e+000 0.00000000e+000 0.00000000e+000 0.00000000e+000 0.00000000e+000 0.00000000e+000 0.00000000e+000 0.00000000e+000
61431.99665116 -47809.241884 51381.254588 29651.390293 0.00000000e+000 0.00000000e+000 0.00000000e+000 0.00000000e+000 0.00000000e+000 0.00000000e+000 0.00000000e+000 0.00000000e+000 0.00000000e+000 0.00000000e+000 0.00000000e+000 0.00000000e+000 0.00000000e+000 0.00000000e+000 0.00000000e+000 0.00000000e+000 0.00000000e+000 0.00000000e+000 0.00000000e+000 0.00000000e+000 0.00000000e+000
61432.01465213 -52086.743112 52729.762074 30413.020764 0.00000000e+000 0.00000000e+000 0.00000000e+000 0.00000000e+000 0.00000000e+000 0.00000000e+000 0.00000000e+000 0.00000000e+000 0.00000000e+000 0.00000000e+000 0.00000000e+000 0.00000000e+000 0.00000000e+000 0.00000000e+000 0.00000000e+000 0.00000000e+000 0.00000000e+000 0.00000000e+000 0.00000000e+000 0.00000000e+000 0.00000000e+000
61432.03472073 -56740.675597 54116.892162 31195.066308 0.00000000e+000 0.00000000e+000 0.00000000e+000 0.00000000e+000 0.00000000e+000 0.00000000e+000 0.00000000e+000 0.00000000e+000 0.00000000e+000 0.00000000e+000 0.00000000e+000 0.00000000e+000 0.00000000e+000 0.00000000e+000 0.00000000e+000 0.00000000e+000 0.00000000e+000 0.00000000e+000 0.00000000e+000 0.00000000e+000 0.00000000e+000
61432.05633005 -61625.563605 55489.968184 31967.655132 0.00000000e+000 0.00000000e+000 0.00000000e+000 0.00000000e+000 0.00000000e+000 0.00000000e+000 0.00000000e+000 0.00000000e+000 0.00000000e+000 0.00000000e+000 0.00000000e+000 0.00000000e+000 0.00000000e+000 0.00000000e+000 0.00000000e+000 0.00000000e+000 0.00000000e+000 0.00000000e+000 0.00000000e+000 0.00000000e+000 0.00000000e+000
61432.07963422 -66757.082471 56847.771818 32729.989889 0.00000000e+000 0.00000000e+000 0.00000000e+000 0.00000000e+000 0.00000000e+000 0.00000000e+000 0.00000000e+000 0.00000000e+000 0.00000000e+000 0.00000000e+000 0.00000000e+000 0.00000000e+000 0.00000000e+000 0.00000000e+000 0.00000000e+000 0.00000000e+000 0.00000000e+000 0.00000000e+000 0.00000000e+000 0.00000000e+000 0.00000000e+000
61432.10478522 -72147.845591 58187.578313 33480.412442 0.00000000e+000 0.00000000e+000 0.00000000e+000 0.00000000e+000 0.00000000e+000 0.00000000e+000 0.00000000e+000 0.00000000e+000 0.00000000e+000 0.00000000e+000 0.00000000e+000 0.00000000e+000 0.00000000e+000 0.00000000e+000 0.00000000e+000 0.00000000e+000 0.00000000e+000 0.00000000e+000 0.00000000e+000 0.00000000e+000 0.00000000e+000
61432.13194944 -77810.993677 59506.223191 34217.005057 0.00000000e+000 0.00000000e+000 0.00000000e+000 0.00000000e+000 0.00000000e+000 0.00000000e+000 0.00000000e+000 0.00000000e+000 0.00000000e+000 0.00000000e+000 0.00000000e+000 0.00000000e+000 0.00000000e+000 0.00000000e+000 0.00000000e+000 0.00000000e+000 0.00000000e+000 0.00000000e+000 0.00000000e+000 0.00000000e+000 0.00000000e+000
61432.16130868 -83760.070500 60800.037840 34937.553417 0.00000000e+000 0.00000000e+000 0.00000000e+000 0.00000000e+000 0.00000000e+000 0.00000000e+000 0.00000000e+000 0.00000000e+000 0.00000000e+000 0.00000000e+000 0.00000000e+000 0.00000000e+000 0.00000000e+000 0.00000000e+000 0.00000000e+000 0.00000000e+000 0.00000000e+000 0.00000000e+000 0.00000000e+000 0.00000000e+000 0.00000000e+000
61432.19300115 -89997.273482 62062.524603 35638.257499 0.00000000e+000 0.00000000e+000 0.00000000e+000 0.00000000e+000 0.00000000e+000 0.00000000e+000 0.00000000e+000 0.00000000e+000 0.00000000e+000 0.00000000e+000 0.00000000e+000 0.00000000e+000 0.00000000e+000 0.00000000e+000 0.00000000e+000 0.00000000e+000 0.00000000e+000 0.00000000e+000 0.00000000e+000 0.00000000e+000 0.00000000e+000
61432.22719831 -96529.306140 63288.039505 36315.788329 0.00000000e+000 0.00000000e+000 0.00000000e+000 0.00000000e+000 0.00000000e+000 0.00000000e+000 0.00000000e+000 0.00000000e+000 0.00000000e+000 0.00000000e+000 0.00000000e+000 0.00000000e+000 0.00000000e+000 0.00000000e+000 0.00000000e+000 0.00000000e+000 0.00000000e+000 0.00000000e+000 0.00000000e+000 0.00000000e+000 0.00000000e+000
61432.26410505 -103366.579889 64471.292614 36967.001135 0.00000000e+000 0.00000000e+000 0.00000000e+000 0.00000000e+000 0.00000000e+000 0.00000000e+000 0.00000000e+000 0.00000000e+000 0.00000000e+000 0.00000000e+000 0.00000000e+000 0.00000000e+000 0.00000000e+000 0.00000000e+000 0.00000000e+000 0.00000000e+000 0.00000000e+000 0.00000000e+000 0.00000000e+000 0.00000000e+000 0.00000000e+000
61432.30394166 -110519.228760 65606.445439 37588.431415 0.00000000e+000 0.00000000e+000 0.00000000e+000 0.00000000e+000 0.00000000e+000 0.00000000e+000 0.00000000e+000 0.00000000e+000 0.00000000e+000 0.00000000e+000 0.00000000e+000 0.00000000e+000 0.00000000e+000 0.00000000e+000 0.00000000e+000 0.00000000e+000 0.00000000e+000 0.00000000e+000 0.00000000e+000 0.00000000e+000 0.00000000e+000
61432.34694535 -117997.086135 66687.094690 38176.285196 0.00000000e+000 0.00000000e+000 0.00000000e+000 0.00000000e+000 0.00000000e+000 0.00000000e+000 0.00000000e+000 0.00000000e+000 0.00000000e+000 0.00000000e+000 0.00000000e+000 0.00000000e+000 0.00000000e+000 0.00000000e+000 0.00000000e+000 0.00000000e+000 0.00000000e+000 0.00000000e+000 0.00000000e+000 0.00000000e+000 0.00000000e+000
61432.39337235 -125809.727738 67706.257717 38726.429816 0.00000000e+000 0.00000000e+000 0.00000000e+000 0.00000000e+000 0.00000000e+000 0.00000000e+000 0.00000000e+000 0.00000000e+000 0.00000000e+000 0.00000000e+000 0.00000000e+000 0.00000000e+000 0.00000000e+000 0.00000000e+000 0.00000000e+000 0.00000000e+000 0.00000000e+000 0.00000000e+000 0.00000000e+000 0.00000000e+000 0.00000000e+000
61432.44349859 -133966.229619 68656.313670 39234.360407 0.00000000e+000 0.00000000e+000 0.00000000e+000 0.00000000e+000 0.00000000e+000 0.00000000e+000 0.00000000e+000 0.00000000e+000 0.00000000e+000 0.00000000e+000 0.00000000e+000 0.00000000e+000 0.00000000e+000 0.00000000e+000 0.00000000e+000 0.00000000e+000 0.00000000e+000 0.00000000e+000 0.00000000e+000 0.00000000e+000 0.00000000e+000
61432.49762079 -142474.981212 69528.959464 39695.174609 0.00000000e+000 0.00000000e+000 0.00000000e+000 0.00000000e+000 0.00000000e+000 0.00000000e+000 0.00000000e+000 0.00000000e+000 0.00000000e+000 0.00000000e+000 0.00000000e+000 0.00000000e+000 0.00000000e+000 0.00000000e+000 0.00000000e+000 0.00000000e+000 0.00000000e+000 0.00000000e+000 0.00000000e+000 0.00000000e+000 0.00000000e+000
61432.55605924 -151343.723278 70315.187334 40103.558503 0.00000000e+000 0.00000000e+000 0.00000000e+000 0.00000000e+000 0.00000000e+000 0.00000000e+000 0.00000000e+000 0.00000000e+000 0.00000000e+000 0.00000000e+000 0.00000000e+000 0.00000000e+000 0.00000000e+000 0.00000000e+000 0.00000000e+000 0.00000000e+000 0.00000000e+000 0.00000000e+000 0.00000000e+000 0.00000000e+000 0.00000000e+000
61432.61915747 -160579.063661 71005.209701 40453.744661 0.00000000e+000 0.00000000e+000 0.00000000e+000 0.00000000e+000 0.00000000e+000 0.00000000e+000 0.00000000e+000 0.00000000e+000 0.00000000e+000 0.00000000e+000 0.00000000e+000 0.00000000e+000 0.00000000e+000 0.00000000e+000 0.00000000e+000 0.00000000e+000 0.00000000e+000 0.00000000e+000 0.00000000e+000 0.00000000e+000 0.00000000e+000
61432.68728510 -170186.454775 71588.433290 40739.496249 0.00000000e+000 0.00000000e+000 0.00000000e+000 0.00000000e+000 0.00000000e+000 0.00000000e+000 0.00000000e+000 0.00000000e+000 0.00000000e+000 0.00000000e+000 0.00000000e+000 0.00000000e+000 0.00000000e+000 0.00000000e+000 0.00000000e+000 0.00000000e+000 0.00000000e+000 0.00000000e+000 0.00000000e+000 0.00000000e+000 0.00000000e+000
61432.76083995 -180169.983554 72053.409474 40954.078265 0.00000000e+000 0.00000000e+000 0.00000000e+000 0.00000000e+000 0.00000000e+000 0.00000000e+000 0.00000000e+000 0.00000000e+000 0.00000000e+000 0.00000000e+000 0.00000000e+000 0.00000000e+000 0.00000000e+000 0.00000000e+000 0.00000000e+000 0.00000000e+000 0.00000000e+000 0.00000000e+000 0.00000000e+000 0.00000000e+000 0.00000000e+000
61432.84024801 -190531.840684 72387.773561 41090.224148 0.00000000e+000 0.00000000e+000 0.00000000e+000 0.00000000e+000 0.00000000e+000 0.00000000e+000 0.00000000e+000 0.00000000e+000 0.00000000e+000 0.00000000e+000 0.00000000e+000 0.00000000e+000 0.00000000e+000 0.00000000e+000 0.00000000e+000 0.00000000e+000 0.00000000e+000 0.00000000e+000 0.00000000e+000 0.00000000e+000 0.00000000e+000
61432.92596730 -201272.261341 72578.211484 41140.115777 0.00000000e+000 0.00000000e+000 0.00000000e+000 0.00000000e+000 0.00000000e+000 0.00000000e+000 0.00000000e+000 0.00000000e+000 0.00000000e+000 0.00000000e+000 0.00000000e+000 0.00000000e+000 0.00000000e+000 0.00000000e+000 0.00000000e+000 0.00000000e+000 0.00000000e+000 0.00000000e+000 0.00000000e+000 0.00000000e+000 0.00000000e+000
61433.01848692 -212388.778606 72610.408656 41095.357133 0.00000000e+000 0.00000000e+000 0.00000000e+000 0.00000000e+000 0.00000000e+000 0.00000000e+000 0.00000000e+000 0.00000000e+000 0.00000000e+000 0.00000000e+000 0.00000000e+000 0.00000000e+000 0.00000000e+000 0.00000000e+000 0.00000000e+000 0.00000000e+000 0.00000000e+000 0.00000000e+000 0.00000000e+000 0.00000000e+000 0.00000000e+000
61433.11833072 -223876.031472 72469.025759 40946.960776 0.00000000e+000 0.00000000e+000 0.00000000e+000 0.00000000e+000 0.00000000e+000 0.00000000e+000 0.00000000e+000 0.00000000e+000 0.00000000e+000 0.00000000e+000 0.00000000e+000 0.00000000e+000 0.00000000e+000 0.00000000e+000 0.00000000e+000 0.00000000e+000 0.00000000e+000 0.00000000e+000 0.00000000e+000 0.00000000e+000 0.00000000e+000
61433.22605766 -235725.087850 72137.677700 40685.339268 0.00000000e+000 0.00000000e+000 0.00000000e+000 0.00000000e+000 0.00000000e+000 0.00000000e+000 0.00000000e+000 0.00000000e+000 0.00000000e+000 0.00000000e+000 0.00000000e+000 0.00000000e+000 0.00000000e+000 0.00000000e+000 0.00000000e+000 0.00000000e+000 0.00000000e+000 0.00000000e+000 0.00000000e+000 0.00000000e+000 0.00000000e+000
61433.34226184 -247922.707593 71598.944070 40300.315672 0.00000000e+000 0.00000000e+000 0.00000000e+000 0.00000000e+000 0.00000000e+000 0.00000000e+000 0.00000000e+000 0.00000000e+000 0.00000000e+000 0.00000000e+000 0.00000000e+000 0.00000000e+000 0.00000000e+000 0.00000000e+000 0.00000000e+000 0.00000000e+000 0.00000000e+000 0.00000000e+000 0.00000000e+000 0.00000000e+000 0.00000000e+000
61433.46757485 -260450.819903 70834.397874 39781.143763 0.00000000e+000 0.00000000e+000 0.00000000e+000 0.00000000e+000 0.00000000e+000 0.00000000e+000 0.00000000e+000 0.00000000e+000 0.00000000e+000 0.00000000e+000 0.00000000e+000 0.00000000e+000 0.00000000e+000 0.00000000e+000 0.00000000e+000 0.00000000e+000 0.00000000e+000 0.00000000e+000 0.00000000e+000 0.00000000e+000 0.00000000e+000
61433.60266853 -273285.936137 69824.648237 39116.536808 0.00000000e+000 0.00000000e+000 0.00000000e+000 0.00000000e+000 0.00000000e+000 0.00000000e+000 0.00000000e+000 0.00000000e+000 0.00000000e+000 0.00000000e+000 0.00000000e+000 0.00000000e+000 0.00000000e+000 0.00000000e+000 0.00000000e+000 0.00000000e+000 0.00000000e+000 0.00000000e+000 0.00000000e+000 0.00000000e+000 0.00000000e+000
61433.74825840 -286398.514353 68549.395667 38294.703655 0.00000000e+000 0.00000000e+000 0.00000000e+000 0.00000000e+000 0.00000000e+000 0.00000000e+000 0.00000000e+000 0.00000000e+000 0.00000000e+000 0.00000000e+000 0.00000000e+000 0.00000000e+000 0.00000000e+000 0.00000000e+000 0.00000000e+000 0.00000000e+000 0.00000000e+000 0.00000000e+000 0.00000000e+000 0.00000000e+000 0.00000000e+000
61433.90511367 -299752.729126 66987.436625 37303.352015 0.00000000e+000 0.00000000e+000 0.00000000e+000 0.00000000e+000 0.00000000e+000 0.00000000e+000 0.00000000e+000 0.00000000e+000 0.00000000e+000 0.00000000e+000 0.00000000e+000 0.00000000e+000 0.00000000e+000 0.00000000e+000 0.00000000e+000 0.00000000e+000 0.00000000e+000 0.00000000e+000 0.00000000e+000 0.00000000e+000 0.00000000e+000
