# Ae9Ap9 Model output file: MoonBEAM_trajectory_trade/Rp18408_COM_8per90prop30inc_Tran.AE9.output_mc_fluxIntvAvg_026.txt
# Ae9Ap9 Software Version:  1.50.001
#
# Model type:               AE9
# Particle species:         e-
# Flux type:                1PtDiff
# Flux direction:           Omnidirectional
# Energy levels (MeV):       0.04 0.07 0.1 0.25 0.5 0.75 1 1.5 2 2.5 3 3.5 4 4.5 5 5.5 6 6.5 7 8.5 10
#
# Accumulation mode:        Interval, length = 13997 seconds (0.162002 days)
#
# Time format:              Modified Julian Date
# Coordinate system:        GEI (Geocentric Equatorial Inertial) Cartesian in km
# Data Delimiter:           space
#
# datetime(mjd),posx(km),posy(km),posz(km),flux,flux,flux,flux,flux,flux,flux,flux,flux,flux,flux,flux,flux,flux,flux,flux,flux,flux,flux,flux,flux(#/cm^2/s/MeV)
61411.87033565 0.000000 0.000000 0.000000 1.26870951e+008 1.66513727e+008 9.84850378e+007 3.40547341e+007 9.47867768e+006 4.16110859e+006 2.06547585e+006 8.56089994e+005 3.38945640e+005 1.27495781e+005 4.87032219e+004 1.90945955e+004 6.95886632e+003 2.44482690e+003 8.77551321e+002 3.68804278e+002 1.85438813e+002 1.09187400e+002 5.80399180e+001 2.25856641e+001 1.15614095e+001
61412.03233796 0.000000 0.000000 0.000000 1.11690480e+008 7.32267083e+007 2.51195204e+007 6.59727158e+006 1.87191889e+006 6.03516322e+005 1.65223572e+005 5.56400073e+004 2.30645663e+004 1.02525906e+004 4.56157363e+003 1.75552411e+003 7.00163087e+002 2.73516098e+002 1.12568278e+002 5.14340676e+001 2.77224823e+001 1.66584357e+001 8.47202002e+000 3.08365998e+000 1.51172347e+000
61412.19434028 0.000000 0.000000 0.000000 4.50367487e+007 4.40572371e+007 2.12543062e+007 7.86518371e+006 3.47420426e+006 1.82207644e+006 7.94825818e+005 2.91655477e+005 1.14344121e+005 3.62669131e+004 1.19598294e+004 4.33925406e+003 1.70538695e+003 6.49276362e+002 2.40080435e+002 9.42095875e+001 4.58068386e+001 2.70263640e+001 1.48707068e+001 6.26031371e+000 3.41271090e+000
61412.35634259 0.000000 0.000000 0.000000 9.56448973e+007 8.25529431e+007 3.23279465e+007 9.70971438e+006 2.89532395e+006 1.00329234e+006 3.43678601e+005 1.16263547e+005 4.15441782e+004 1.38195084e+004 4.67879205e+003 1.72020867e+003 6.92054029e+002 2.74033038e+002 1.12147850e+002 5.09473981e+001 2.78861587e+001 1.73765723e+001 9.46307469e+000 3.85429319e+000 2.02611519e+000
61412.51834491 0.000000 0.000000 0.000000 1.02497334e+008 9.60689830e+007 3.61588443e+007 9.27320904e+006 1.67766424e+006 2.91914149e+005 6.28129513e+004 1.39878308e+004 3.13934317e+003 8.93811468e+002 3.79325726e+002 1.87095365e+002 1.01843260e+002 4.94135387e+001 2.30600966e+001 1.11267207e+001 6.71785241e+000 4.57128086e+000 2.64562907e+000 1.12078209e+000 5.93566108e-001
61412.68034722 0.000000 0.000000 0.000000 1.32048461e+008 1.21805648e+008 4.82459363e+007 1.93389783e+007 7.62794325e+006 3.23001296e+006 1.23367735e+006 3.79701197e+005 1.01119453e+005 2.80167102e+004 8.44823278e+003 2.90322304e+003 1.11031869e+003 4.33883773e+002 1.85037009e+002 9.12717338e+001 5.32857893e+001 3.45809037e+001 1.94090736e+001 8.50721119e+000 4.62427680e+000
61412.84234954 0.000000 0.000000 0.000000 6.42035309e+008 6.03190142e+008 3.03931499e+008 5.29236678e+007 8.10181455e+006 2.39422390e+006 8.67190406e+005 2.59212775e+005 6.54259604e+004 1.71964986e+004 4.96669641e+003 1.66193794e+003 6.14652191e+002 2.36010099e+002 1.00607248e+002 5.02290273e+001 2.93233042e+001 1.89776673e+001 1.06954316e+001 4.87362531e+000 2.74845257e+000
61413.00435185 0.000000 0.000000 0.000000 8.72765133e+007 8.56751080e+007 3.37965604e+007 9.97256362e+006 1.98394364e+006 4.33359394e+005 1.14373487e+005 3.08675204e+004 7.61936273e+003 2.03368950e+003 6.77793240e+002 2.73227012e+002 1.40185633e+002 6.89398125e+001 3.36704244e+001 1.73200154e+001 1.08196132e+001 7.55683220e+000 4.51115225e+000 2.13088238e+000 1.18926665e+000
61413.16635417 0.000000 0.000000 0.000000 9.87295096e+006 1.00432327e+007 3.65854565e+006 6.95288840e+005 6.57664572e+004 7.17044192e+003 1.18901121e+003 2.45721772e+002 6.04751897e+001 2.03999178e+001 1.07973792e+001 6.39518712e+000 4.10524192e+000 2.34427280e+000 1.26435034e+000 6.13924519e-001 3.33574096e-001 2.40889272e-001 1.46983586e-001 2.30680370e-002 2.73856586e-005
61413.32835648 0.000000 0.000000 0.000000 1.09975232e+008 9.62873398e+007 3.44739101e+007 7.61278291e+006 9.38540002e+005 1.49195088e+005 2.86495684e+004 6.06720979e+003 1.42474507e+003 4.30501192e+002 1.94670873e+002 1.04947968e+002 6.32311520e+001 3.30210446e+001 1.64799575e+001 8.65397325e+000 5.72298899e+000 4.24821245e+000 2.71862308e+000 1.49775987e+000 9.33171536e-001
61413.49035880 0.000000 0.000000 0.000000 2.90575186e+008 2.75326836e+008 1.26635739e+008 2.85362878e+007 4.38018097e+006 1.30902491e+006 4.45463015e+005 1.19129092e+005 2.71344501e+004 7.19973037e+003 2.29518775e+003 8.25480040e+002 3.33092947e+002 1.39702929e+002 6.33187007e+001 3.18081039e+001 1.84997174e+001 1.19533950e+001 6.81142706e+000 3.43692338e+000 2.23714128e+000
61413.65236111 0.000000 0.000000 0.000000 1.89225653e+008 1.63699539e+008 6.15044250e+007 1.54504384e+007 2.71591275e+006 8.11584588e+005 2.65287494e+005 6.69115612e+004 1.44198133e+004 3.84626119e+003 1.26838238e+003 4.73309433e+002 2.08529746e+002 9.39204243e+001 4.43144373e+001 2.24962061e+001 1.35580344e+001 9.18744264e+000 5.51702923e+000 3.10064032e+000 2.20344635e+000
61413.81436343 0.000000 0.000000 0.000000 7.65551199e+006 6.05835732e+006 1.89497484e+006 2.83068908e+005 1.82714888e+004 2.01441816e+003 2.86091646e+002 4.31623786e+001 1.17479039e+001 5.46138992e+000 4.16673769e+000 3.04290645e+000 2.05809914e+000 1.13500480e+000 6.10740064e-001 3.20955472e-001 2.07750033e-001 1.62438257e-001 1.11302111e-001 6.70960252e-002 2.76594554e-002
61413.97636574 0.000000 0.000000 0.000000 0.00000000e+000 0.00000000e+000 0.00000000e+000 0.00000000e+000 0.00000000e+000 0.00000000e+000 0.00000000e+000 0.00000000e+000 0.00000000e+000 0.00000000e+000 0.00000000e+000 0.00000000e+000 0.00000000e+000 0.00000000e+000 0.00000000e+000 0.00000000e+000 0.00000000e+000 0.00000000e+000 0.00000000e+000 0.00000000e+000 0.00000000e+000
61414.13836806 0.000000 0.000000 0.000000 0.00000000e+000 0.00000000e+000 0.00000000e+000 0.00000000e+000 0.00000000e+000 0.00000000e+000 0.00000000e+000 0.00000000e+000 0.00000000e+000 0.00000000e+000 0.00000000e+000 0.00000000e+000 0.00000000e+000 0.00000000e+000 0.00000000e+000 0.00000000e+000 0.00000000e+000 0.00000000e+000 0.00000000e+000 0.00000000e+000 0.00000000e+000
61414.30037037 0.000000 0.000000 0.000000 3.54093976e+007 2.86291586e+007 8.41998178e+006 1.03490283e+006 8.20666463e+004 9.30377027e+003 1.46380763e+003 2.78172694e+002 6.85394654e+001 2.55631849e+001 1.54110460e+001 9.95526532e+000 6.66871974e+000 3.81977699e+000 2.07406125e+000 1.09650378e+000 6.84433772e-001 5.34190024e-001 3.63045713e-001 1.81943897e-001 3.68042327e-002
61414.46237269 0.000000 0.000000 0.000000 3.12156989e+008 2.32770970e+008 7.47865390e+007 1.59797356e+007 3.29546107e+006 1.00563185e+006 3.05676660e+005 7.58142106e+004 1.97479858e+004 6.34295904e+003 2.41182586e+003 1.04592659e+003 4.99452693e+002 2.33807735e+002 1.12967116e+002 5.98569397e+001 3.73297702e+001 2.60240787e+001 1.59197158e+001 8.88872977e+000 6.04047526e+000
61414.62437500 0.000000 0.000000 0.000000 4.04186043e+008 3.00437759e+008 1.13180644e+008 2.13157642e+007 3.26325327e+006 7.82803488e+005 2.25283472e+005 5.73339085e+004 1.60868286e+004 5.31708040e+003 2.05500411e+003 9.17904076e+002 4.55777764e+002 2.18256154e+002 1.06696390e+002 5.65871285e+001 3.54332630e+001 2.49685604e+001 1.54506580e+001 8.71794003e+000 5.89442172e+000
61414.78637731 0.000000 0.000000 0.000000 3.95766189e+007 3.19514184e+007 9.01713694e+006 9.85584158e+005 9.28245158e+004 1.15017356e+004 2.15855905e+003 4.80922057e+002 1.09358852e+002 3.61680856e+001 1.97568270e+001 1.24159274e+001 8.49143623e+000 5.02747058e+000 2.77855767e+000 1.55818655e+000 1.06826606e+000 8.38531000e-001 5.74099260e-001 3.50439481e-001 1.96669954e-001
61414.94837963 0.000000 0.000000 0.000000 0.00000000e+000 0.00000000e+000 0.00000000e+000 0.00000000e+000 0.00000000e+000 0.00000000e+000 0.00000000e+000 0.00000000e+000 0.00000000e+000 0.00000000e+000 0.00000000e+000 0.00000000e+000 0.00000000e+000 0.00000000e+000 0.00000000e+000 0.00000000e+000 0.00000000e+000 0.00000000e+000 0.00000000e+000 0.00000000e+000 0.00000000e+000
61415.11038194 0.000000 0.000000 0.000000 0.00000000e+000 0.00000000e+000 0.00000000e+000 0.00000000e+000 0.00000000e+000 0.00000000e+000 0.00000000e+000 0.00000000e+000 0.00000000e+000 0.00000000e+000 0.00000000e+000 0.00000000e+000 0.00000000e+000 0.00000000e+000 0.00000000e+000 0.00000000e+000 0.00000000e+000 0.00000000e+000 0.00000000e+000 0.00000000e+000 0.00000000e+000
61415.27238426 0.000000 0.000000 0.000000 0.00000000e+000 0.00000000e+000 0.00000000e+000 0.00000000e+000 0.00000000e+000 0.00000000e+000 0.00000000e+000 0.00000000e+000 0.00000000e+000 0.00000000e+000 0.00000000e+000 0.00000000e+000 0.00000000e+000 0.00000000e+000 0.00000000e+000 0.00000000e+000 0.00000000e+000 0.00000000e+000 0.00000000e+000 0.00000000e+000 0.00000000e+000
61415.43438657 0.000000 0.000000 0.000000 0.00000000e+000 0.00000000e+000 0.00000000e+000 0.00000000e+000 0.00000000e+000 0.00000000e+000 0.00000000e+000 0.00000000e+000 0.00000000e+000 0.00000000e+000 0.00000000e+000 0.00000000e+000 0.00000000e+000 0.00000000e+000 0.00000000e+000 0.00000000e+000 0.00000000e+000 0.00000000e+000 0.00000000e+000 0.00000000e+000 0.00000000e+000
61415.59638889 0.000000 0.000000 0.000000 0.00000000e+000 0.00000000e+000 0.00000000e+000 0.00000000e+000 0.00000000e+000 0.00000000e+000 0.00000000e+000 0.00000000e+000 0.00000000e+000 0.00000000e+000 0.00000000e+000 0.00000000e+000 0.00000000e+000 0.00000000e+000 0.00000000e+000 0.00000000e+000 0.00000000e+000 0.00000000e+000 0.00000000e+000 0.00000000e+000 0.00000000e+000
61415.75839120 0.000000 0.000000 0.000000 7.31211302e+004 1.07971274e+005 6.99216415e+004 6.75834597e+004 1.08018345e+004 1.69247443e+003 4.09748922e+002 9.20614739e+001 2.96551309e+001 1.19082116e+001 5.77201366e+000 3.02088589e+000 1.80654939e+000 8.48834521e-001 5.24206291e-001 1.07849457e-001 -1.62897540e-003 -1.20199332e-003 -6.77583702e-004 0.00000000e+000 0.00000000e+000
61415.92039352 0.000000 0.000000 0.000000 4.29551026e+006 6.02780502e+006 5.11620093e+006 6.97088953e+006 2.34136944e+006 7.13249688e+005 2.60322279e+005 8.89773451e+004 2.36935322e+004 7.54215965e+003 2.95655516e+003 1.26993016e+003 6.29766151e+002 3.14206851e+002 1.64464448e+002 9.44003030e+001 6.44932477e+001 4.91654018e+001 3.35372510e+001 2.19174936e+001 1.66721068e+001
61416.08239583 0.000000 0.000000 0.000000 5.81107443e+007 6.66479814e+007 3.98269600e+007 2.40320402e+007 5.68559112e+006 1.72615076e+006 7.90555908e+005 2.82102344e+005 6.06407921e+004 1.57180646e+004 5.37179299e+003 2.11390182e+003 9.51813475e+002 4.39817339e+002 2.11052128e+002 1.11545762e+002 7.16665122e+001 5.28703760e+001 3.53288849e+001 2.33296624e+001 1.85598256e+001
61416.24439815 0.000000 0.000000 0.000000 8.12385679e+005 1.07934072e+006 7.82427233e+005 4.79358946e+005 9.11377644e+004 1.68458678e+004 3.67234632e+003 7.44429030e+002 2.13777968e+002 9.56528588e+001 6.56630710e+001 4.26140152e+001 2.72758322e+001 1.55790783e+001 8.73284413e+000 4.98653584e+000 3.32804469e+000 2.54048484e+000 1.72608009e+000 9.86309606e-001 5.34672867e-001
61416.40640046 0.000000 0.000000 0.000000 0.00000000e+000 0.00000000e+000 0.00000000e+000 0.00000000e+000 0.00000000e+000 0.00000000e+000 0.00000000e+000 0.00000000e+000 0.00000000e+000 0.00000000e+000 0.00000000e+000 0.00000000e+000 0.00000000e+000 0.00000000e+000 0.00000000e+000 0.00000000e+000 0.00000000e+000 0.00000000e+000 0.00000000e+000 0.00000000e+000 0.00000000e+000
61416.56840278 0.000000 0.000000 0.000000 0.00000000e+000 0.00000000e+000 0.00000000e+000 0.00000000e+000 0.00000000e+000 0.00000000e+000 0.00000000e+000 0.00000000e+000 0.00000000e+000 0.00000000e+000 0.00000000e+000 0.00000000e+000 0.00000000e+000 0.00000000e+000 0.00000000e+000 0.00000000e+000 0.00000000e+000 0.00000000e+000 0.00000000e+000 0.00000000e+000 0.00000000e+000
61416.73040509 0.000000 0.000000 0.000000 0.00000000e+000 0.00000000e+000 0.00000000e+000 0.00000000e+000 0.00000000e+000 0.00000000e+000 0.00000000e+000 0.00000000e+000 0.00000000e+000 0.00000000e+000 0.00000000e+000 0.00000000e+000 0.00000000e+000 0.00000000e+000 0.00000000e+000 0.00000000e+000 0.00000000e+000 0.00000000e+000 0.00000000e+000 0.00000000e+000 0.00000000e+000
61416.89240741 0.000000 0.000000 0.000000 0.00000000e+000 0.00000000e+000 0.00000000e+000 0.00000000e+000 0.00000000e+000 0.00000000e+000 0.00000000e+000 0.00000000e+000 0.00000000e+000 0.00000000e+000 0.00000000e+000 0.00000000e+000 0.00000000e+000 0.00000000e+000 0.00000000e+000 0.00000000e+000 0.00000000e+000 0.00000000e+000 0.00000000e+000 0.00000000e+000 0.00000000e+000
61417.05440972 0.000000 0.000000 0.000000 0.00000000e+000 0.00000000e+000 0.00000000e+000 0.00000000e+000 0.00000000e+000 0.00000000e+000 0.00000000e+000 0.00000000e+000 0.00000000e+000 0.00000000e+000 0.00000000e+000 0.00000000e+000 0.00000000e+000 0.00000000e+000 0.00000000e+000 0.00000000e+000 0.00000000e+000 0.00000000e+000 0.00000000e+000 0.00000000e+000 0.00000000e+000
61417.21641204 0.000000 0.000000 0.000000 0.00000000e+000 0.00000000e+000 0.00000000e+000 0.00000000e+000 0.00000000e+000 0.00000000e+000 0.00000000e+000 0.00000000e+000 0.00000000e+000 0.00000000e+000 0.00000000e+000 0.00000000e+000 0.00000000e+000 0.00000000e+000 0.00000000e+000 0.00000000e+000 0.00000000e+000 0.00000000e+000 0.00000000e+000 0.00000000e+000 0.00000000e+000
61417.37841435 0.000000 0.000000 0.000000 0.00000000e+000 0.00000000e+000 0.00000000e+000 0.00000000e+000 0.00000000e+000 0.00000000e+000 0.00000000e+000 0.00000000e+000 0.00000000e+000 0.00000000e+000 0.00000000e+000 0.00000000e+000 0.00000000e+000 0.00000000e+000 0.00000000e+000 0.00000000e+000 0.00000000e+000 0.00000000e+000 0.00000000e+000 0.00000000e+000 0.00000000e+000
61417.54041667 0.000000 0.000000 0.000000 0.00000000e+000 0.00000000e+000 0.00000000e+000 0.00000000e+000 0.00000000e+000 0.00000000e+000 0.00000000e+000 0.00000000e+000 0.00000000e+000 0.00000000e+000 0.00000000e+000 0.00000000e+000 0.00000000e+000 0.00000000e+000 0.00000000e+000 0.00000000e+000 0.00000000e+000 0.00000000e+000 0.00000000e+000 0.00000000e+000 0.00000000e+000
61417.70241898 0.000000 0.000000 0.000000 0.00000000e+000 0.00000000e+000 0.00000000e+000 0.00000000e+000 0.00000000e+000 0.00000000e+000 0.00000000e+000 0.00000000e+000 0.00000000e+000 0.00000000e+000 0.00000000e+000 0.00000000e+000 0.00000000e+000 0.00000000e+000 0.00000000e+000 0.00000000e+000 0.00000000e+000 0.00000000e+000 0.00000000e+000 0.00000000e+000 0.00000000e+000
61417.86442130 0.000000 0.000000 0.000000 0.00000000e+000 0.00000000e+000 0.00000000e+000 0.00000000e+000 0.00000000e+000 0.00000000e+000 0.00000000e+000 0.00000000e+000 0.00000000e+000 0.00000000e+000 0.00000000e+000 0.00000000e+000 0.00000000e+000 0.00000000e+000 0.00000000e+000 0.00000000e+000 0.00000000e+000 0.00000000e+000 0.00000000e+000 0.00000000e+000 0.00000000e+000
61418.02642361 0.000000 0.000000 0.000000 0.00000000e+000 0.00000000e+000 0.00000000e+000 0.00000000e+000 0.00000000e+000 0.00000000e+000 0.00000000e+000 0.00000000e+000 0.00000000e+000 0.00000000e+000 0.00000000e+000 0.00000000e+000 0.00000000e+000 0.00000000e+000 0.00000000e+000 0.00000000e+000 0.00000000e+000 0.00000000e+000 0.00000000e+000 0.00000000e+000 0.00000000e+000
61418.18842593 0.000000 0.000000 0.000000 7.27755272e+003 7.14833102e+003 1.22847449e+003 -2.00577327e+001 -9.45620266e+000 -9.78371887e-001 -1.49923103e-001 -4.29198955e-002 -8.71675010e-003 -1.96624449e-003 -1.13467104e-003 -1.07154120e-004 -5.17431900e-005 0.00000000e+000 0.00000000e+000 0.00000000e+000 0.00000000e+000 0.00000000e+000 0.00000000e+000 0.00000000e+000 0.00000000e+000
61418.35042824 0.000000 0.000000 0.000000 2.31076980e+008 1.57299347e+008 4.80394752e+007 1.04633962e+007 1.52776133e+006 3.69782576e+005 1.10338312e+005 3.52446795e+004 1.19170061e+004 4.04160175e+003 1.47064047e+003 5.30295677e+002 2.13775607e+002 8.65184813e+001 3.71835267e+001 1.80085857e+001 1.05685486e+001 6.82156373e+000 3.77647076e+000 1.60621703e+000 8.93173086e-001
61418.51243056 0.000000 0.000000 0.000000 4.46554322e+008 2.31459115e+008 8.59236725e+007 2.51305788e+007 6.82204858e+006 2.62035780e+006 1.17306921e+006 5.19136597e+005 2.17392981e+005 7.72466314e+004 2.93251329e+004 1.23757373e+004 5.30934936e+003 2.20314242e+003 8.82114525e+002 3.86080508e+002 2.05922062e+002 1.34235191e+002 8.11775668e+001 4.00254103e+001 2.40483985e+001
61418.67443287 0.000000 0.000000 0.000000 1.89349525e+008 1.34565092e+008 3.87583691e+007 7.71492891e+006 9.40200298e+005 1.92413981e+005 5.35608159e+004 1.45049354e+004 3.81656423e+003 1.04422735e+003 3.52827841e+002 1.32400884e+002 6.03021670e+001 2.65607358e+001 1.17367406e+001 5.55357015e+000 3.24807853e+000 2.10437482e+000 1.16816301e+000 4.84580940e-001 2.65393929e-001
61418.83643519 0.000000 0.000000 0.000000 0.00000000e+000 0.00000000e+000 0.00000000e+000 0.00000000e+000 0.00000000e+000 0.00000000e+000 0.00000000e+000 0.00000000e+000 0.00000000e+000 0.00000000e+000 0.00000000e+000 0.00000000e+000 0.00000000e+000 0.00000000e+000 0.00000000e+000 0.00000000e+000 0.00000000e+000 0.00000000e+000 0.00000000e+000 0.00000000e+000 0.00000000e+000
61418.99843750 0.000000 0.000000 0.000000 0.00000000e+000 0.00000000e+000 0.00000000e+000 0.00000000e+000 0.00000000e+000 0.00000000e+000 0.00000000e+000 0.00000000e+000 0.00000000e+000 0.00000000e+000 0.00000000e+000 0.00000000e+000 0.00000000e+000 0.00000000e+000 0.00000000e+000 0.00000000e+000 0.00000000e+000 0.00000000e+000 0.00000000e+000 0.00000000e+000 0.00000000e+000
61419.16043981 0.000000 0.000000 0.000000 0.00000000e+000 0.00000000e+000 0.00000000e+000 0.00000000e+000 0.00000000e+000 0.00000000e+000 0.00000000e+000 0.00000000e+000 0.00000000e+000 0.00000000e+000 0.00000000e+000 0.00000000e+000 0.00000000e+000 0.00000000e+000 0.00000000e+000 0.00000000e+000 0.00000000e+000 0.00000000e+000 0.00000000e+000 0.00000000e+000 0.00000000e+000
61419.32244213 0.000000 0.000000 0.000000 0.00000000e+000 0.00000000e+000 0.00000000e+000 0.00000000e+000 0.00000000e+000 0.00000000e+000 0.00000000e+000 0.00000000e+000 0.00000000e+000 0.00000000e+000 0.00000000e+000 0.00000000e+000 0.00000000e+000 0.00000000e+000 0.00000000e+000 0.00000000e+000 0.00000000e+000 0.00000000e+000 0.00000000e+000 0.00000000e+000 0.00000000e+000
61419.48444444 0.000000 0.000000 0.000000 0.00000000e+000 0.00000000e+000 0.00000000e+000 0.00000000e+000 0.00000000e+000 0.00000000e+000 0.00000000e+000 0.00000000e+000 0.00000000e+000 0.00000000e+000 0.00000000e+000 0.00000000e+000 0.00000000e+000 0.00000000e+000 0.00000000e+000 0.00000000e+000 0.00000000e+000 0.00000000e+000 0.00000000e+000 0.00000000e+000 0.00000000e+000
61419.64644676 0.000000 0.000000 0.000000 0.00000000e+000 0.00000000e+000 0.00000000e+000 0.00000000e+000 0.00000000e+000 0.00000000e+000 0.00000000e+000 0.00000000e+000 0.00000000e+000 0.00000000e+000 0.00000000e+000 0.00000000e+000 0.00000000e+000 0.00000000e+000 0.00000000e+000 0.00000000e+000 0.00000000e+000 0.00000000e+000 0.00000000e+000 0.00000000e+000 0.00000000e+000
61419.80844907 0.000000 0.000000 0.000000 0.00000000e+000 0.00000000e+000 0.00000000e+000 0.00000000e+000 0.00000000e+000 0.00000000e+000 0.00000000e+000 0.00000000e+000 0.00000000e+000 0.00000000e+000 0.00000000e+000 0.00000000e+000 0.00000000e+000 0.00000000e+000 0.00000000e+000 0.00000000e+000 0.00000000e+000 0.00000000e+000 0.00000000e+000 0.00000000e+000 0.00000000e+000
61419.97045139 0.000000 0.000000 0.000000 0.00000000e+000 0.00000000e+000 0.00000000e+000 0.00000000e+000 0.00000000e+000 0.00000000e+000 0.00000000e+000 0.00000000e+000 0.00000000e+000 0.00000000e+000 0.00000000e+000 0.00000000e+000 0.00000000e+000 0.00000000e+000 0.00000000e+000 0.00000000e+000 0.00000000e+000 0.00000000e+000 0.00000000e+000 0.00000000e+000 0.00000000e+000
61420.13245370 0.000000 0.000000 0.000000 0.00000000e+000 0.00000000e+000 0.00000000e+000 0.00000000e+000 0.00000000e+000 0.00000000e+000 0.00000000e+000 0.00000000e+000 0.00000000e+000 0.00000000e+000 0.00000000e+000 0.00000000e+000 0.00000000e+000 0.00000000e+000 0.00000000e+000 0.00000000e+000 0.00000000e+000 0.00000000e+000 0.00000000e+000 0.00000000e+000 0.00000000e+000
61420.29445602 0.000000 0.000000 0.000000 0.00000000e+000 0.00000000e+000 0.00000000e+000 0.00000000e+000 0.00000000e+000 0.00000000e+000 0.00000000e+000 0.00000000e+000 0.00000000e+000 0.00000000e+000 0.00000000e+000 0.00000000e+000 0.00000000e+000 0.00000000e+000 0.00000000e+000 0.00000000e+000 0.00000000e+000 0.00000000e+000 0.00000000e+000 0.00000000e+000 0.00000000e+000
61420.45645833 0.000000 0.000000 0.000000 0.00000000e+000 0.00000000e+000 0.00000000e+000 0.00000000e+000 0.00000000e+000 0.00000000e+000 0.00000000e+000 0.00000000e+000 0.00000000e+000 0.00000000e+000 0.00000000e+000 0.00000000e+000 0.00000000e+000 0.00000000e+000 0.00000000e+000 0.00000000e+000 0.00000000e+000 0.00000000e+000 0.00000000e+000 0.00000000e+000 0.00000000e+000
61420.55915852 0.000000 0.000000 0.000000 0.00000000e+000 0.00000000e+000 0.00000000e+000 0.00000000e+000 0.00000000e+000 0.00000000e+000 0.00000000e+000 0.00000000e+000 0.00000000e+000 0.00000000e+000 0.00000000e+000 0.00000000e+000 0.00000000e+000 0.00000000e+000 0.00000000e+000 0.00000000e+000 0.00000000e+000 0.00000000e+000 0.00000000e+000 0.00000000e+000 0.00000000e+000
