# Ae9Ap9 Model output file: MoonBEAM_trajectory_trade/Rp18408_COM_8per90prop30inc_Sci.AP9.output_mc_flux_021.txt
# Ae9Ap9 Software Version:  1.50.001
#
# Model type:               AP9
# Particle species:         H+
# Flux type:                1PtDiff
# Flux direction:           Omnidirectional
# Energy levels (MeV):       0.1 0.2 0.4 0.6 0.8 1 2 4 6 8 10 15 20 30 50 60 80 100 150 200 300 400 700 1200 2000
#
# Time format:              Modified Julian Date
# Coordinate system:        GEI (Geocentric Equatorial Inertial) Cartesian in km
# Data Delimiter:           space
#
# datetime(mjd),posx(km),posy(km),posz(km),flux,flux,flux,flux,flux,flux,flux,flux,flux,flux,flux,flux,flux,flux,flux,flux,flux,flux,flux,flux,flux,flux,flux,flux,flux(#/cm^2/s/MeV)
61429.46949573 -304181.640280 -80019.908149 -48268.149155 0.00000000e+000 0.00000000e+000 0.00000000e+000 0.00000000e+000 0.00000000e+000 0.00000000e+000 0.00000000e+000 0.00000000e+000 0.00000000e+000 0.00000000e+000 0.00000000e+000 0.00000000e+000 0.00000000e+000 0.00000000e+000 0.00000000e+000 0.00000000e+000 0.00000000e+000 0.00000000e+000 0.00000000e+000 0.00000000e+000 0.00000000e+000 0.00000000e+000 0.00000000e+000 0.00000000e+000 0.00000000e+000
61429.66048586 -288432.736372 -81391.796844 -48968.293303 0.00000000e+000 0.00000000e+000 0.00000000e+000 0.00000000e+000 0.00000000e+000 0.00000000e+000 0.00000000e+000 0.00000000e+000 0.00000000e+000 0.00000000e+000 0.00000000e+000 0.00000000e+000 0.00000000e+000 0.00000000e+000 0.00000000e+000 0.00000000e+000 0.00000000e+000 0.00000000e+000 0.00000000e+000 0.00000000e+000 0.00000000e+000 0.00000000e+000 0.00000000e+000 0.00000000e+000 0.00000000e+000
61429.83554417 -273010.020262 -82357.483670 -49436.342914 0.00000000e+000 0.00000000e+000 0.00000000e+000 0.00000000e+000 0.00000000e+000 0.00000000e+000 0.00000000e+000 0.00000000e+000 0.00000000e+000 0.00000000e+000 0.00000000e+000 0.00000000e+000 0.00000000e+000 0.00000000e+000 0.00000000e+000 0.00000000e+000 0.00000000e+000 0.00000000e+000 0.00000000e+000 0.00000000e+000 0.00000000e+000 0.00000000e+000 0.00000000e+000 0.00000000e+000 0.00000000e+000
61429.99606503 -257962.515504 -82957.629171 -49695.942067 0.00000000e+000 0.00000000e+000 0.00000000e+000 0.00000000e+000 0.00000000e+000 0.00000000e+000 0.00000000e+000 0.00000000e+000 0.00000000e+000 0.00000000e+000 0.00000000e+000 0.00000000e+000 0.00000000e+000 0.00000000e+000 0.00000000e+000 0.00000000e+000 0.00000000e+000 0.00000000e+000 0.00000000e+000 0.00000000e+000 0.00000000e+000 0.00000000e+000 0.00000000e+000 0.00000000e+000 0.00000000e+000
61430.14332375 -243325.313087 -83229.370856 -49768.584099 0.00000000e+000 0.00000000e+000 0.00000000e+000 0.00000000e+000 0.00000000e+000 0.00000000e+000 0.00000000e+000 0.00000000e+000 0.00000000e+000 0.00000000e+000 0.00000000e+000 0.00000000e+000 0.00000000e+000 0.00000000e+000 0.00000000e+000 0.00000000e+000 0.00000000e+000 0.00000000e+000 0.00000000e+000 0.00000000e+000 0.00000000e+000 0.00000000e+000 0.00000000e+000 0.00000000e+000 0.00000000e+000
61430.27841426 -229129.707830 -83206.426949 -49673.748906 0.00000000e+000 0.00000000e+000 0.00000000e+000 0.00000000e+000 0.00000000e+000 0.00000000e+000 0.00000000e+000 0.00000000e+000 0.00000000e+000 0.00000000e+000 0.00000000e+000 0.00000000e+000 0.00000000e+000 0.00000000e+000 0.00000000e+000 0.00000000e+000 0.00000000e+000 0.00000000e+000 0.00000000e+000 0.00000000e+000 0.00000000e+000 0.00000000e+000 0.00000000e+000 0.00000000e+000 0.00000000e+000
61430.40228940 -215403.737884 -82919.837530 -49429.352360 0.00000000e+000 0.00000000e+000 0.00000000e+000 0.00000000e+000 0.00000000e+000 0.00000000e+000 0.00000000e+000 0.00000000e+000 0.00000000e+000 0.00000000e+000 0.00000000e+000 0.00000000e+000 0.00000000e+000 0.00000000e+000 0.00000000e+000 0.00000000e+000 0.00000000e+000 0.00000000e+000 0.00000000e+000 0.00000000e+000 0.00000000e+000 0.00000000e+000 0.00000000e+000 0.00000000e+000 0.00000000e+000
61430.51580883 -202170.399177 -82398.415302 -49052.011790 0.00000000e+000 0.00000000e+000 0.00000000e+000 0.00000000e+000 0.00000000e+000 0.00000000e+000 0.00000000e+000 0.00000000e+000 0.00000000e+000 0.00000000e+000 0.00000000e+000 0.00000000e+000 0.00000000e+000 0.00000000e+000 0.00000000e+000 0.00000000e+000 0.00000000e+000 0.00000000e+000 0.00000000e+000 0.00000000e+000 0.00000000e+000 0.00000000e+000 0.00000000e+000 0.00000000e+000 0.00000000e+000
61430.61977333 -189445.885593 -81668.859664 -48557.111969 0.00000000e+000 0.00000000e+000 0.00000000e+000 0.00000000e+000 0.00000000e+000 0.00000000e+000 0.00000000e+000 0.00000000e+000 0.00000000e+000 0.00000000e+000 0.00000000e+000 0.00000000e+000 0.00000000e+000 0.00000000e+000 0.00000000e+000 0.00000000e+000 0.00000000e+000 0.00000000e+000 0.00000000e+000 0.00000000e+000 0.00000000e+000 0.00000000e+000 0.00000000e+000 0.00000000e+000 0.00000000e+000
61430.71493913 -177239.203290 -80755.717461 -47958.784592 0.00000000e+000 0.00000000e+000 0.00000000e+000 0.00000000e+000 0.00000000e+000 0.00000000e+000 0.00000000e+000 0.00000000e+000 0.00000000e+000 0.00000000e+000 0.00000000e+000 0.00000000e+000 0.00000000e+000 0.00000000e+000 0.00000000e+000 0.00000000e+000 0.00000000e+000 0.00000000e+000 0.00000000e+000 0.00000000e+000 0.00000000e+000 0.00000000e+000 0.00000000e+000 0.00000000e+000 0.00000000e+000
61430.80201861 -165553.095089 -79681.378917 -47269.910770 0.00000000e+000 0.00000000e+000 0.00000000e+000 0.00000000e+000 0.00000000e+000 0.00000000e+000 0.00000000e+000 0.00000000e+000 0.00000000e+000 0.00000000e+000 0.00000000e+000 0.00000000e+000 0.00000000e+000 0.00000000e+000 0.00000000e+000 0.00000000e+000 0.00000000e+000 0.00000000e+000 0.00000000e+000 0.00000000e+000 0.00000000e+000 0.00000000e+000 0.00000000e+000 0.00000000e+000 0.00000000e+000
61430.88167676 -154385.502613 -78466.176697 -46502.183187 0.00000000e+000 0.00000000e+000 0.00000000e+000 0.00000000e+000 0.00000000e+000 0.00000000e+000 0.00000000e+000 0.00000000e+000 0.00000000e+000 0.00000000e+000 0.00000000e+000 0.00000000e+000 0.00000000e+000 0.00000000e+000 0.00000000e+000 0.00000000e+000 0.00000000e+000 0.00000000e+000 0.00000000e+000 0.00000000e+000 0.00000000e+000 0.00000000e+000 0.00000000e+000 0.00000000e+000 0.00000000e+000
61430.95453120 -143730.591781 -77128.516026 -45666.182304 0.00000000e+000 0.00000000e+000 0.00000000e+000 0.00000000e+000 0.00000000e+000 0.00000000e+000 0.00000000e+000 0.00000000e+000 0.00000000e+000 0.00000000e+000 0.00000000e+000 0.00000000e+000 0.00000000e+000 0.00000000e+000 0.00000000e+000 0.00000000e+000 0.00000000e+000 0.00000000e+000 0.00000000e+000 0.00000000e+000 0.00000000e+000 0.00000000e+000 0.00000000e+000 0.00000000e+000 0.00000000e+000
61431.02115235 -133579.751094 -75685.045112 -44771.475483 0.00000000e+000 0.00000000e+000 0.00000000e+000 0.00000000e+000 0.00000000e+000 0.00000000e+000 0.00000000e+000 0.00000000e+000 0.00000000e+000 0.00000000e+000 0.00000000e+000 0.00000000e+000 0.00000000e+000 0.00000000e+000 0.00000000e+000 0.00000000e+000 0.00000000e+000 0.00000000e+000 0.00000000e+000 0.00000000e+000 0.00000000e+000 0.00000000e+000 0.00000000e+000 0.00000000e+000 0.00000000e+000
61431.08206661 -123922.090855 -74150.787180 -43826.691445 0.00000000e+000 0.00000000e+000 0.00000000e+000 0.00000000e+000 0.00000000e+000 0.00000000e+000 0.00000000e+000 0.00000000e+000 0.00000000e+000 0.00000000e+000 0.00000000e+000 0.00000000e+000 0.00000000e+000 0.00000000e+000 0.00000000e+000 0.00000000e+000 0.00000000e+000 0.00000000e+000 0.00000000e+000 0.00000000e+000 0.00000000e+000 0.00000000e+000 0.00000000e+000 0.00000000e+000 0.00000000e+000
61431.13775961 -114744.842966 -72539.255136 -42839.584784 0.00000000e+000 0.00000000e+000 0.00000000e+000 0.00000000e+000 0.00000000e+000 0.00000000e+000 0.00000000e+000 0.00000000e+000 0.00000000e+000 0.00000000e+000 0.00000000e+000 0.00000000e+000 0.00000000e+000 0.00000000e+000 0.00000000e+000 0.00000000e+000 0.00000000e+000 0.00000000e+000 0.00000000e+000 0.00000000e+000 0.00000000e+000 0.00000000e+000 0.00000000e+000 0.00000000e+000 0.00000000e+000
61431.18867788 -106033.925911 -70862.596598 -41817.119832 0.00000000e+000 0.00000000e+000 0.00000000e+000 0.00000000e+000 0.00000000e+000 0.00000000e+000 0.00000000e+000 0.00000000e+000 0.00000000e+000 0.00000000e+000 0.00000000e+000 0.00000000e+000 0.00000000e+000 0.00000000e+000 0.00000000e+000 0.00000000e+000 0.00000000e+000 0.00000000e+000 0.00000000e+000 0.00000000e+000 0.00000000e+000 0.00000000e+000 0.00000000e+000 0.00000000e+000 0.00000000e+000
61431.23513819 -97791.164519 -69135.393878 -40767.771557 0.00000000e+000 0.00000000e+000 0.00000000e+000 0.00000000e+000 0.00000000e+000 0.00000000e+000 0.00000000e+000 0.00000000e+000 0.00000000e+000 0.00000000e+000 0.00000000e+000 0.00000000e+000 0.00000000e+000 0.00000000e+000 0.00000000e+000 0.00000000e+000 0.00000000e+000 0.00000000e+000 0.00000000e+000 0.00000000e+000 0.00000000e+000 0.00000000e+000 0.00000000e+000 0.00000000e+000 0.00000000e+000
61431.27743281 -90018.360808 -67372.421130 -39700.132733 0.00000000e+000 0.00000000e+000 0.00000000e+000 0.00000000e+000 0.00000000e+000 0.00000000e+000 0.00000000e+000 0.00000000e+000 0.00000000e+000 0.00000000e+000 0.00000000e+000 0.00000000e+000 0.00000000e+000 0.00000000e+000 0.00000000e+000 0.00000000e+000 0.00000000e+000 0.00000000e+000 0.00000000e+000 0.00000000e+000 0.00000000e+000 0.00000000e+000 0.00000000e+000 0.00000000e+000 0.00000000e+000
61431.31596339 -82691.844157 -65582.343558 -38619.109235 0.00000000e+000 0.00000000e+000 0.00000000e+000 0.00000000e+000 0.00000000e+000 0.00000000e+000 0.00000000e+000 0.00000000e+000 0.00000000e+000 0.00000000e+000 0.00000000e+000 0.00000000e+000 0.00000000e+000 0.00000000e+000 0.00000000e+000 0.00000000e+000 0.00000000e+000 0.00000000e+000 0.00000000e+000 0.00000000e+000 0.00000000e+000 0.00000000e+000 0.00000000e+000 0.00000000e+000 0.00000000e+000
61431.35109535 -75787.741705 -63772.423078 -37528.792685 0.00000000e+000 0.00000000e+000 0.00000000e+000 0.00000000e+000 0.00000000e+000 0.00000000e+000 0.00000000e+000 0.00000000e+000 0.00000000e+000 0.00000000e+000 0.00000000e+000 0.00000000e+000 0.00000000e+000 0.00000000e+000 0.00000000e+000 0.00000000e+000 0.00000000e+000 0.00000000e+000 0.00000000e+000 0.00000000e+000 0.00000000e+000 0.00000000e+000 0.00000000e+000 0.00000000e+000 0.00000000e+000
61431.38315644 -69283.119910 -61948.876330 -36432.673884 0.00000000e+000 0.00000000e+000 0.00000000e+000 0.00000000e+000 0.00000000e+000 0.00000000e+000 0.00000000e+000 0.00000000e+000 0.00000000e+000 0.00000000e+000 0.00000000e+000 0.00000000e+000 0.00000000e+000 0.00000000e+000 0.00000000e+000 0.00000000e+000 0.00000000e+000 0.00000000e+000 0.00000000e+000 0.00000000e+000 0.00000000e+000 0.00000000e+000 0.00000000e+000 0.00000000e+000 0.00000000e+000
61431.41244163 -63155.874443 -60116.950926 -35333.685850 0.00000000e+000 0.00000000e+000 0.00000000e+000 0.00000000e+000 0.00000000e+000 0.00000000e+000 0.00000000e+000 0.00000000e+000 0.00000000e+000 0.00000000e+000 0.00000000e+000 0.00000000e+000 0.00000000e+000 0.00000000e+000 0.00000000e+000 0.00000000e+000 0.00000000e+000 0.00000000e+000 0.00000000e+000 0.00000000e+000 0.00000000e+000 0.00000000e+000 0.00000000e+000 0.00000000e+000 0.00000000e+000
61431.43921602 -57384.902802 -58281.066994 -34234.286578 0.00000000e+000 0.00000000e+000 0.00000000e+000 0.00000000e+000 0.00000000e+000 0.00000000e+000 0.00000000e+000 0.00000000e+000 0.00000000e+000 0.00000000e+000 0.00000000e+000 0.00000000e+000 0.00000000e+000 0.00000000e+000 0.00000000e+000 0.00000000e+000 0.00000000e+000 0.00000000e+000 0.00000000e+000 0.00000000e+000 0.00000000e+000 0.00000000e+000 0.00000000e+000 0.00000000e+000 0.00000000e+000
61431.46371848 -51950.009894 -56444.873818 -33136.491117 0.00000000e+000 0.00000000e+000 0.00000000e+000 0.00000000e+000 0.00000000e+000 0.00000000e+000 0.00000000e+000 0.00000000e+000 0.00000000e+000 0.00000000e+000 0.00000000e+000 0.00000000e+000 0.00000000e+000 0.00000000e+000 0.00000000e+000 0.00000000e+000 0.00000000e+000 0.00000000e+000 0.00000000e+000 0.00000000e+000 0.00000000e+000 0.00000000e+000 0.00000000e+000 0.00000000e+000 0.00000000e+000
61431.48616410 -46832.005709 -54611.356613 -32041.933955 0.00000000e+000 0.00000000e+000 0.00000000e+000 0.00000000e+000 0.00000000e+000 0.00000000e+000 0.00000000e+000 0.00000000e+000 0.00000000e+000 0.00000000e+000 0.00000000e+000 0.00000000e+000 0.00000000e+000 0.00000000e+000 0.00000000e+000 0.00000000e+000 0.00000000e+000 0.00000000e+000 0.00000000e+000 0.00000000e+000 0.00000000e+000 0.00000000e+000 0.00000000e+000 0.00000000e+000 0.00000000e+000
61431.50674721 -42012.562069 -52782.853828 -30951.878132 1.36675761e+003 3.09625159e+002 2.09626335e+001 1.36441877e+000 1.12100367e-001 2.51731189e-003 0.00000000e+000 0.00000000e+000 0.00000000e+000 0.00000000e+000 0.00000000e+000 0.00000000e+000 0.00000000e+000 0.00000000e+000 0.00000000e+000 0.00000000e+000 0.00000000e+000 0.00000000e+000 0.00000000e+000 0.00000000e+000 0.00000000e+000 0.00000000e+000 0.00000000e+000 0.00000000e+000 0.00000000e+000
61431.52564326 -37474.288399 -50961.140176 -29867.263822 3.64259283e+003 9.06333287e+002 7.82534191e+001 6.03979867e+000 6.18090268e-001 1.25381883e-002 1.42768689e-007 0.00000000e+000 0.00000000e+000 0.00000000e+000 0.00000000e+000 0.00000000e+000 0.00000000e+000 0.00000000e+000 0.00000000e+000 0.00000000e+000 0.00000000e+000 0.00000000e+000 0.00000000e+000 0.00000000e+000 0.00000000e+000 0.00000000e+000 0.00000000e+000 0.00000000e+000 0.00000000e+000
61431.54301094 -33200.670830 -49147.454626 -28788.724199 1.08985052e+004 2.98045076e+003 3.20648879e+002 3.33158126e+001 4.06400511e+000 8.81054923e-002 1.00008088e-004 0.00000000e+000 0.00000000e+000 0.00000000e+000 0.00000000e+000 0.00000000e+000 0.00000000e+000 0.00000000e+000 0.00000000e+000 0.00000000e+000 0.00000000e+000 0.00000000e+000 0.00000000e+000 0.00000000e+000 0.00000000e+000 0.00000000e+000 0.00000000e+000 0.00000000e+000 0.00000000e+000
61431.55899419 -29175.977304 -47342.499611 -27716.584394 3.16247193e+004 9.57438997e+003 1.21183310e+003 1.71487783e+002 2.77163441e+001 6.55346305e-001 2.27583627e-003 0.00000000e+000 0.00000000e+000 0.00000000e+000 0.00000000e+000 0.00000000e+000 0.00000000e+000 0.00000000e+000 0.00000000e+000 0.00000000e+000 0.00000000e+000 0.00000000e+000 0.00000000e+000 0.00000000e+000 0.00000000e+000 0.00000000e+000 0.00000000e+000 0.00000000e+000 0.00000000e+000
61431.57372376 -25385.242279 -45546.459765 -26650.872266 8.62336108e+004 2.88833685e+004 4.18746241e+003 7.47509157e+002 1.62451432e+002 5.53991092e+000 1.80452746e-002 0.00000000e+000 0.00000000e+000 0.00000000e+000 0.00000000e+000 0.00000000e+000 0.00000000e+000 0.00000000e+000 0.00000000e+000 0.00000000e+000 0.00000000e+000 0.00000000e+000 0.00000000e+000 0.00000000e+000 0.00000000e+000 0.00000000e+000 0.00000000e+000 0.00000000e+000 0.00000000e+000
61431.58731852 -21814.254303 -43759.013391 -25591.324964 2.02521314e+005 7.22312054e+004 1.15415883e+004 2.31405471e+003 6.29165245e+002 3.43638442e+001 1.18521041e-001 7.44482003e-005 0.00000000e+000 0.00000000e+000 0.00000000e+000 0.00000000e+000 0.00000000e+000 0.00000000e+000 0.00000000e+000 0.00000000e+000 0.00000000e+000 0.00000000e+000 0.00000000e+000 0.00000000e+000 0.00000000e+000 0.00000000e+000 0.00000000e+000 0.00000000e+000 0.00000000e+000
61431.59988725 -18449.387632 -41979.249760 -24537.339856 4.16491929e+005 1.54410944e+005 2.70367099e+004 5.86685438e+003 1.94373956e+003 1.48865553e+002 5.39003123e-001 4.97355973e-004 0.00000000e+000 0.00000000e+000 0.00000000e+000 0.00000000e+000 0.00000000e+000 0.00000000e+000 0.00000000e+000 0.00000000e+000 0.00000000e+000 0.00000000e+000 0.00000000e+000 0.00000000e+000 0.00000000e+000 0.00000000e+000 0.00000000e+000 0.00000000e+000 0.00000000e+000
61431.61152972 -15277.586574 -40205.633901 -23487.953927 8.03982746e+005 2.95763917e+005 5.40121221e+004 1.24312624e+004 4.82872018e+003 6.18772722e+002 3.73311771e+000 2.97156048e-003 0.00000000e+000 0.00000000e+000 0.00000000e+000 0.00000000e+000 0.00000000e+000 0.00000000e+000 0.00000000e+000 0.00000000e+000 0.00000000e+000 0.00000000e+000 0.00000000e+000 0.00000000e+000 0.00000000e+000 0.00000000e+000 0.00000000e+000 0.00000000e+000 0.00000000e+000
61431.62233831 -12286.188991 -38435.853595 -22441.753733 1.38081825e+006 4.97373383e+005 9.16069353e+004 2.25626051e+004 9.37526628e+003 1.69651211e+003 1.63770932e+001 1.29179901e-002 0.00000000e+000 0.00000000e+000 0.00000000e+000 0.00000000e+000 0.00000000e+000 0.00000000e+000 0.00000000e+000 0.00000000e+000 0.00000000e+000 0.00000000e+000 0.00000000e+000 0.00000000e+000 0.00000000e+000 0.00000000e+000 0.00000000e+000 0.00000000e+000 0.00000000e+000
61431.63239924 -9462.809850 -36666.643592 -21396.772434 2.18645857e+006 7.61908363e+005 1.38652986e+005 3.63805873e+004 1.60038937e+004 3.62851333e+003 4.85544195e+001 5.17390887e-002 0.00000000e+000 0.00000000e+000 0.00000000e+000 0.00000000e+000 0.00000000e+000 0.00000000e+000 0.00000000e+000 0.00000000e+000 0.00000000e+000 0.00000000e+000 0.00000000e+000 0.00000000e+000 0.00000000e+000 0.00000000e+000 0.00000000e+000 0.00000000e+000 0.00000000e+000
61431.64167470 -6829.232722 -34916.830106 -20364.085756 3.27408249e+006 1.09427408e+006 1.92062850e+005 5.27573301e+004 2.45042941e+004 6.44116223e+003 1.07311454e+002 1.62154414e-001 0.00000000e+000 0.00000000e+000 0.00000000e+000 0.00000000e+000 0.00000000e+000 0.00000000e+000 0.00000000e+000 0.00000000e+000 0.00000000e+000 0.00000000e+000 0.00000000e+000 0.00000000e+000 0.00000000e+000 0.00000000e+000 0.00000000e+000 0.00000000e+000 0.00000000e+000
61431.64917141 -4682.035821 -33408.405228 -19474.508369 4.49756562e+006 1.43890400e+006 2.37795271e+005 6.55951770e+004 3.19915547e+004 9.30578408e+003 1.86375374e+002 4.09444514e-001 0.00000000e+000 0.00000000e+000 0.00000000e+000 0.00000000e+000 0.00000000e+000 0.00000000e+000 0.00000000e+000 0.00000000e+000 0.00000000e+000 0.00000000e+000 0.00000000e+000 0.00000000e+000 0.00000000e+000 0.00000000e+000 0.00000000e+000 0.00000000e+000 0.00000000e+000
61431.65591118 -2740.314228 -31971.793818 -18627.826499 6.73447992e+006 2.05168409e+006 3.22223480e+005 8.31477025e+004 3.88250523e+004 1.17474976e+004 2.78943898e+002 7.56210037e-001 1.18028692e-003 0.00000000e+000 0.00000000e+000 0.00000000e+000 0.00000000e+000 0.00000000e+000 0.00000000e+000 0.00000000e+000 0.00000000e+000 0.00000000e+000 0.00000000e+000 0.00000000e+000 0.00000000e+000 0.00000000e+000 0.00000000e+000 0.00000000e+000 0.00000000e+000
61431.66186836 -1017.971230 -30631.769911 -17838.537559 9.61784934e+006 2.86394911e+006 4.41058131e+005 1.07156738e+005 4.69810913e+004 1.42949438e+004 3.81847429e+002 1.18196283e+000 2.67648691e-003 0.00000000e+000 0.00000000e+000 0.00000000e+000 0.00000000e+000 0.00000000e+000 0.00000000e+000 0.00000000e+000 0.00000000e+000 0.00000000e+000 0.00000000e+000 0.00000000e+000 0.00000000e+000 0.00000000e+000 0.00000000e+000 0.00000000e+000 0.00000000e+000
61431.66686289 428.007429 -29452.625757 -17144.375092 1.34092568e+007 3.98965670e+006 6.18449188e+005 1.43369606e+005 5.83611648e+004 1.72932138e+004 4.99546955e+002 1.74411388e+000 4.88903445e-003 0.00000000e+000 0.00000000e+000 0.00000000e+000 0.00000000e+000 0.00000000e+000 0.00000000e+000 0.00000000e+000 0.00000000e+000 0.00000000e+000 0.00000000e+000 0.00000000e+000 0.00000000e+000 0.00000000e+000 0.00000000e+000 0.00000000e+000 0.00000000e+000
61431.67114536 1667.261493 -28397.762024 -16523.662545 1.79094491e+007 5.46422159e+006 8.74538990e+005 1.96481061e+005 7.45059565e+004 2.11530662e+004 6.50952255e+002 2.56436729e+000 8.16298452e-003 0.00000000e+000 0.00000000e+000 0.00000000e+000 0.00000000e+000 0.00000000e+000 0.00000000e+000 0.00000000e+000 0.00000000e+000 0.00000000e+000 0.00000000e+000 0.00000000e+000 0.00000000e+000 0.00000000e+000 0.00000000e+000 0.00000000e+000 0.00000000e+000
61431.67543397 2905.695021 -27297.742762 -15876.662696 2.37642740e+007 7.49234392e+006 1.24251175e+006 2.73066315e+005 9.73813621e+004 2.64083272e+004 8.57947170e+002 3.75580422e+000 1.30059595e-002 0.00000000e+000 0.00000000e+000 0.00000000e+000 0.00000000e+000 0.00000000e+000 0.00000000e+000 0.00000000e+000 0.00000000e+000 0.00000000e+000 0.00000000e+000 0.00000000e+000 0.00000000e+000 0.00000000e+000 0.00000000e+000 0.00000000e+000 0.00000000e+000
61431.68030434 4305.866904 -25991.487737 -15108.731510 3.31560485e+007 1.12729069e+007 2.05962014e+006 4.47435566e+005 1.47900158e+005 3.74770663e+004 1.32015769e+003 6.85147521e+000 2.55776830e-002 0.00000000e+000 0.00000000e+000 0.00000000e+000 0.00000000e+000 0.00000000e+000 0.00000000e+000 0.00000000e+000 0.00000000e+000 0.00000000e+000 0.00000000e+000 0.00000000e+000 0.00000000e+000 0.00000000e+000 0.00000000e+000 0.00000000e+000 0.00000000e+000
61431.68529240 5728.483784 -24585.708153 -14282.734049 4.52895839e+007 1.67899740e+007 3.53783943e+006 7.93652131e+005 2.51337458e+005 5.62060340e+004 2.13402775e+003 1.24757490e+001 5.45667688e-002 1.80760627e-004 0.00000000e+000 0.00000000e+000 0.00000000e+000 0.00000000e+000 0.00000000e+000 0.00000000e+000 0.00000000e+000 0.00000000e+000 0.00000000e+000 0.00000000e+000 0.00000000e+000 0.00000000e+000 0.00000000e+000 0.00000000e+000 0.00000000e+000
61431.69026297 7128.703956 -23110.625731 -13416.502521 6.02442990e+007 2.47860263e+007 6.27357947e+006 1.51298140e+006 4.78326579e+005 9.07751838e+004 3.68568529e+003 2.29113793e+001 1.29351774e-001 8.54486647e-004 0.00000000e+000 0.00000000e+000 0.00000000e+000 0.00000000e+000 0.00000000e+000 0.00000000e+000 0.00000000e+000 0.00000000e+000 0.00000000e+000 0.00000000e+000 0.00000000e+000 0.00000000e+000 0.00000000e+000 0.00000000e+000 0.00000000e+000
61431.69513431 8476.830909 -21587.097294 -12522.336740 7.58687355e+007 3.60961554e+007 1.15575384e+007 3.18273838e+006 1.06462975e+006 1.72888236e+005 7.56625745e+003 4.74283754e+001 3.69686552e-001 3.29680678e-003 0.00000000e+000 0.00000000e+000 0.00000000e+000 0.00000000e+000 0.00000000e+000 0.00000000e+000 0.00000000e+000 0.00000000e+000 0.00000000e+000 0.00000000e+000 0.00000000e+000 0.00000000e+000 0.00000000e+000 0.00000000e+000 0.00000000e+000
61431.69977353 9730.315561 -20058.855115 -11625.923399 8.77761826e+007 5.07154947e+007 2.05844527e+007 6.66654279e+006 2.44896287e+006 3.56812560e+005 1.61273234e+004 1.13998263e+002 1.11110506e+000 1.47399295e-002 4.52848347e-004 0.00000000e+000 0.00000000e+000 0.00000000e+000 0.00000000e+000 0.00000000e+000 0.00000000e+000 0.00000000e+000 0.00000000e+000 0.00000000e+000 0.00000000e+000 0.00000000e+000 0.00000000e+000 0.00000000e+000 0.00000000e+000
61431.70408845 10861.059108 -18565.035549 -10750.197341 9.24036645e+007 6.50368925e+007 3.34264483e+007 1.28070027e+007 5.19509489e+006 7.05272897e+005 3.31658055e+004 2.81662280e+002 3.42022008e+000 1.00760720e-001 3.68752793e-003 0.00000000e+000 0.00000000e+000 0.00000000e+000 0.00000000e+000 0.00000000e+000 0.00000000e+000 0.00000000e+000 0.00000000e+000 0.00000000e+000 0.00000000e+000 0.00000000e+000 0.00000000e+000 0.00000000e+000 0.00000000e+000
61431.70811359 11876.924252 -17104.957763 -9894.720782 8.97245585e+007 7.57990203e+007 4.87076891e+007 2.20110724e+007 9.87531306e+006 1.32430590e+006 6.38604722e+004 6.76112203e+002 1.10680500e+001 4.88278487e-001 2.98224167e-002 0.00000000e+000 0.00000000e+000 0.00000000e+000 0.00000000e+000 0.00000000e+000 0.00000000e+000 0.00000000e+000 0.00000000e+000 0.00000000e+000 0.00000000e+000 0.00000000e+000 0.00000000e+000 0.00000000e+000 0.00000000e+000
61431.71188773 12787.075846 -15674.897787 -9057.277299 8.05028840e+007 8.00829155e+007 6.31542585e+007 3.34940796e+007 1.67212144e+007 2.41080802e+006 1.21262551e+005 1.66149725e+003 3.63824324e+001 1.97802602e+000 1.77423274e-001 1.57928805e-002 0.00000000e+000 0.00000000e+000 0.00000000e+000 0.00000000e+000 0.00000000e+000 0.00000000e+000 0.00000000e+000 0.00000000e+000 0.00000000e+000 0.00000000e+000 0.00000000e+000 0.00000000e+000 0.00000000e+000
61431.71544760 13600.008472 -14270.190171 -8235.105896 6.60639935e+007 7.65403439e+007 7.36458120e+007 4.60027866e+007 2.56669185e+007 4.15053082e+006 2.18302314e+005 3.69163984e+003 9.62970739e+001 5.94645185e+000 6.08553290e-001 8.02843524e-002 5.42172075e-003 1.47165267e-003 6.54828561e-004 3.17274332e-004 1.54654761e-004 3.84123955e-005 5.99738505e-006 0.00000000e+000 0.00000000e+000 0.00000000e+000 0.00000000e+000 0.00000000e+000 0.00000000e+000
61431.71882763 14323.261264 -12885.448699 -7425.031016 5.31425749e+007 6.78042126e+007 7.54440628e+007 5.55282432e+007 3.49838686e+007 6.69478137e+006 3.80278650e+005 9.65189494e+003 3.24887118e+002 2.81762947e+001 3.45173237e+000 7.64518802e-001 2.19786505e-001 6.00142194e-002 2.72015141e-002 1.33296940e-002 5.82573021e-003 1.35267993e-003 1.96211257e-004 0.00000000e+000 0.00000000e+000 0.00000000e+000 0.00000000e+000 0.00000000e+000 0.00000000e+000
61431.72206027 14963.286892 -11514.597663 -6623.481448 4.29956519e+007 5.90663181e+007 7.31638961e+007 6.17421971e+007 4.29654891e+007 9.55488266e+006 6.18967289e+005 2.16065797e+004 9.31888090e+002 1.03181456e+002 1.35617294e+001 2.83307489e+000 7.14476367e-001 1.84566554e-001 8.34008539e-002 4.14223106e-002 2.09589046e-002 7.42603838e-003 2.31836926e-003 3.34635530e-004 0.00000000e+000 0.00000000e+000 0.00000000e+000 0.00000000e+000 0.00000000e+000
61431.72517670 15525.370828 -10150.769958 -5826.431435 3.53857846e+007 5.07484176e+007 6.78022864e+007 6.50785997e+007 4.96171464e+007 1.25967428e+007 9.19313805e+005 3.86814612e+004 1.87749344e+003 2.26639037e+002 3.03057928e+001 6.11418138e+000 1.45013323e+000 3.64090458e-001 1.64750200e-001 8.25511196e-002 4.44285497e-002 1.79500652e-002 6.42929149e-003 1.05306721e-003 0.00000000e+000 0.00000000e+000 0.00000000e+000 0.00000000e+000 0.00000000e+000
61431.72820773 16013.538508 -8786.089243 -5029.274348 3.15424648e+007 4.57135121e+007 6.27739557e+007 6.51987720e+007 5.31801097e+007 1.54070713e+007 1.38993363e+006 7.99756599e+004 4.65658638e+003 6.26963308e+002 7.16837810e+001 1.35070412e+001 2.70930368e+000 8.03407546e-001 3.71292404e-001 2.04876741e-001 1.31457719e-001 6.36376496e-002 3.09543934e-002 6.33571639e-003 4.66050837e-004 0.00000000e+000 0.00000000e+000 0.00000000e+000 0.00000000e+000
61431.73118492 16430.402000 -7411.325721 -4226.623113 2.86532505e+007 4.15486717e+007 5.79939823e+007 6.45773544e+007 5.59042208e+007 1.79910064e+007 1.85599451e+006 1.22890721e+005 7.61543103e+003 1.06049055e+003 1.15798669e+002 2.12798803e+001 4.01155781e+000 1.26239225e+000 5.87209784e-001 3.34949439e-001 2.25278339e-001 1.14045615e-001 5.88018699e-002 1.24653475e-002 1.27018786e-003 0.00000000e+000 0.00000000e+000 0.00000000e+000 0.00000000e+000
61431.73414154 16776.836890 -6015.644031 -3412.165191 2.73584570e+007 3.92397281e+007 5.43239333e+007 6.28957748e+007 5.64757251e+007 1.97867999e+007 2.39155833e+006 1.86370366e+005 1.35628327e+004 1.95709480e+003 2.20707074e+002 3.77832336e+001 6.95366001e+000 2.17355222e+000 1.01059301e+000 5.91894266e-001 4.07749493e-001 2.16119584e-001 1.13073355e-001 2.49982153e-002 3.72881120e-003 2.80782539e-005 0.00000000e+000 0.00000000e+000 0.00000000e+000
61431.73711182 17051.373634 -4587.232742 -2579.032398 2.66517531e+007 3.77435269e+007 5.15022799e+007 6.10326576e+007 5.61851472e+007 2.10229457e+007 2.85585692e+006 2.45025442e+005 1.93755383e+004 2.83984935e+003 3.25882227e+002 5.40527068e+001 9.87759310e+000 3.06377104e+000 1.42374875e+000 8.43166398e-001 5.85595230e-001 3.15831428e-001 1.66113897e-001 3.75855906e-002 6.22831798e-003 1.11024454e-004 0.00000000e+000 0.00000000e+000 0.00000000e+000
61431.74000355 17243.080081 -3176.251410 -1756.488882 2.58719322e+007 3.64568085e+007 4.93535864e+007 5.91612456e+007 5.51500448e+007 2.15010874e+007 3.12558323e+006 2.80569514e+005 2.29462771e+004 3.37909141e+003 3.90632315e+002 6.41201306e+001 1.16754972e+001 3.61291125e+000 1.67663176e+000 9.95785072e-001 6.93334438e-001 3.75838072e-001 1.97216342e-001 4.47021259e-002 7.58630459e-003 1.35160069e-004 0.00000000e+000 0.00000000e+000 0.00000000e+000
61431.74281304 17354.335434 -1791.558455 -949.681058 2.50745039e+007 3.54367571e+007 4.79240091e+007 5.74372747e+007 5.35862819e+007 2.12631187e+007 3.19159464e+006 2.90999376e+005 2.40177804e+004 3.53220611e+003 4.09746127e+002 6.72089724e+001 1.22128836e+001 3.78629100e+000 1.75487104e+000 1.04025263e+000 7.23484053e-001 3.91727830e-001 2.03830237e-001 4.56588544e-002 7.65191155e-003 6.71462234e-005 0.00000000e+000 0.00000000e+000 0.00000000e+000
61431.74556248 17389.323914 -428.814487 -156.061474 2.44639542e+007 3.48542900e+007 4.73439444e+007 5.61073138e+007 5.18918716e+007 2.05070196e+007 3.08425572e+006 2.79458862e+005 2.29164917e+004 3.34819311e+003 3.89183711e+002 6.41506350e+001 1.16693478e+001 3.63750551e+000 1.68595177e+000 9.93631650e-001 6.88085073e-001 3.70805714e-001 1.91028038e-001 4.22340386e-002 6.83305277e-003 1.46760820e-005 0.00000000e+000 0.00000000e+000 0.00000000e+000
61431.74827603 17351.078403 917.958484 627.865273 2.40205504e+007 3.46260426e+007 4.74096440e+007 5.49924401e+007 4.99623075e+007 1.92656830e+007 2.82328974e+006 2.49801145e+005 2.01118622e+004 2.91676031e+003 3.39140627e+002 5.63892395e+001 1.02756335e+001 3.22316539e+000 1.49345991e+000 8.72291375e-001 5.99813030e-001 3.20067435e-001 1.62893355e-001 3.55542803e-002 5.38551251e-003 0.00000000e+000 0.00000000e+000 0.00000000e+000 0.00000000e+000
61431.75092794 17243.887464 2230.488288 1391.482273 2.38074880e+007 3.48255246e+007 4.82351677e+007 5.42375484e+007 4.79799832e+007 1.76809331e+007 2.44719942e+006 2.06412388e+005 1.60280210e+004 2.29580668e+003 2.66138398e+002 4.49232089e+001 8.21741464e+000 2.60262418e+000 1.20689582e+000 6.96090734e-001 4.73759839e-001 2.48591759e-001 1.24550400e-001 2.67500468e-002 3.59668804e-003 0.00000000e+000 0.00000000e+000 0.00000000e+000 0.00000000e+000
61431.75360282 17066.964741 3545.487653 2156.159259 2.38032504e+007 3.53705445e+007 4.96441979e+007 5.36215760e+007 4.57626405e+007 1.57609008e+007 1.97805881e+006 1.53374024e+005 1.11526811e+004 1.57234610e+003 1.80483601e+002 3.13066772e+001 5.75204652e+000 1.84401318e+000 8.54111407e-001 4.83094253e-001 3.23338515e-001 1.63990607e-001 7.99013117e-002 1.66940074e-002 1.62290566e-003 0.00000000e+000 0.00000000e+000 0.00000000e+000 0.00000000e+000
61431.75632662 16817.977830 4870.225051 2926.114254 2.39900795e+007 3.61586410e+007 5.13428663e+007 5.27703034e+007 4.29886947e+007 1.34628263e+007 1.43266821e+006 9.43531062e+004 5.92632055e+003 8.12706315e+002 9.01118275e+001 1.67230760e+001 3.08764265e+000 1.00453052e+000 4.59324363e-001 2.48744627e-001 1.60550259e-001 7.43361453e-002 3.35558155e-002 6.56172284e-003 1.02080244e-004 0.00000000e+000 0.00000000e+000 0.00000000e+000 0.00000000e+000
61431.75914362 16490.755319 6220.076285 3710.264787 2.61423134e+007 3.89038038e+007 5.37651074e+007 5.05892960e+007 3.83491974e+007 1.07149534e+007 9.98226298e+005 5.75340587e+004 3.40942805e+003 4.54374639e+002 5.21274455e+001 1.00897952e+001 1.96217034e+000 5.97497486e-001 2.65799996e-001 1.37682102e-001 8.18044260e-002 3.46679811e-002 1.37161162e-002 2.36548417e-003 0.00000000e+000 0.00000000e+000 0.00000000e+000 0.00000000e+000 0.00000000e+000
61431.76204797 16083.705693 7585.488688 4503.039061 2.90546915e+007 4.22433960e+007 5.63984099e+007 4.82229593e+007 3.37193992e+007 8.11748852e+006 6.08219666e+005 2.60006562e+004 1.35407695e+003 1.61428815e+002 2.17543360e+001 4.73073745e+000 1.10465938e+000 2.67309279e-001 1.11709613e-001 5.40833150e-002 2.26370028e-002 7.35293855e-003 1.55000969e-003 4.33284082e-005 0.00000000e+000 0.00000000e+000 0.00000000e+000 0.00000000e+000 0.00000000e+000
61431.76506150 15592.324826 8969.657572 5306.271796 3.52632252e+007 4.76901483e+007 5.70622873e+007 4.21579648e+007 2.66921346e+007 5.54884319e+006 3.74264245e+005 1.31298858e+004 6.06283376e+002 6.38434681e+001 8.49643755e+000 1.90398325e+000 4.72717049e-001 1.17708676e-001 5.05873967e-002 2.46960239e-002 8.89634522e-003 2.31100987e-003 2.75360463e-004 0.00000000e+000 0.00000000e+000 0.00000000e+000 0.00000000e+000 0.00000000e+000 0.00000000e+000
61431.76820051 15012.672331 10372.437808 6119.855917 4.33702412e+007 5.27861166e+007 5.42743414e+007 3.43566148e+007 1.95236711e+007 3.43860023e+006 2.07954633e+005 5.22637635e+003 1.80471504e+002 1.37213727e+001 1.72253982e+000 3.82660968e-001 1.07646109e-001 2.94949406e-002 1.37582764e-002 6.78058768e-003 1.96049442e-003 2.73530283e-004 0.00000000e+000 0.00000000e+000 0.00000000e+000 0.00000000e+000 0.00000000e+000 0.00000000e+000 0.00000000e+000
61431.77144661 14348.380379 11778.283121 6934.758748 5.26590797e+007 5.60001101e+007 4.71120126e+007 2.52402693e+007 1.27600841e+007 1.90869291e+006 1.07578057e+005 1.81547162e+003 4.42538538e+001 2.46111183e+000 2.56692284e-001 2.08162375e-004 0.00000000e+000 0.00000000e+000 0.00000000e+000 0.00000000e+000 0.00000000e+000 0.00000000e+000 0.00000000e+000 0.00000000e+000 0.00000000e+000 0.00000000e+000 0.00000000e+000 0.00000000e+000 0.00000000e+000
61431.77461972 13643.053890 13106.742989 7704.377087 6.11167707e+007 5.51868844e+007 3.70146036e+007 1.67582629e+007 7.58738098e+006 1.00469673e+006 5.18366794e+004 6.80216095e+002 1.28177442e+001 6.82302650e-001 4.94559728e-002 0.00000000e+000 0.00000000e+000 0.00000000e+000 0.00000000e+000 0.00000000e+000 0.00000000e+000 0.00000000e+000 0.00000000e+000 0.00000000e+000 0.00000000e+000 0.00000000e+000 0.00000000e+000 0.00000000e+000 0.00000000e+000
61431.77781155 12885.155879 14396.626784 8451.244027 6.43127401e+007 4.77634784e+007 2.62210123e+007 1.03656389e+007 4.33606552e+006 5.74410651e+005 2.93090325e+004 3.21412527e+002 5.15057167e+000 2.40771815e-001 1.15659605e-002 0.00000000e+000 0.00000000e+000 0.00000000e+000 0.00000000e+000 0.00000000e+000 0.00000000e+000 0.00000000e+000 0.00000000e+000 0.00000000e+000 0.00000000e+000 0.00000000e+000 0.00000000e+000 0.00000000e+000 0.00000000e+000
61431.78107417 12067.396662 15667.078899 9186.466136 6.31077941e+007 3.88824777e+007 1.75159796e+007 6.03716406e+006 2.33549098e+006 3.23570570e+005 1.61717684e+004 1.45712558e+002 1.99691821e+000 6.54496452e-002 1.51750671e-003 0.00000000e+000 0.00000000e+000 0.00000000e+000 0.00000000e+000 0.00000000e+000 0.00000000e+000 0.00000000e+000 0.00000000e+000 0.00000000e+000 0.00000000e+000 0.00000000e+000 0.00000000e+000 0.00000000e+000 0.00000000e+000
61431.78444324 11184.269828 16928.810403 9916.249535 5.82385887e+007 3.01052538e+007 1.09997787e+007 3.29200752e+006 1.17588436e+006 1.77539574e+005 8.47923148e+003 6.16143378e+001 7.11745270e-001 7.69294012e-003 1.87119197e-004 0.00000000e+000 0.00000000e+000 0.00000000e+000 0.00000000e+000 0.00000000e+000 0.00000000e+000 0.00000000e+000 0.00000000e+000 0.00000000e+000 0.00000000e+000 0.00000000e+000 0.00000000e+000 0.00000000e+000 0.00000000e+000
61431.78794869 10230.592453 18188.976717 10644.731894 5.05893524e+007 2.24237733e+007 6.54052589e+006 1.71020739e+006 5.65049193e+005 9.63480989e+004 4.42537657e+003 2.72584970e+001 2.71533114e-001 1.97028570e-003 0.00000000e+000 0.00000000e+000 0.00000000e+000 0.00000000e+000 0.00000000e+000 0.00000000e+000 0.00000000e+000 0.00000000e+000 0.00000000e+000 0.00000000e+000 0.00000000e+000 0.00000000e+000 0.00000000e+000 0.00000000e+000 0.00000000e+000
61431.79161829 9201.105671 19452.795081 11374.921997 4.07846708e+007 1.61920828e+007 3.80622880e+006 8.89616156e+005 2.80963594e+005 5.53989666e+004 2.30050148e+003 1.41656651e+001 1.13000439e-001 2.11369229e-004 0.00000000e+000 0.00000000e+000 0.00000000e+000 0.00000000e+000 0.00000000e+000 0.00000000e+000 0.00000000e+000 0.00000000e+000 0.00000000e+000 0.00000000e+000 0.00000000e+000 0.00000000e+000 0.00000000e+000 0.00000000e+000 0.00000000e+000
61431.79547926 8090.347888 20724.240111 12109.104030 3.12608798e+007 1.13135592e+007 2.23425554e+006 4.84235276e+005 1.52815296e+005 3.52842671e+004 1.35099771e+003 8.07388976e+000 4.77741063e-002 0.00000000e+000 0.00000000e+000 0.00000000e+000 0.00000000e+000 0.00000000e+000 0.00000000e+000 0.00000000e+000 0.00000000e+000 0.00000000e+000 0.00000000e+000 0.00000000e+000 0.00000000e+000 0.00000000e+000 0.00000000e+000 0.00000000e+000 0.00000000e+000
61431.79955911 6892.644997 22006.368342 12849.026491 2.29726123e+007 7.61711759e+006 1.29814724e+006 2.70991584e+005 8.92321759e+004 2.35062328e+004 8.28443531e+002 4.43113321e+000 1.98806912e-002 0.00000000e+000 0.00000000e+000 0.00000000e+000 0.00000000e+000 0.00000000e+000 0.00000000e+000 0.00000000e+000 0.00000000e+000 0.00000000e+000 0.00000000e+000 0.00000000e+000 0.00000000e+000 0.00000000e+000 0.00000000e+000 0.00000000e+000 0.00000000e+000
61431.80388598 5602.166113 23301.470835 13595.991353 1.61271798e+007 4.96072457e+006 7.66804088e+005 1.63576532e+005 5.83744971e+004 1.63790870e+004 5.27082924e+002 2.27050334e+000 9.36674537e-003 0.00000000e+000 0.00000000e+000 0.00000000e+000 0.00000000e+000 0.00000000e+000 0.00000000e+000 0.00000000e+000 0.00000000e+000 0.00000000e+000 0.00000000e+000 0.00000000e+000 0.00000000e+000 0.00000000e+000 0.00000000e+000 0.00000000e+000 0.00000000e+000
61431.80846444 4220.411728 24604.382544 14346.999690 1.07750409e+007 3.17141249e+006 4.64450458e+005 1.03439324e+005 4.06899663e+004 1.19031855e+004 3.44511465e+002 1.23676804e+000 4.05291762e-003 0.00000000e+000 0.00000000e+000 0.00000000e+000 0.00000000e+000 0.00000000e+000 0.00000000e+000 0.00000000e+000 0.00000000e+000 0.00000000e+000 0.00000000e+000 0.00000000e+000 0.00000000e+000 0.00000000e+000 0.00000000e+000 0.00000000e+000 0.00000000e+000
61431.81316024 2791.732774 25873.915830 15078.314535 7.25340230e+006 2.14490283e+006 3.13552798e+005 7.39057209e+004 3.15440775e+004 9.34527247e+003 2.42949936e+002 7.55955039e-001 1.05192900e-003 0.00000000e+000 0.00000000e+000 0.00000000e+000 0.00000000e+000 0.00000000e+000 0.00000000e+000 0.00000000e+000 0.00000000e+000 0.00000000e+000 0.00000000e+000 0.00000000e+000 0.00000000e+000 0.00000000e+000 0.00000000e+000 0.00000000e+000 0.00000000e+000
61431.81793764 1331.256721 27101.473609 15785.013798 4.96995722e+006 1.51693852e+006 2.29032054e+005 5.72706131e+004 2.57623358e+004 7.42122562e+003 1.66088127e+002 4.52639021e-001 1.60412131e-004 0.00000000e+000 0.00000000e+000 0.00000000e+000 0.00000000e+000 0.00000000e+000 0.00000000e+000 0.00000000e+000 0.00000000e+000 0.00000000e+000 0.00000000e+000 0.00000000e+000 0.00000000e+000 0.00000000e+000 0.00000000e+000 0.00000000e+000 0.00000000e+000
61431.82271715 -132.863050 28270.003054 16457.323768 3.45715342e+006 1.10697659e+006 1.76275690e+005 4.59579947e+004 2.10179330e+004 5.67352073e+003 1.05273768e+002 2.40223620e-001 0.00000000e+000 0.00000000e+000 0.00000000e+000 0.00000000e+000 0.00000000e+000 0.00000000e+000 0.00000000e+000 0.00000000e+000 0.00000000e+000 0.00000000e+000 0.00000000e+000 0.00000000e+000 0.00000000e+000 0.00000000e+000 0.00000000e+000 0.00000000e+000 0.00000000e+000
61431.82632672 -1238.604464 29115.853042 16943.728155 2.82072841e+006 9.26867100e+005 1.52633147e+005 3.95497531e+004 1.75828320e+004 4.35891608e+003 6.96875323e+001 1.24683487e-001 0.00000000e+000 0.00000000e+000 0.00000000e+000 0.00000000e+000 0.00000000e+000 0.00000000e+000 0.00000000e+000 0.00000000e+000 0.00000000e+000 0.00000000e+000 0.00000000e+000 0.00000000e+000 0.00000000e+000 0.00000000e+000 0.00000000e+000 0.00000000e+000 0.00000000e+000
61431.82992903 -2340.885842 29930.610128 17412.047911 2.26868192e+006 7.64705983e+005 1.29439634e+005 3.30407291e+004 1.42992248e+004 3.21291355e+003 4.25679794e+001 4.93028866e-002 0.00000000e+000 0.00000000e+000 0.00000000e+000 0.00000000e+000 0.00000000e+000 0.00000000e+000 0.00000000e+000 0.00000000e+000 0.00000000e+000 0.00000000e+000 0.00000000e+000 0.00000000e+000 0.00000000e+000 0.00000000e+000 0.00000000e+000 0.00000000e+000 0.00000000e+000
61431.83485771 -3845.392967 31000.875833 18026.921973 1.64879164e+006 5.68514098e+005 9.74127497e+004 2.37086686e+004 9.93969844e+003 1.92118112e+003 2.08929017e+001 2.13575637e-002 0.00000000e+000 0.00000000e+000 0.00000000e+000 0.00000000e+000 0.00000000e+000 0.00000000e+000 0.00000000e+000 0.00000000e+000 0.00000000e+000 0.00000000e+000 0.00000000e+000 0.00000000e+000 0.00000000e+000 0.00000000e+000 0.00000000e+000 0.00000000e+000 0.00000000e+000
61431.84039466 -5528.481211 32146.404059 18684.634356 1.12664448e+006 3.95026728e+005 6.78939725e+004 1.58041223e+004 6.41912069e+003 1.01664443e+003 8.36665290e+000 7.49969079e-003 0.00000000e+000 0.00000000e+000 0.00000000e+000 0.00000000e+000 0.00000000e+000 0.00000000e+000 0.00000000e+000 0.00000000e+000 0.00000000e+000 0.00000000e+000 0.00000000e+000 0.00000000e+000 0.00000000e+000 0.00000000e+000 0.00000000e+000 0.00000000e+000 0.00000000e+000
61431.84656392 -7392.570845 33357.878280 19379.747426 6.84296090e+005 2.42171312e+005 4.09057116e+004 9.03901079e+003 3.49065307e+003 3.81088340e+002 1.77215533e+000 1.95365042e-003 0.00000000e+000 0.00000000e+000 0.00000000e+000 0.00000000e+000 0.00000000e+000 0.00000000e+000 0.00000000e+000 0.00000000e+000 0.00000000e+000 0.00000000e+000 0.00000000e+000 0.00000000e+000 0.00000000e+000 0.00000000e+000 0.00000000e+000 0.00000000e+000 0.00000000e+000
61431.85334700 -9426.187745 34618.093839 20102.307241 3.86604207e+005 1.35931260e+005 2.21787526e+004 4.68385750e+003 1.52362831e+003 1.16968911e+002 4.78613419e-001 4.47661582e-004 0.00000000e+000 0.00000000e+000 0.00000000e+000 0.00000000e+000 0.00000000e+000 0.00000000e+000 0.00000000e+000 0.00000000e+000 0.00000000e+000 0.00000000e+000 0.00000000e+000 0.00000000e+000 0.00000000e+000 0.00000000e+000 0.00000000e+000 0.00000000e+000 0.00000000e+000
61431.86075890 -11627.132498 35917.376250 20846.693215 1.93779659e+005 6.56485958e+004 1.00053142e+004 1.93353783e+003 5.11273339e+002 2.52592602e+001 8.68364090e-002 3.21357044e-005 0.00000000e+000 0.00000000e+000 0.00000000e+000 0.00000000e+000 0.00000000e+000 0.00000000e+000 0.00000000e+000 0.00000000e+000 0.00000000e+000 0.00000000e+000 0.00000000e+000 0.00000000e+000 0.00000000e+000 0.00000000e+000 0.00000000e+000 0.00000000e+000 0.00000000e+000
61431.86882834 -13996.419265 37248.833897 21608.887382 7.69798664e+004 2.40214025e+004 3.21334562e+003 4.96920980e+002 9.72543320e+001 2.76976387e+000 1.15486070e-002 0.00000000e+000 0.00000000e+000 0.00000000e+000 0.00000000e+000 0.00000000e+000 0.00000000e+000 0.00000000e+000 0.00000000e+000 0.00000000e+000 0.00000000e+000 0.00000000e+000 0.00000000e+000 0.00000000e+000 0.00000000e+000 0.00000000e+000 0.00000000e+000 0.00000000e+000 0.00000000e+000
61431.87759450 -16537.208130 38607.293226 22385.860293 2.44643079e+004 6.88928473e+003 7.91606385e+002 9.35722658e+001 1.44988900e+001 3.38088241e-001 1.32072910e-003 0.00000000e+000 0.00000000e+000 0.00000000e+000 0.00000000e+000 0.00000000e+000 0.00000000e+000 0.00000000e+000 0.00000000e+000 0.00000000e+000 0.00000000e+000 0.00000000e+000 0.00000000e+000 0.00000000e+000 0.00000000e+000 0.00000000e+000 0.00000000e+000 0.00000000e+000 0.00000000e+000
61431.88710493 -19254.100778 39988.619182 23175.179202 7.71852777e+003 1.97056628e+003 1.84728791e+002 1.83893583e+001 2.52315216e+000 4.71931314e-002 1.05931686e-004 0.00000000e+000 0.00000000e+000 0.00000000e+000 0.00000000e+000 0.00000000e+000 0.00000000e+000 0.00000000e+000 0.00000000e+000 0.00000000e+000 0.00000000e+000 0.00000000e+000 0.00000000e+000 0.00000000e+000 0.00000000e+000 0.00000000e+000 0.00000000e+000 0.00000000e+000 0.00000000e+000
61431.89741499 -22152.855767 41389.368105 23974.807532 2.73291028e+003 6.41624478e+002 4.95950578e+001 4.36465920e+000 4.56045354e-001 8.46132327e-003 1.57922991e-005 0.00000000e+000 0.00000000e+000 0.00000000e+000 0.00000000e+000 0.00000000e+000 0.00000000e+000 0.00000000e+000 0.00000000e+000 0.00000000e+000 0.00000000e+000 0.00000000e+000 0.00000000e+000 0.00000000e+000 0.00000000e+000 0.00000000e+000 0.00000000e+000 0.00000000e+000 0.00000000e+000
61431.90858727 -25240.101887 42806.500961 24782.939467 1.23119804e+003 2.67348609e+002 1.79101629e+001 1.32657215e+000 1.08334330e-001 2.38578937e-003 1.85794321e-006 0.00000000e+000 0.00000000e+000 0.00000000e+000 0.00000000e+000 0.00000000e+000 0.00000000e+000 0.00000000e+000 0.00000000e+000 0.00000000e+000 0.00000000e+000 0.00000000e+000 0.00000000e+000 0.00000000e+000 0.00000000e+000 0.00000000e+000 0.00000000e+000 0.00000000e+000 0.00000000e+000
61431.92069223 -28523.376135 44237.289298 25597.944972 7.56296774e+002 1.52631997e+002 8.75656240e+000 5.38510474e-001 3.54685653e-002 1.04205473e-003 0.00000000e+000 0.00000000e+000 0.00000000e+000 0.00000000e+000 0.00000000e+000 0.00000000e+000 0.00000000e+000 0.00000000e+000 0.00000000e+000 0.00000000e+000 0.00000000e+000 0.00000000e+000 0.00000000e+000 0.00000000e+000 0.00000000e+000 0.00000000e+000 0.00000000e+000 0.00000000e+000 0.00000000e+000
61431.93375916 -31998.050590 45673.947095 26415.316116 0.00000000e+000 0.00000000e+000 0.00000000e+000 0.00000000e+000 0.00000000e+000 0.00000000e+000 0.00000000e+000 0.00000000e+000 0.00000000e+000 0.00000000e+000 0.00000000e+000 0.00000000e+000 0.00000000e+000 0.00000000e+000 0.00000000e+000 0.00000000e+000 0.00000000e+000 0.00000000e+000 0.00000000e+000 0.00000000e+000 0.00000000e+000 0.00000000e+000 0.00000000e+000 0.00000000e+000 0.00000000e+000
61431.94777851 -35649.153125 47105.604015 27228.805938 0.00000000e+000 0.00000000e+000 0.00000000e+000 0.00000000e+000 0.00000000e+000 0.00000000e+000 0.00000000e+000 0.00000000e+000 0.00000000e+000 0.00000000e+000 0.00000000e+000 0.00000000e+000 0.00000000e+000 0.00000000e+000 0.00000000e+000 0.00000000e+000 0.00000000e+000 0.00000000e+000 0.00000000e+000 0.00000000e+000 0.00000000e+000 0.00000000e+000 0.00000000e+000 0.00000000e+000 0.00000000e+000
61431.96280698 -39479.047376 48529.251897 28036.649694 0.00000000e+000 0.00000000e+000 0.00000000e+000 0.00000000e+000 0.00000000e+000 0.00000000e+000 0.00000000e+000 0.00000000e+000 0.00000000e+000 0.00000000e+000 0.00000000e+000 0.00000000e+000 0.00000000e+000 0.00000000e+000 0.00000000e+000 0.00000000e+000 0.00000000e+000 0.00000000e+000 0.00000000e+000 0.00000000e+000 0.00000000e+000 0.00000000e+000 0.00000000e+000 0.00000000e+000 0.00000000e+000
61431.97930722 -43589.336317 49975.958785 28856.377319 0.00000000e+000 0.00000000e+000 0.00000000e+000 0.00000000e+000 0.00000000e+000 0.00000000e+000 0.00000000e+000 0.00000000e+000 0.00000000e+000 0.00000000e+000 0.00000000e+000 0.00000000e+000 0.00000000e+000 0.00000000e+000 0.00000000e+000 0.00000000e+000 0.00000000e+000 0.00000000e+000 0.00000000e+000 0.00000000e+000 0.00000000e+000 0.00000000e+000 0.00000000e+000 0.00000000e+000 0.00000000e+000
61431.99665116 -47809.241884 51381.254588 29651.390293 0.00000000e+000 0.00000000e+000 0.00000000e+000 0.00000000e+000 0.00000000e+000 0.00000000e+000 0.00000000e+000 0.00000000e+000 0.00000000e+000 0.00000000e+000 0.00000000e+000 0.00000000e+000 0.00000000e+000 0.00000000e+000 0.00000000e+000 0.00000000e+000 0.00000000e+000 0.00000000e+000 0.00000000e+000 0.00000000e+000 0.00000000e+000 0.00000000e+000 0.00000000e+000 0.00000000e+000 0.00000000e+000
61432.01465213 -52086.743112 52729.762074 30413.020764 0.00000000e+000 0.00000000e+000 0.00000000e+000 0.00000000e+000 0.00000000e+000 0.00000000e+000 0.00000000e+000 0.00000000e+000 0.00000000e+000 0.00000000e+000 0.00000000e+000 0.00000000e+000 0.00000000e+000 0.00000000e+000 0.00000000e+000 0.00000000e+000 0.00000000e+000 0.00000000e+000 0.00000000e+000 0.00000000e+000 0.00000000e+000 0.00000000e+000 0.00000000e+000 0.00000000e+000 0.00000000e+000
61432.03472073 -56740.675597 54116.892162 31195.066308 0.00000000e+000 0.00000000e+000 0.00000000e+000 0.00000000e+000 0.00000000e+000 0.00000000e+000 0.00000000e+000 0.00000000e+000 0.00000000e+000 0.00000000e+000 0.00000000e+000 0.00000000e+000 0.00000000e+000 0.00000000e+000 0.00000000e+000 0.00000000e+000 0.00000000e+000 0.00000000e+000 0.00000000e+000 0.00000000e+000 0.00000000e+000 0.00000000e+000 0.00000000e+000 0.00000000e+000 0.00000000e+000
61432.05633005 -61625.563605 55489.968184 31967.655132 0.00000000e+000 0.00000000e+000 0.00000000e+000 0.00000000e+000 0.00000000e+000 0.00000000e+000 0.00000000e+000 0.00000000e+000 0.00000000e+000 0.00000000e+000 0.00000000e+000 0.00000000e+000 0.00000000e+000 0.00000000e+000 0.00000000e+000 0.00000000e+000 0.00000000e+000 0.00000000e+000 0.00000000e+000 0.00000000e+000 0.00000000e+000 0.00000000e+000 0.00000000e+000 0.00000000e+000 0.00000000e+000
61432.07963422 -66757.082471 56847.771818 32729.989889 0.00000000e+000 0.00000000e+000 0.00000000e+000 0.00000000e+000 0.00000000e+000 0.00000000e+000 0.00000000e+000 0.00000000e+000 0.00000000e+000 0.00000000e+000 0.00000000e+000 0.00000000e+000 0.00000000e+000 0.00000000e+000 0.00000000e+000 0.00000000e+000 0.00000000e+000 0.00000000e+000 0.00000000e+000 0.00000000e+000 0.00000000e+000 0.00000000e+000 0.00000000e+000 0.00000000e+000 0.00000000e+000
61432.10478522 -72147.845591 58187.578313 33480.412442 0.00000000e+000 0.00000000e+000 0.00000000e+000 0.00000000e+000 0.00000000e+000 0.00000000e+000 0.00000000e+000 0.00000000e+000 0.00000000e+000 0.00000000e+000 0.00000000e+000 0.00000000e+000 0.00000000e+000 0.00000000e+000 0.00000000e+000 0.00000000e+000 0.00000000e+000 0.00000000e+000 0.00000000e+000 0.00000000e+000 0.00000000e+000 0.00000000e+000 0.00000000e+000 0.00000000e+000 0.00000000e+000
61432.13194944 -77810.993677 59506.223191 34217.005057 0.00000000e+000 0.00000000e+000 0.00000000e+000 0.00000000e+000 0.00000000e+000 0.00000000e+000 0.00000000e+000 0.00000000e+000 0.00000000e+000 0.00000000e+000 0.00000000e+000 0.00000000e+000 0.00000000e+000 0.00000000e+000 0.00000000e+000 0.00000000e+000 0.00000000e+000 0.00000000e+000 0.00000000e+000 0.00000000e+000 0.00000000e+000 0.00000000e+000 0.00000000e+000 0.00000000e+000 0.00000000e+000
61432.16130868 -83760.070500 60800.037840 34937.553417 0.00000000e+000 0.00000000e+000 0.00000000e+000 0.00000000e+000 0.00000000e+000 0.00000000e+000 0.00000000e+000 0.00000000e+000 0.00000000e+000 0.00000000e+000 0.00000000e+000 0.00000000e+000 0.00000000e+000 0.00000000e+000 0.00000000e+000 0.00000000e+000 0.00000000e+000 0.00000000e+000 0.00000000e+000 0.00000000e+000 0.00000000e+000 0.00000000e+000 0.00000000e+000 0.00000000e+000 0.00000000e+000
61432.19300115 -89997.273482 62062.524603 35638.257499 0.00000000e+000 0.00000000e+000 0.00000000e+000 0.00000000e+000 0.00000000e+000 0.00000000e+000 0.00000000e+000 0.00000000e+000 0.00000000e+000 0.00000000e+000 0.00000000e+000 0.00000000e+000 0.00000000e+000 0.00000000e+000 0.00000000e+000 0.00000000e+000 0.00000000e+000 0.00000000e+000 0.00000000e+000 0.00000000e+000 0.00000000e+000 0.00000000e+000 0.00000000e+000 0.00000000e+000 0.00000000e+000
61432.22719831 -96529.306140 63288.039505 36315.788329 0.00000000e+000 0.00000000e+000 0.00000000e+000 0.00000000e+000 0.00000000e+000 0.00000000e+000 0.00000000e+000 0.00000000e+000 0.00000000e+000 0.00000000e+000 0.00000000e+000 0.00000000e+000 0.00000000e+000 0.00000000e+000 0.00000000e+000 0.00000000e+000 0.00000000e+000 0.00000000e+000 0.00000000e+000 0.00000000e+000 0.00000000e+000 0.00000000e+000 0.00000000e+000 0.00000000e+000 0.00000000e+000
61432.26410505 -103366.579889 64471.292614 36967.001135 0.00000000e+000 0.00000000e+000 0.00000000e+000 0.00000000e+000 0.00000000e+000 0.00000000e+000 0.00000000e+000 0.00000000e+000 0.00000000e+000 0.00000000e+000 0.00000000e+000 0.00000000e+000 0.00000000e+000 0.00000000e+000 0.00000000e+000 0.00000000e+000 0.00000000e+000 0.00000000e+000 0.00000000e+000 0.00000000e+000 0.00000000e+000 0.00000000e+000 0.00000000e+000 0.00000000e+000 0.00000000e+000
61432.30394166 -110519.228760 65606.445439 37588.431415 0.00000000e+000 0.00000000e+000 0.00000000e+000 0.00000000e+000 0.00000000e+000 0.00000000e+000 0.00000000e+000 0.00000000e+000 0.00000000e+000 0.00000000e+000 0.00000000e+000 0.00000000e+000 0.00000000e+000 0.00000000e+000 0.00000000e+000 0.00000000e+000 0.00000000e+000 0.00000000e+000 0.00000000e+000 0.00000000e+000 0.00000000e+000 0.00000000e+000 0.00000000e+000 0.00000000e+000 0.00000000e+000
61432.34694535 -117997.086135 66687.094690 38176.285196 0.00000000e+000 0.00000000e+000 0.00000000e+000 0.00000000e+000 0.00000000e+000 0.00000000e+000 0.00000000e+000 0.00000000e+000 0.00000000e+000 0.00000000e+000 0.00000000e+000 0.00000000e+000 0.00000000e+000 0.00000000e+000 0.00000000e+000 0.00000000e+000 0.00000000e+000 0.00000000e+000 0.00000000e+000 0.00000000e+000 0.00000000e+000 0.00000000e+000 0.00000000e+000 0.00000000e+000 0.00000000e+000
61432.39337235 -125809.727738 67706.257717 38726.429816 0.00000000e+000 0.00000000e+000 0.00000000e+000 0.00000000e+000 0.00000000e+000 0.00000000e+000 0.00000000e+000 0.00000000e+000 0.00000000e+000 0.00000000e+000 0.00000000e+000 0.00000000e+000 0.00000000e+000 0.00000000e+000 0.00000000e+000 0.00000000e+000 0.00000000e+000 0.00000000e+000 0.00000000e+000 0.00000000e+000 0.00000000e+000 0.00000000e+000 0.00000000e+000 0.00000000e+000 0.00000000e+000
61432.44349859 -133966.229619 68656.313670 39234.360407 0.00000000e+000 0.00000000e+000 0.00000000e+000 0.00000000e+000 0.00000000e+000 0.00000000e+000 0.00000000e+000 0.00000000e+000 0.00000000e+000 0.00000000e+000 0.00000000e+000 0.00000000e+000 0.00000000e+000 0.00000000e+000 0.00000000e+000 0.00000000e+000 0.00000000e+000 0.00000000e+000 0.00000000e+000 0.00000000e+000 0.00000000e+000 0.00000000e+000 0.00000000e+000 0.00000000e+000 0.00000000e+000
61432.49762079 -142474.981212 69528.959464 39695.174609 0.00000000e+000 0.00000000e+000 0.00000000e+000 0.00000000e+000 0.00000000e+000 0.00000000e+000 0.00000000e+000 0.00000000e+000 0.00000000e+000 0.00000000e+000 0.00000000e+000 0.00000000e+000 0.00000000e+000 0.00000000e+000 0.00000000e+000 0.00000000e+000 0.00000000e+000 0.00000000e+000 0.00000000e+000 0.00000000e+000 0.00000000e+000 0.00000000e+000 0.00000000e+000 0.00000000e+000 0.00000000e+000
61432.55605924 -151343.723278 70315.187334 40103.558503 0.00000000e+000 0.00000000e+000 0.00000000e+000 0.00000000e+000 0.00000000e+000 0.00000000e+000 0.00000000e+000 0.00000000e+000 0.00000000e+000 0.00000000e+000 0.00000000e+000 0.00000000e+000 0.00000000e+000 0.00000000e+000 0.00000000e+000 0.00000000e+000 0.00000000e+000 0.00000000e+000 0.00000000e+000 0.00000000e+000 0.00000000e+000 0.00000000e+000 0.00000000e+000 0.00000000e+000 0.00000000e+000
61432.61915747 -160579.063661 71005.209701 40453.744661 0.00000000e+000 0.00000000e+000 0.00000000e+000 0.00000000e+000 0.00000000e+000 0.00000000e+000 0.00000000e+000 0.00000000e+000 0.00000000e+000 0.00000000e+000 0.00000000e+000 0.00000000e+000 0.00000000e+000 0.00000000e+000 0.00000000e+000 0.00000000e+000 0.00000000e+000 0.00000000e+000 0.00000000e+000 0.00000000e+000 0.00000000e+000 0.00000000e+000 0.00000000e+000 0.00000000e+000 0.00000000e+000
61432.68728510 -170186.454775 71588.433290 40739.496249 0.00000000e+000 0.00000000e+000 0.00000000e+000 0.00000000e+000 0.00000000e+000 0.00000000e+000 0.00000000e+000 0.00000000e+000 0.00000000e+000 0.00000000e+000 0.00000000e+000 0.00000000e+000 0.00000000e+000 0.00000000e+000 0.00000000e+000 0.00000000e+000 0.00000000e+000 0.00000000e+000 0.00000000e+000 0.00000000e+000 0.00000000e+000 0.00000000e+000 0.00000000e+000 0.00000000e+000 0.00000000e+000
61432.76083995 -180169.983554 72053.409474 40954.078265 0.00000000e+000 0.00000000e+000 0.00000000e+000 0.00000000e+000 0.00000000e+000 0.00000000e+000 0.00000000e+000 0.00000000e+000 0.00000000e+000 0.00000000e+000 0.00000000e+000 0.00000000e+000 0.00000000e+000 0.00000000e+000 0.00000000e+000 0.00000000e+000 0.00000000e+000 0.00000000e+000 0.00000000e+000 0.00000000e+000 0.00000000e+000 0.00000000e+000 0.00000000e+000 0.00000000e+000 0.00000000e+000
61432.84024801 -190531.840684 72387.773561 41090.224148 0.00000000e+000 0.00000000e+000 0.00000000e+000 0.00000000e+000 0.00000000e+000 0.00000000e+000 0.00000000e+000 0.00000000e+000 0.00000000e+000 0.00000000e+000 0.00000000e+000 0.00000000e+000 0.00000000e+000 0.00000000e+000 0.00000000e+000 0.00000000e+000 0.00000000e+000 0.00000000e+000 0.00000000e+000 0.00000000e+000 0.00000000e+000 0.00000000e+000 0.00000000e+000 0.00000000e+000 0.00000000e+000
61432.92596730 -201272.261341 72578.211484 41140.115777 0.00000000e+000 0.00000000e+000 0.00000000e+000 0.00000000e+000 0.00000000e+000 0.00000000e+000 0.00000000e+000 0.00000000e+000 0.00000000e+000 0.00000000e+000 0.00000000e+000 0.00000000e+000 0.00000000e+000 0.00000000e+000 0.00000000e+000 0.00000000e+000 0.00000000e+000 0.00000000e+000 0.00000000e+000 0.00000000e+000 0.00000000e+000 0.00000000e+000 0.00000000e+000 0.00000000e+000 0.00000000e+000
61433.01848692 -212388.778606 72610.408656 41095.357133 0.00000000e+000 0.00000000e+000 0.00000000e+000 0.00000000e+000 0.00000000e+000 0.00000000e+000 0.00000000e+000 0.00000000e+000 0.00000000e+000 0.00000000e+000 0.00000000e+000 0.00000000e+000 0.00000000e+000 0.00000000e+000 0.00000000e+000 0.00000000e+000 0.00000000e+000 0.00000000e+000 0.00000000e+000 0.00000000e+000 0.00000000e+000 0.00000000e+000 0.00000000e+000 0.00000000e+000 0.00000000e+000
61433.11833072 -223876.031472 72469.025759 40946.960776 0.00000000e+000 0.00000000e+000 0.00000000e+000 0.00000000e+000 0.00000000e+000 0.00000000e+000 0.00000000e+000 0.00000000e+000 0.00000000e+000 0.00000000e+000 0.00000000e+000 0.00000000e+000 0.00000000e+000 0.00000000e+000 0.00000000e+000 0.00000000e+000 0.00000000e+000 0.00000000e+000 0.00000000e+000 0.00000000e+000 0.00000000e+000 0.00000000e+000 0.00000000e+000 0.00000000e+000 0.00000000e+000
61433.22605766 -235725.087850 72137.677700 40685.339268 0.00000000e+000 0.00000000e+000 0.00000000e+000 0.00000000e+000 0.00000000e+000 0.00000000e+000 0.00000000e+000 0.00000000e+000 0.00000000e+000 0.00000000e+000 0.00000000e+000 0.00000000e+000 0.00000000e+000 0.00000000e+000 0.00000000e+000 0.00000000e+000 0.00000000e+000 0.00000000e+000 0.00000000e+000 0.00000000e+000 0.00000000e+000 0.00000000e+000 0.00000000e+000 0.00000000e+000 0.00000000e+000
61433.34226184 -247922.707593 71598.944070 40300.315672 0.00000000e+000 0.00000000e+000 0.00000000e+000 0.00000000e+000 0.00000000e+000 0.00000000e+000 0.00000000e+000 0.00000000e+000 0.00000000e+000 0.00000000e+000 0.00000000e+000 0.00000000e+000 0.00000000e+000 0.00000000e+000 0.00000000e+000 0.00000000e+000 0.00000000e+000 0.00000000e+000 0.00000000e+000 0.00000000e+000 0.00000000e+000 0.00000000e+000 0.00000000e+000 0.00000000e+000 0.00000000e+000
61433.46757485 -260450.819903 70834.397874 39781.143763 0.00000000e+000 0.00000000e+000 0.00000000e+000 0.00000000e+000 0.00000000e+000 0.00000000e+000 0.00000000e+000 0.00000000e+000 0.00000000e+000 0.00000000e+000 0.00000000e+000 0.00000000e+000 0.00000000e+000 0.00000000e+000 0.00000000e+000 0.00000000e+000 0.00000000e+000 0.00000000e+000 0.00000000e+000 0.00000000e+000 0.00000000e+000 0.00000000e+000 0.00000000e+000 0.00000000e+000 0.00000000e+000
61433.60266853 -273285.936137 69824.648237 39116.536808 0.00000000e+000 0.00000000e+000 0.00000000e+000 0.00000000e+000 0.00000000e+000 0.00000000e+000 0.00000000e+000 0.00000000e+000 0.00000000e+000 0.00000000e+000 0.00000000e+000 0.00000000e+000 0.00000000e+000 0.00000000e+000 0.00000000e+000 0.00000000e+000 0.00000000e+000 0.00000000e+000 0.00000000e+000 0.00000000e+000 0.00000000e+000 0.00000000e+000 0.00000000e+000 0.00000000e+000 0.00000000e+000
61433.74825840 -286398.514353 68549.395667 38294.703655 0.00000000e+000 0.00000000e+000 0.00000000e+000 0.00000000e+000 0.00000000e+000 0.00000000e+000 0.00000000e+000 0.00000000e+000 0.00000000e+000 0.00000000e+000 0.00000000e+000 0.00000000e+000 0.00000000e+000 0.00000000e+000 0.00000000e+000 0.00000000e+000 0.00000000e+000 0.00000000e+000 0.00000000e+000 0.00000000e+000 0.00000000e+000 0.00000000e+000 0.00000000e+000 0.00000000e+000 0.00000000e+000
61433.90511367 -299752.729126 66987.436625 37303.352015 0.00000000e+000 0.00000000e+000 0.00000000e+000 0.00000000e+000 0.00000000e+000 0.00000000e+000 0.00000000e+000 0.00000000e+000 0.00000000e+000 0.00000000e+000 0.00000000e+000 0.00000000e+000 0.00000000e+000 0.00000000e+000 0.00000000e+000 0.00000000e+000 0.00000000e+000 0.00000000e+000 0.00000000e+000 0.00000000e+000 0.00000000e+000 0.00000000e+000 0.00000000e+000 0.00000000e+000 0.00000000e+000
