# Ae9Ap9 Model output file: MoonBEAM_trajectory_trade/Rp18408_COM_8per90prop30inc_Tran.AP9.output_mc_fluenceIntv_048.txt
# Ae9Ap9 Software Version:  1.50.001
#
# Model type:               AP9
# Particle species:         H+
# Flux type:                1PtDiff
# Flux direction:           Omnidirectional
# Energy levels (MeV):       0.1 0.2 0.4 0.6 0.8 1 2 4 6 8 10 15 20 30 50 60 80 100 150 200 300 400 700 1200 2000
#
# Accumulation mode:        Interval, length = 13997 seconds (0.162002 days)
#
# Time format:              Modified Julian Date
# Coordinate system:        GEI (Geocentric Equatorial Inertial) Cartesian in km
# Data Delimiter:           space
#
# datetime(mjd),posx(km),posy(km),posz(km),fluence,fluence,fluence,fluence,fluence,fluence,fluence,fluence,fluence,fluence,fluence,fluence,fluence,fluence,fluence,fluence,fluence,fluence,fluence,fluence,fluence,fluence,fluence,fluence,fluence(#/cm^2/MeV)
61411.87033565 0.000000 0.000000 0.000000 5.58789771e+011 3.38380376e+011 1.66517034e+011 9.29616546e+010 5.24597777e+010 1.13024005e+010 1.14199424e+009 1.36682913e+008 4.17766707e+007 1.64803454e+007 6.17358165e+006 2.77662316e+006 9.62175540e+005 3.19217954e+005 1.34659781e+005 7.25691894e+004 4.86069983e+004 2.42280030e+004 1.10259307e+004 4.12481269e+003 1.43500451e+003 8.26518657e+001 1.78204401e+000 2.24502568e-003 0.00000000e+000
61412.03233796 0.000000 0.000000 0.000000 6.49677916e+011 3.62420586e+011 1.68870220e+011 9.34100430e+010 5.26203889e+010 1.13356639e+010 1.14570570e+009 1.36692349e+008 4.17767020e+007 1.64803454e+007 6.17358165e+006 2.77662316e+006 9.62175540e+005 3.19217954e+005 1.34659781e+005 7.25691894e+004 4.86069983e+004 2.42280030e+004 1.10259307e+004 4.12481269e+003 1.43500451e+003 8.26518657e+001 1.78204401e+000 2.24502568e-003 0.00000000e+000
61412.19434028 0.000000 0.000000 0.000000 9.21931063e+011 5.10526108e+011 2.22605811e+011 1.11148928e+011 5.91620117e+010 1.23400406e+010 1.24796400e+009 1.52788688e+008 4.71400424e+007 1.88734144e+007 7.17540999e+006 3.18981612e+006 1.10842772e+006 3.74063632e+005 1.58805672e+005 8.52099522e+004 5.53004115e+004 2.68686043e+004 1.20260717e+004 4.37217780e+003 1.49475045e+003 8.42192245e+001 1.79660552e+000 2.24502568e-003 0.00000000e+000
61412.35634259 0.000000 0.000000 0.000000 1.02864462e+012 5.47839892e+011 2.27757676e+011 1.11967874e+011 5.93585580e+010 1.23699909e+010 1.25138091e+009 1.52803116e+008 4.71401154e+007 1.88734147e+007 7.17540999e+006 3.18981612e+006 1.10842772e+006 3.74063632e+005 1.58805672e+005 8.52099522e+004 5.53004115e+004 2.68686043e+004 1.20260717e+004 4.37217780e+003 1.49475045e+003 8.42192245e+001 1.79660552e+000 2.24502568e-003 0.00000000e+000
61412.51834491 0.000000 0.000000 0.000000 1.03656146e+012 5.50235647e+011 2.28133170e+011 1.12051427e+011 5.93869374e+010 1.23773177e+010 1.25167450e+009 1.52803693e+008 4.71401154e+007 1.88734147e+007 7.17540999e+006 3.18981612e+006 1.10842772e+006 3.74063632e+005 1.58805672e+005 8.52099522e+004 5.53004115e+004 2.68686043e+004 1.20260717e+004 4.37217780e+003 1.49475045e+003 8.42192245e+001 1.79660552e+000 2.24502568e-003 0.00000000e+000
61412.68034722 0.000000 0.000000 0.000000 1.48175852e+012 7.95155198e+011 3.25802214e+011 1.53697493e+011 7.82862484e+010 1.48403921e+010 1.37753853e+009 1.61725840e+008 4.77033168e+007 1.89610837e+007 7.19403559e+006 3.19669126e+006 1.11021760e+006 3.74374933e+005 1.58875828e+005 8.52329513e+004 5.53094462e+004 2.68700275e+004 1.20261258e+004 4.37217384e+003 1.49475045e+003 8.42192245e+001 1.79660552e+000 2.24502568e-003 0.00000000e+000
61412.84234954 0.000000 0.000000 0.000000 1.90031847e+012 1.05877570e+012 4.73844710e+011 2.48808300e+011 1.35663201e+011 2.91809798e+010 3.08076885e+009 3.91976609e+008 1.25176365e+008 5.33186719e+007 2.25962942e+007 1.12435902e+007 4.51251179e+006 1.60146820e+006 6.66856774e+005 3.64730774e+005 2.50031151e+005 1.28855930e+005 5.97577366e+004 2.22181919e+004 8.16238635e+003 6.88348809e+002 2.69223074e+001 2.61700736e-001 0.00000000e+000
61413.00435185 0.000000 0.000000 0.000000 1.91415183e+012 1.06259250e+012 4.74311964e+011 2.48907935e+011 1.35699337e+011 2.91889490e+010 3.08136785e+009 3.91977964e+008 1.25176367e+008 5.33186719e+007 2.25962942e+007 1.12435902e+007 4.51251179e+006 1.60146820e+006 6.66856774e+005 3.64730774e+005 2.50031151e+005 1.28855930e+005 5.97577366e+004 2.22181919e+004 8.16238635e+003 6.88348809e+002 2.69223074e+001 2.61700736e-001 0.00000000e+000
61413.16635417 0.000000 0.000000 0.000000 1.91441008e+012 1.06267252e+012 4.74321470e+011 2.48910036e+011 1.35700114e+011 2.91890059e+010 3.08136823e+009 3.91977964e+008 1.25176367e+008 5.33186719e+007 2.25962942e+007 1.12435902e+007 4.51251179e+006 1.60146820e+006 6.66856774e+005 3.64730774e+005 2.50031151e+005 1.28855930e+005 5.97577366e+004 2.22181919e+004 8.16238635e+003 6.88348809e+002 2.69223074e+001 2.61700736e-001 0.00000000e+000
61413.32835648 0.000000 0.000000 0.000000 1.92169948e+012 1.06478497e+012 4.74624132e+011 2.48976123e+011 1.35723339e+011 2.91945317e+010 3.08164819e+009 3.91978535e+008 1.25176368e+008 5.33186719e+007 2.25962942e+007 1.12435902e+007 4.51251179e+006 1.60146820e+006 6.66856774e+005 3.64730774e+005 2.50031151e+005 1.28855930e+005 5.97577366e+004 2.22181919e+004 8.16238635e+003 6.88348809e+002 2.69223074e+001 2.61700736e-001 0.00000000e+000
61413.49035880 0.000000 0.000000 0.000000 2.30610714e+012 1.28423767e+012 5.74467328e+011 2.99534211e+011 1.61571948e+011 3.46034140e+010 3.65356215e+009 4.71594247e+008 1.53409271e+008 6.60146837e+007 2.85150418e+007 1.43156480e+007 5.76117621e+006 2.05534294e+006 8.61184875e+005 4.72335992e+005 3.23870389e+005 1.66400098e+005 7.68417065e+004 2.84115002e+004 1.03638748e+004 8.80803322e+002 3.50174386e+001 3.18093230e-001 0.00000000e+000
61413.65236111 0.000000 0.000000 0.000000 2.56270276e+012 1.42147346e+012 6.31429520e+011 3.26636523e+011 1.74724352e+011 3.67004109e+010 3.77642574e+009 4.84285858e+008 1.55753484e+008 6.65266996e+007 2.86264648e+007 1.43512817e+007 5.76889511e+006 2.05637550e+006 8.61344815e+005 4.72372860e+005 3.23882455e+005 1.66402789e+005 7.68422082e+004 2.84115507e+004 1.03638748e+004 8.80803322e+002 3.50174386e+001 3.18093230e-001 0.00000000e+000
61413.81436343 0.000000 0.000000 0.000000 2.56289185e+012 1.42153439e+012 6.31438092e+011 3.26638059e+011 1.74724897e+011 3.67005287e+010 3.77642680e+009 4.84285861e+008 1.55753484e+008 6.65266996e+007 2.86264648e+007 1.43512817e+007 5.76889511e+006 2.05637550e+006 8.61344815e+005 4.72372860e+005 3.23882455e+005 1.66402789e+005 7.68422082e+004 2.84115507e+004 1.03638748e+004 8.80803322e+002 3.50174386e+001 3.18093230e-001 0.00000000e+000
61413.97636574 0.000000 0.000000 0.000000 2.56289185e+012 1.42153439e+012 6.31438092e+011 3.26638059e+011 1.74724897e+011 3.67005287e+010 3.77642680e+009 4.84285861e+008 1.55753484e+008 6.65266996e+007 2.86264648e+007 1.43512817e+007 5.76889511e+006 2.05637550e+006 8.61344815e+005 4.72372860e+005 3.23882455e+005 1.66402789e+005 7.68422082e+004 2.84115507e+004 1.03638748e+004 8.80803322e+002 3.50174386e+001 3.18093230e-001 0.00000000e+000
61414.13836806 0.000000 0.000000 0.000000 2.56289185e+012 1.42153439e+012 6.31438092e+011 3.26638059e+011 1.74724897e+011 3.67005287e+010 3.77642680e+009 4.84285861e+008 1.55753484e+008 6.65266996e+007 2.86264648e+007 1.43512817e+007 5.76889511e+006 2.05637550e+006 8.61344815e+005 4.72372860e+005 3.23882455e+005 1.66402789e+005 7.68422082e+004 2.84115507e+004 1.03638748e+004 8.80803322e+002 3.50174386e+001 3.18093230e-001 0.00000000e+000
61414.30037037 0.000000 0.000000 0.000000 2.56340723e+012 1.42170480e+012 6.31462971e+011 3.26642582e+011 1.74726459e+011 3.67008457e+010 3.77642994e+009 4.84285869e+008 1.55753484e+008 6.65266996e+007 2.86264648e+007 1.43512817e+007 5.76889511e+006 2.05637550e+006 8.61344815e+005 4.72372860e+005 3.23882455e+005 1.66402789e+005 7.68422082e+004 2.84115507e+004 1.03638748e+004 8.80803322e+002 3.50174386e+001 3.18093230e-001 0.00000000e+000
61414.46237269 0.000000 0.000000 0.000000 2.93760740e+012 1.62621254e+012 7.16459034e+011 3.66668952e+011 1.93955038e+011 3.98834068e+010 3.97877598e+009 5.06936047e+008 1.61108810e+008 6.77495941e+007 2.88875548e+007 1.44393842e+007 5.78943117e+006 2.05972878e+006 8.62017142e+005 4.72532995e+005 3.23927479e+005 1.66411968e+005 7.68436181e+004 2.84116852e+004 1.03638748e+004 8.80803322e+002 3.50174386e+001 3.18093230e-001 0.00000000e+000
61414.62437500 0.000000 0.000000 0.000000 3.21931724e+012 1.78083337e+012 7.85813028e+011 4.03610398e+011 2.13661949e+011 4.43204936e+010 4.46687604e+009 5.78622462e+008 1.87265443e+008 8.01504919e+007 3.47702122e+007 1.74808359e+007 7.02123695e+006 2.50898773e+006 1.05779161e+006 5.82093639e+005 4.00210613e+005 2.05646862e+005 9.49362054e+004 3.51168894e+004 1.27681283e+004 1.08311170e+003 4.30278580e+001 3.70602190e-001 0.00000000e+000
61414.78637731 0.000000 0.000000 0.000000 3.21997841e+012 1.78104036e+012 7.85842838e+011 4.03615895e+011 2.13663762e+011 4.43209698e+010 4.46688446e+009 5.78622486e+008 1.87265443e+008 8.01504919e+007 3.47702122e+007 1.74808359e+007 7.02123695e+006 2.50898773e+006 1.05779161e+006 5.82093639e+005 4.00210613e+005 2.05646862e+005 9.49362054e+004 3.51168894e+004 1.27681283e+004 1.08311170e+003 4.30278580e+001 3.70602190e-001 0.00000000e+000
61414.94837963 0.000000 0.000000 0.000000 3.21997841e+012 1.78104036e+012 7.85842838e+011 4.03615895e+011 2.13663762e+011 4.43209698e+010 4.46688446e+009 5.78622486e+008 1.87265443e+008 8.01504919e+007 3.47702122e+007 1.74808359e+007 7.02123695e+006 2.50898773e+006 1.05779161e+006 5.82093639e+005 4.00210613e+005 2.05646862e+005 9.49362054e+004 3.51168894e+004 1.27681283e+004 1.08311170e+003 4.30278580e+001 3.70602190e-001 0.00000000e+000
61415.11038194 0.000000 0.000000 0.000000 3.21997841e+012 1.78104036e+012 7.85842838e+011 4.03615895e+011 2.13663762e+011 4.43209698e+010 4.46688446e+009 5.78622486e+008 1.87265443e+008 8.01504919e+007 3.47702122e+007 1.74808359e+007 7.02123695e+006 2.50898773e+006 1.05779161e+006 5.82093639e+005 4.00210613e+005 2.05646862e+005 9.49362054e+004 3.51168894e+004 1.27681283e+004 1.08311170e+003 4.30278580e+001 3.70602190e-001 0.00000000e+000
61415.27238426 0.000000 0.000000 0.000000 3.21997841e+012 1.78104036e+012 7.85842838e+011 4.03615895e+011 2.13663762e+011 4.43209698e+010 4.46688446e+009 5.78622486e+008 1.87265443e+008 8.01504919e+007 3.47702122e+007 1.74808359e+007 7.02123695e+006 2.50898773e+006 1.05779161e+006 5.82093639e+005 4.00210613e+005 2.05646862e+005 9.49362054e+004 3.51168894e+004 1.27681283e+004 1.08311170e+003 4.30278580e+001 3.70602190e-001 0.00000000e+000
61415.43438657 0.000000 0.000000 0.000000 3.21997841e+012 1.78104036e+012 7.85842838e+011 4.03615895e+011 2.13663762e+011 4.43209698e+010 4.46688446e+009 5.78622486e+008 1.87265443e+008 8.01504919e+007 3.47702122e+007 1.74808359e+007 7.02123695e+006 2.50898773e+006 1.05779161e+006 5.82093639e+005 4.00210613e+005 2.05646862e+005 9.49362054e+004 3.51168894e+004 1.27681283e+004 1.08311170e+003 4.30278580e+001 3.70602190e-001 0.00000000e+000
61415.59638889 0.000000 0.000000 0.000000 3.21997841e+012 1.78104036e+012 7.85842838e+011 4.03615895e+011 2.13663762e+011 4.43209698e+010 4.46688446e+009 5.78622486e+008 1.87265443e+008 8.01504919e+007 3.47702122e+007 1.74808359e+007 7.02123695e+006 2.50898773e+006 1.05779161e+006 5.82093639e+005 4.00210613e+005 2.05646862e+005 9.49362054e+004 3.51168894e+004 1.27681283e+004 1.08311170e+003 4.30278580e+001 3.70602190e-001 0.00000000e+000
61415.75839120 0.000000 0.000000 0.000000 3.21999151e+012 1.78104360e+012 7.85843405e+011 4.03616001e+011 2.13663780e+011 4.43209704e+010 4.46688446e+009 5.78622486e+008 1.87265443e+008 8.01504919e+007 3.47702122e+007 1.74808359e+007 7.02123695e+006 2.50898773e+006 1.05779161e+006 5.82093639e+005 4.00210613e+005 2.05646862e+005 9.49362054e+004 3.51168894e+004 1.27681283e+004 1.08311170e+003 4.30278580e+001 3.70602190e-001 0.00000000e+000
61415.92039352 0.000000 0.000000 0.000000 3.30715930e+012 1.81042235e+012 7.89504260e+011 4.04143524e+011 2.13778071e+011 4.43379569e+010 4.46865555e+009 5.78631400e+008 1.87265491e+008 8.01504919e+007 3.47702122e+007 1.74808359e+007 7.02123695e+006 2.50898773e+006 1.05779161e+006 5.82093639e+005 4.00210613e+005 2.05646862e+005 9.49362054e+004 3.51168894e+004 1.27681283e+004 1.08311170e+003 4.30278580e+001 3.70602190e-001 0.00000000e+000
61416.08239583 0.000000 0.000000 0.000000 3.63906899e+012 1.99078227e+012 8.62826949e+011 4.36693058e+011 2.28734989e+011 4.71459461e+010 4.71070403e+009 6.16417397e+008 2.01332934e+008 8.68835925e+007 3.81122477e+007 1.91634389e+007 7.67878369e+006 2.76272025e+006 1.18145262e+006 6.58173141e+005 4.56194023e+005 2.36286117e+005 1.10294587e+005 4.14302642e+004 1.52811294e+004 1.33811002e+003 5.63874095e+001 4.32513828e-001 0.00000000e+000
61416.24439815 0.000000 0.000000 0.000000 3.63985812e+012 1.99102377e+012 8.62859848e+011 4.36698888e+011 2.28736914e+011 4.71464261e+010 4.71071198e+009 6.16417423e+008 2.01332934e+008 8.68835925e+007 3.81122477e+007 1.91634389e+007 7.67878369e+006 2.76272025e+006 1.18145262e+006 6.58173141e+005 4.56194023e+005 2.36286117e+005 1.10294587e+005 4.14302642e+004 1.52811294e+004 1.33811002e+003 5.63874095e+001 4.32513828e-001 0.00000000e+000
61416.40640046 0.000000 0.000000 0.000000 3.63985812e+012 1.99102377e+012 8.62859848e+011 4.36698888e+011 2.28736914e+011 4.71464261e+010 4.71071198e+009 6.16417423e+008 2.01332934e+008 8.68835925e+007 3.81122477e+007 1.91634389e+007 7.67878369e+006 2.76272025e+006 1.18145262e+006 6.58173141e+005 4.56194023e+005 2.36286117e+005 1.10294587e+005 4.14302642e+004 1.52811294e+004 1.33811002e+003 5.63874095e+001 4.32513828e-001 0.00000000e+000
61416.56840278 0.000000 0.000000 0.000000 3.63985812e+012 1.99102377e+012 8.62859848e+011 4.36698888e+011 2.28736914e+011 4.71464261e+010 4.71071198e+009 6.16417423e+008 2.01332934e+008 8.68835925e+007 3.81122477e+007 1.91634389e+007 7.67878369e+006 2.76272025e+006 1.18145262e+006 6.58173141e+005 4.56194023e+005 2.36286117e+005 1.10294587e+005 4.14302642e+004 1.52811294e+004 1.33811002e+003 5.63874095e+001 4.32513828e-001 0.00000000e+000
61416.73040509 0.000000 0.000000 0.000000 3.63985812e+012 1.99102377e+012 8.62859848e+011 4.36698888e+011 2.28736914e+011 4.71464261e+010 4.71071198e+009 6.16417423e+008 2.01332934e+008 8.68835925e+007 3.81122477e+007 1.91634389e+007 7.67878369e+006 2.76272025e+006 1.18145262e+006 6.58173141e+005 4.56194023e+005 2.36286117e+005 1.10294587e+005 4.14302642e+004 1.52811294e+004 1.33811002e+003 5.63874095e+001 4.32513828e-001 0.00000000e+000
61416.89240741 0.000000 0.000000 0.000000 3.63985812e+012 1.99102377e+012 8.62859848e+011 4.36698888e+011 2.28736914e+011 4.71464261e+010 4.71071198e+009 6.16417423e+008 2.01332934e+008 8.68835925e+007 3.81122477e+007 1.91634389e+007 7.67878369e+006 2.76272025e+006 1.18145262e+006 6.58173141e+005 4.56194023e+005 2.36286117e+005 1.10294587e+005 4.14302642e+004 1.52811294e+004 1.33811002e+003 5.63874095e+001 4.32513828e-001 0.00000000e+000
61417.05440972 0.000000 0.000000 0.000000 3.63985812e+012 1.99102377e+012 8.62859848e+011 4.36698888e+011 2.28736914e+011 4.71464261e+010 4.71071198e+009 6.16417423e+008 2.01332934e+008 8.68835925e+007 3.81122477e+007 1.91634389e+007 7.67878369e+006 2.76272025e+006 1.18145262e+006 6.58173141e+005 4.56194023e+005 2.36286117e+005 1.10294587e+005 4.14302642e+004 1.52811294e+004 1.33811002e+003 5.63874095e+001 4.32513828e-001 0.00000000e+000
61417.21641204 0.000000 0.000000 0.000000 3.63985812e+012 1.99102377e+012 8.62859848e+011 4.36698888e+011 2.28736914e+011 4.71464261e+010 4.71071198e+009 6.16417423e+008 2.01332934e+008 8.68835925e+007 3.81122477e+007 1.91634389e+007 7.67878369e+006 2.76272025e+006 1.18145262e+006 6.58173141e+005 4.56194023e+005 2.36286117e+005 1.10294587e+005 4.14302642e+004 1.52811294e+004 1.33811002e+003 5.63874095e+001 4.32513828e-001 0.00000000e+000
61417.37841435 0.000000 0.000000 0.000000 3.63985812e+012 1.99102377e+012 8.62859848e+011 4.36698888e+011 2.28736914e+011 4.71464261e+010 4.71071198e+009 6.16417423e+008 2.01332934e+008 8.68835925e+007 3.81122477e+007 1.91634389e+007 7.67878369e+006 2.76272025e+006 1.18145262e+006 6.58173141e+005 4.56194023e+005 2.36286117e+005 1.10294587e+005 4.14302642e+004 1.52811294e+004 1.33811002e+003 5.63874095e+001 4.32513828e-001 0.00000000e+000
61417.54041667 0.000000 0.000000 0.000000 3.63985812e+012 1.99102377e+012 8.62859848e+011 4.36698888e+011 2.28736914e+011 4.71464261e+010 4.71071198e+009 6.16417423e+008 2.01332934e+008 8.68835925e+007 3.81122477e+007 1.91634389e+007 7.67878369e+006 2.76272025e+006 1.18145262e+006 6.58173141e+005 4.56194023e+005 2.36286117e+005 1.10294587e+005 4.14302642e+004 1.52811294e+004 1.33811002e+003 5.63874095e+001 4.32513828e-001 0.00000000e+000
61417.70241898 0.000000 0.000000 0.000000 3.63985812e+012 1.99102377e+012 8.62859848e+011 4.36698888e+011 2.28736914e+011 4.71464261e+010 4.71071198e+009 6.16417423e+008 2.01332934e+008 8.68835925e+007 3.81122477e+007 1.91634389e+007 7.67878369e+006 2.76272025e+006 1.18145262e+006 6.58173141e+005 4.56194023e+005 2.36286117e+005 1.10294587e+005 4.14302642e+004 1.52811294e+004 1.33811002e+003 5.63874095e+001 4.32513828e-001 0.00000000e+000
61417.86442130 0.000000 0.000000 0.000000 3.63985812e+012 1.99102377e+012 8.62859848e+011 4.36698888e+011 2.28736914e+011 4.71464261e+010 4.71071198e+009 6.16417423e+008 2.01332934e+008 8.68835925e+007 3.81122477e+007 1.91634389e+007 7.67878369e+006 2.76272025e+006 1.18145262e+006 6.58173141e+005 4.56194023e+005 2.36286117e+005 1.10294587e+005 4.14302642e+004 1.52811294e+004 1.33811002e+003 5.63874095e+001 4.32513828e-001 0.00000000e+000
61418.02642361 0.000000 0.000000 0.000000 3.63985812e+012 1.99102377e+012 8.62859848e+011 4.36698888e+011 2.28736914e+011 4.71464261e+010 4.71071198e+009 6.16417423e+008 2.01332934e+008 8.68835925e+007 3.81122477e+007 1.91634389e+007 7.67878369e+006 2.76272025e+006 1.18145262e+006 6.58173141e+005 4.56194023e+005 2.36286117e+005 1.10294587e+005 4.14302642e+004 1.52811294e+004 1.33811002e+003 5.63874095e+001 4.32513828e-001 0.00000000e+000
61418.18842593 0.000000 0.000000 0.000000 3.63985810e+012 1.99102377e+012 8.62859847e+011 4.36698888e+011 2.28736914e+011 4.71464261e+010 4.71071198e+009 6.16417423e+008 2.01332934e+008 8.68835925e+007 3.81122477e+007 1.91634389e+007 7.67878369e+006 2.76272025e+006 1.18145262e+006 6.58173141e+005 4.56194023e+005 2.36286117e+005 1.10294587e+005 4.14302642e+004 1.52811294e+004 1.33811002e+003 5.63874095e+001 4.32513828e-001 0.00000000e+000
61418.35042824 0.000000 0.000000 0.000000 3.67284691e+012 2.00021806e+012 8.63770337e+011 4.36845871e+011 2.28780472e+011 4.71552559e+010 4.71140636e+009 6.16420042e+008 2.01332941e+008 8.68835925e+007 3.81122477e+007 1.91634389e+007 7.67878369e+006 2.76272025e+006 1.18145262e+006 6.58173141e+005 4.56194023e+005 2.36286117e+005 1.10294587e+005 4.14302642e+004 1.52811294e+004 1.33811002e+003 5.63874095e+001 4.32513828e-001 0.00000000e+000
61418.51243056 0.000000 0.000000 0.000000 4.32766842e+012 2.32424305e+012 9.76529705e+011 4.85805430e+011 2.51377234e+011 5.13685211e+010 5.05377268e+009 6.70878313e+008 2.21379078e+008 9.63230519e+007 4.27152471e+007 2.15958884e+007 8.68324020e+006 3.14060253e+006 1.35473210e+006 7.57402850e+005 5.27299808e+005 2.73516740e+005 1.27921048e+005 4.81269028e+004 1.78051603e+004 1.58541172e+003 6.74904483e+001 5.13986926e-001 0.00000000e+000
61418.67443287 0.000000 0.000000 0.000000 4.33795869e+012 2.32704248e+012 9.76833084e+011 4.85856785e+011 2.51393071e+011 5.13721500e+010 5.05398025e+009 6.70879013e+008 2.21379079e+008 9.63230519e+007 4.27152471e+007 2.15958884e+007 8.68324020e+006 3.14060253e+006 1.35473210e+006 7.57402850e+005 5.27299808e+005 2.73516740e+005 1.27921048e+005 4.81269028e+004 1.78051603e+004 1.58541172e+003 6.74904483e+001 5.13986926e-001 0.00000000e+000
61418.83643519 0.000000 0.000000 0.000000 4.33795869e+012 2.32704248e+012 9.76833084e+011 4.85856785e+011 2.51393071e+011 5.13721500e+010 5.05398025e+009 6.70879013e+008 2.21379079e+008 9.63230519e+007 4.27152471e+007 2.15958884e+007 8.68324020e+006 3.14060253e+006 1.35473210e+006 7.57402850e+005 5.27299808e+005 2.73516740e+005 1.27921048e+005 4.81269028e+004 1.78051603e+004 1.58541172e+003 6.74904483e+001 5.13986926e-001 0.00000000e+000
61418.99843750 0.000000 0.000000 0.000000 4.33795869e+012 2.32704248e+012 9.76833084e+011 4.85856785e+011 2.51393071e+011 5.13721500e+010 5.05398025e+009 6.70879013e+008 2.21379079e+008 9.63230519e+007 4.27152471e+007 2.15958884e+007 8.68324020e+006 3.14060253e+006 1.35473210e+006 7.57402850e+005 5.27299808e+005 2.73516740e+005 1.27921048e+005 4.81269028e+004 1.78051603e+004 1.58541172e+003 6.74904483e+001 5.13986926e-001 0.00000000e+000
61419.16043981 0.000000 0.000000 0.000000 4.33795869e+012 2.32704248e+012 9.76833084e+011 4.85856785e+011 2.51393071e+011 5.13721500e+010 5.05398025e+009 6.70879013e+008 2.21379079e+008 9.63230519e+007 4.27152471e+007 2.15958884e+007 8.68324020e+006 3.14060253e+006 1.35473210e+006 7.57402850e+005 5.27299808e+005 2.73516740e+005 1.27921048e+005 4.81269028e+004 1.78051603e+004 1.58541172e+003 6.74904483e+001 5.13986926e-001 0.00000000e+000
61419.32244213 0.000000 0.000000 0.000000 4.33795869e+012 2.32704248e+012 9.76833084e+011 4.85856785e+011 2.51393071e+011 5.13721500e+010 5.05398025e+009 6.70879013e+008 2.21379079e+008 9.63230519e+007 4.27152471e+007 2.15958884e+007 8.68324020e+006 3.14060253e+006 1.35473210e+006 7.57402850e+005 5.27299808e+005 2.73516740e+005 1.27921048e+005 4.81269028e+004 1.78051603e+004 1.58541172e+003 6.74904483e+001 5.13986926e-001 0.00000000e+000
61419.48444444 0.000000 0.000000 0.000000 4.33795869e+012 2.32704248e+012 9.76833084e+011 4.85856785e+011 2.51393071e+011 5.13721500e+010 5.05398025e+009 6.70879013e+008 2.21379079e+008 9.63230519e+007 4.27152471e+007 2.15958884e+007 8.68324020e+006 3.14060253e+006 1.35473210e+006 7.57402850e+005 5.27299808e+005 2.73516740e+005 1.27921048e+005 4.81269028e+004 1.78051603e+004 1.58541172e+003 6.74904483e+001 5.13986926e-001 0.00000000e+000
61419.64644676 0.000000 0.000000 0.000000 4.33795869e+012 2.32704248e+012 9.76833084e+011 4.85856785e+011 2.51393071e+011 5.13721500e+010 5.05398025e+009 6.70879013e+008 2.21379079e+008 9.63230519e+007 4.27152471e+007 2.15958884e+007 8.68324020e+006 3.14060253e+006 1.35473210e+006 7.57402850e+005 5.27299808e+005 2.73516740e+005 1.27921048e+005 4.81269028e+004 1.78051603e+004 1.58541172e+003 6.74904483e+001 5.13986926e-001 0.00000000e+000
61419.80844907 0.000000 0.000000 0.000000 4.33795869e+012 2.32704248e+012 9.76833084e+011 4.85856785e+011 2.51393071e+011 5.13721500e+010 5.05398025e+009 6.70879013e+008 2.21379079e+008 9.63230519e+007 4.27152471e+007 2.15958884e+007 8.68324020e+006 3.14060253e+006 1.35473210e+006 7.57402850e+005 5.27299808e+005 2.73516740e+005 1.27921048e+005 4.81269028e+004 1.78051603e+004 1.58541172e+003 6.74904483e+001 5.13986926e-001 0.00000000e+000
61419.97045139 0.000000 0.000000 0.000000 4.33795869e+012 2.32704248e+012 9.76833084e+011 4.85856785e+011 2.51393071e+011 5.13721500e+010 5.05398025e+009 6.70879013e+008 2.21379079e+008 9.63230519e+007 4.27152471e+007 2.15958884e+007 8.68324020e+006 3.14060253e+006 1.35473210e+006 7.57402850e+005 5.27299808e+005 2.73516740e+005 1.27921048e+005 4.81269028e+004 1.78051603e+004 1.58541172e+003 6.74904483e+001 5.13986926e-001 0.00000000e+000
61420.13245370 0.000000 0.000000 0.000000 4.33795869e+012 2.32704248e+012 9.76833084e+011 4.85856785e+011 2.51393071e+011 5.13721500e+010 5.05398025e+009 6.70879013e+008 2.21379079e+008 9.63230519e+007 4.27152471e+007 2.15958884e+007 8.68324020e+006 3.14060253e+006 1.35473210e+006 7.57402850e+005 5.27299808e+005 2.73516740e+005 1.27921048e+005 4.81269028e+004 1.78051603e+004 1.58541172e+003 6.74904483e+001 5.13986926e-001 0.00000000e+000
61420.29445602 0.000000 0.000000 0.000000 4.33795869e+012 2.32704248e+012 9.76833084e+011 4.85856785e+011 2.51393071e+011 5.13721500e+010 5.05398025e+009 6.70879013e+008 2.21379079e+008 9.63230519e+007 4.27152471e+007 2.15958884e+007 8.68324020e+006 3.14060253e+006 1.35473210e+006 7.57402850e+005 5.27299808e+005 2.73516740e+005 1.27921048e+005 4.81269028e+004 1.78051603e+004 1.58541172e+003 6.74904483e+001 5.13986926e-001 0.00000000e+000
61420.45645833 0.000000 0.000000 0.000000 4.33795869e+012 2.32704248e+012 9.76833084e+011 4.85856785e+011 2.51393071e+011 5.13721500e+010 5.05398025e+009 6.70879013e+008 2.21379079e+008 9.63230519e+007 4.27152471e+007 2.15958884e+007 8.68324020e+006 3.14060253e+006 1.35473210e+006 7.57402850e+005 5.27299808e+005 2.73516740e+005 1.27921048e+005 4.81269028e+004 1.78051603e+004 1.58541172e+003 6.74904483e+001 5.13986926e-001 0.00000000e+000
61420.55915852 0.000000 0.000000 0.000000 4.33795869e+012 2.32704248e+012 9.76833084e+011 4.85856785e+011 2.51393071e+011 5.13721500e+010 5.05398025e+009 6.70879013e+008 2.21379079e+008 9.63230519e+007 4.27152471e+007 2.15958884e+007 8.68324020e+006 3.14060253e+006 1.35473210e+006 7.57402850e+005 5.27299808e+005 2.73516740e+005 1.27921048e+005 4.81269028e+004 1.78051603e+004 1.58541172e+003 6.74904483e+001 5.13986926e-001 0.00000000e+000
