# Ae9Ap9 Model output file: MoonBEAM_trajectory_trade/Rp18408_COM_8per90prop30inc_Tran.AE9.output_mc_fluxIntvAvg_052.txt
# Ae9Ap9 Software Version:  1.50.001
#
# Model type:               AE9
# Particle species:         e-
# Flux type:                1PtDiff
# Flux direction:           Omnidirectional
# Energy levels (MeV):       0.04 0.07 0.1 0.25 0.5 0.75 1 1.5 2 2.5 3 3.5 4 4.5 5 5.5 6 6.5 7 8.5 10
#
# Accumulation mode:        Interval, length = 13997 seconds (0.162002 days)
#
# Time format:              Modified Julian Date
# Coordinate system:        GEI (Geocentric Equatorial Inertial) Cartesian in km
# Data Delimiter:           space
#
# datetime(mjd),posx(km),posy(km),posz(km),flux,flux,flux,flux,flux,flux,flux,flux,flux,flux,flux,flux,flux,flux,flux,flux,flux,flux,flux,flux,flux(#/cm^2/s/MeV)
61411.87033565 0.000000 0.000000 0.000000 1.17417956e+008 9.97776809e+007 4.97011131e+007 6.31166340e+006 3.85085167e+006 1.82801971e+006 8.10086817e+005 3.88929548e+005 2.47999220e+005 1.41709598e+005 7.67503234e+004 3.81864293e+004 1.75491485e+004 8.15568997e+003 3.53487322e+003 1.64588699e+003 8.68737608e+002 5.65436762e+002 3.40796795e+002 1.80404761e+002 1.15388959e+002
61412.03233796 0.000000 0.000000 0.000000 1.35238946e+006 1.70640008e+006 1.40206871e+006 1.50397451e+006 1.56996956e+006 5.61402164e+005 1.75378276e+005 5.66917096e+004 2.09543144e+004 9.74924497e+003 5.55017658e+003 2.64730086e+003 1.20211541e+003 5.12035194e+002 2.28752757e+002 1.14469217e+002 6.83386492e+001 4.34331586e+001 2.21709774e+001 9.08172604e+000 5.39052629e+000
61412.19434028 0.000000 0.000000 0.000000 3.24448571e+007 3.19377647e+007 1.29301445e+007 3.36409043e+006 4.16187670e+006 2.33481901e+006 1.22126473e+006 7.31394080e+005 3.18565581e+005 1.09971592e+005 4.12002878e+004 1.73212041e+004 7.80860769e+003 3.64631289e+003 1.47933952e+003 6.13560543e+002 2.94158391e+002 1.84826898e+002 1.07234248e+002 5.37231334e+001 3.46447577e+001
61412.35634259 0.000000 0.000000 0.000000 3.13102989e+006 4.37194061e+006 2.81575543e+006 1.57823974e+006 1.82772139e+006 8.45291100e+005 3.09808642e+005 1.12034004e+005 4.49069648e+004 1.65327884e+004 6.13735833e+003 2.41847733e+003 1.05287476e+003 4.63917709e+002 1.91531435e+002 8.58415244e+001 4.44402015e+001 2.74238553e+001 1.38680702e+001 5.73086914e+000 3.35824799e+000
61412.51834491 0.000000 0.000000 0.000000 3.16319096e+006 4.02494188e+006 1.82678208e+006 2.43190069e+005 1.05822089e+005 2.86905104e+004 8.30778327e+003 2.19825314e+003 5.92360211e+002 2.31922875e+002 1.47639672e+002 9.92330188e+001 6.19281115e+001 2.99577145e+001 1.39732069e+001 6.77537357e+000 4.21740949e+000 2.69253258e+000 1.27375640e+000 3.69572320e-001 1.54074617e-001
61412.68034722 0.000000 0.000000 0.000000 1.32224642e+007 2.00738253e+007 9.41520710e+006 5.70754003e+006 5.45797619e+006 3.14596125e+006 1.58022190e+006 7.95868385e+005 4.26136736e+005 1.82206417e+005 7.39654898e+004 3.03813808e+004 1.23351692e+004 5.26804034e+003 2.03808910e+003 8.38360861e+002 3.94572449e+002 2.38101954e+002 1.34378439e+002 6.65471745e+001 4.31041515e+001
61412.84234954 0.000000 0.000000 0.000000 1.60430313e+008 1.89778609e+008 1.31307787e+008 2.72805644e+007 6.95567768e+006 3.22808197e+006 1.69546957e+006 9.42767250e+005 5.23677168e+005 2.14611901e+005 8.61105760e+004 3.49305252e+004 1.40266075e+004 6.08758294e+003 2.44999089e+003 1.06520311e+003 5.09491865e+002 3.00917254e+002 1.69026088e+002 8.42215282e+001 5.52103476e+001
61413.00435185 0.000000 0.000000 0.000000 6.52521936e+006 7.71677522e+006 3.04698220e+006 2.26841446e+005 1.04445485e+005 3.66859778e+004 1.14097593e+004 3.01482503e+003 7.93721874e+002 2.92035039e+002 1.54914486e+002 8.65377513e+001 5.26716336e+001 2.64729055e+001 1.23859592e+001 5.78279960e+000 3.26151762e+000 1.91631624e+000 8.33066842e-001 2.22493268e-001 9.27387655e-002
61413.16635417 0.000000 0.000000 0.000000 4.70133460e+005 4.01379434e+005 1.07979079e+005 1.66413736e+003 3.67144055e+002 7.14566852e+001 1.97677518e+001 7.13813858e+000 2.78205096e+000 1.21218136e+000 8.35886773e-001 5.80568331e-001 3.66587675e-001 1.76358814e-001 7.99224945e-002 3.52365021e-002 1.94652594e-002 1.17853048e-002 4.94609812e-003 4.30190001e-004 5.18497224e-007
61413.32835648 0.000000 0.000000 0.000000 6.34944690e+006 4.80207504e+006 1.34214393e+006 6.40116925e+004 1.54172580e+004 3.69348041e+003 9.42829992e+002 2.28026543e+002 5.88204505e+001 2.52387199e+001 2.02997211e+001 1.76234914e+001 1.25624141e+001 5.96028578e+000 2.63992720e+000 1.20126889e+000 7.36282749e-001 4.58442982e-001 2.02782037e-001 5.49225478e-002 2.26525653e-002
61413.49035880 0.000000 0.000000 0.000000 1.10914975e+008 1.14687909e+008 6.46887992e+007 9.89933806e+006 2.51682593e+006 1.25578824e+006 6.47191922e+005 3.91586936e+005 2.21815058e+005 9.43426411e+004 4.10544067e+004 1.82450877e+004 8.08668058e+003 3.76735300e+003 1.61182951e+003 7.28937355e+002 3.64533907e+002 2.24698826e+002 1.31215111e+002 6.80316552e+001 4.37041892e+001
61413.65236111 0.000000 0.000000 0.000000 3.24930360e+007 2.90620280e+007 1.00695306e+007 1.97480139e+006 1.37958726e+006 7.80357016e+005 4.03353576e+005 2.61866823e+005 1.44056946e+005 5.84768120e+004 2.49512791e+004 1.11504434e+004 5.07668346e+003 2.42907783e+003 1.05798726e+003 4.82062675e+002 2.41147615e+002 1.48764511e+002 8.73212473e+001 4.56080348e+001 2.92664435e+001
61413.81436343 0.000000 0.000000 0.000000 3.02954532e+005 1.32357873e+005 2.19837360e+004 3.60154884e+002 5.14455916e+001 9.22819259e+000 2.04589944e+000 5.25653480e-001 2.20013131e-001 1.57719072e-001 1.90534906e-001 1.81454824e-001 1.21964948e-001 5.44382677e-002 2.49020057e-002 1.20946587e-002 8.47958398e-003 6.11370413e-003 2.99089110e-003 1.00509835e-003 3.59727925e-004
61413.97636574 0.000000 0.000000 0.000000 0.00000000e+000 0.00000000e+000 0.00000000e+000 0.00000000e+000 0.00000000e+000 0.00000000e+000 0.00000000e+000 0.00000000e+000 0.00000000e+000 0.00000000e+000 0.00000000e+000 0.00000000e+000 0.00000000e+000 0.00000000e+000 0.00000000e+000 0.00000000e+000 0.00000000e+000 0.00000000e+000 0.00000000e+000 0.00000000e+000 0.00000000e+000
61414.13836806 0.000000 0.000000 0.000000 0.00000000e+000 0.00000000e+000 0.00000000e+000 0.00000000e+000 0.00000000e+000 0.00000000e+000 0.00000000e+000 0.00000000e+000 0.00000000e+000 0.00000000e+000 0.00000000e+000 0.00000000e+000 0.00000000e+000 0.00000000e+000 0.00000000e+000 0.00000000e+000 0.00000000e+000 0.00000000e+000 0.00000000e+000 0.00000000e+000 0.00000000e+000
61414.30037037 0.000000 0.000000 0.000000 3.56558595e+006 1.89460232e+006 3.69228779e+005 2.71171529e+004 1.52332213e+003 1.81056062e+002 3.42346108e+001 5.90053080e+000 1.50624309e+000 5.31994397e-001 3.07550233e-001 1.62978781e-001 6.80991512e-002 1.94643561e-002 6.07529803e-003 2.19494156e-003 1.32710339e-003 8.67228867e-004 3.62739962e-004 8.54502795e-005 1.39956702e-005
61414.46237269 0.000000 0.000000 0.000000 7.53722884e+007 4.26298143e+007 1.14768588e+007 1.30844251e+006 3.40331519e+005 1.19169115e+005 4.11062403e+004 1.86966890e+004 1.39170990e+004 6.90833603e+003 3.21069945e+003 1.43389886e+003 6.32326509e+002 2.91893604e+002 1.34428825e+002 6.45880502e+001 3.29156676e+001 1.95531541e+001 1.06979591e+001 4.98481484e+000 2.81860498e+000
61414.62437500 0.000000 0.000000 0.000000 1.35031488e+008 1.02235394e+008 5.05833861e+007 5.66755938e+006 4.00235528e+005 8.53634897e+004 2.69297162e+004 1.19297785e+004 8.24749773e+003 3.86890801e+003 1.79553279e+003 8.12982663e+002 3.66571464e+002 1.73449704e+002 8.27219402e+001 4.13576679e+001 2.16073554e+001 1.29142014e+001 7.06213625e+000 3.27946792e+000 1.84728837e+000
61414.78637731 0.000000 0.000000 0.000000 7.04082201e+006 4.83712229e+006 1.26820648e+006 1.63792775e+005 7.70228017e+003 8.16238710e+002 1.50772947e+002 2.14398372e+001 3.61772596e+000 7.14801458e-001 2.26630430e-001 7.95058046e-002 2.80496331e-002 7.17472260e-003 2.15964435e-003 7.82807113e-004 5.33056606e-004 3.37802436e-004 1.20843858e-004 2.23163379e-005 8.43621291e-006
61414.94837963 0.000000 0.000000 0.000000 0.00000000e+000 0.00000000e+000 0.00000000e+000 0.00000000e+000 0.00000000e+000 0.00000000e+000 0.00000000e+000 0.00000000e+000 0.00000000e+000 0.00000000e+000 0.00000000e+000 0.00000000e+000 0.00000000e+000 0.00000000e+000 0.00000000e+000 0.00000000e+000 0.00000000e+000 0.00000000e+000 0.00000000e+000 0.00000000e+000 0.00000000e+000
61415.11038194 0.000000 0.000000 0.000000 0.00000000e+000 0.00000000e+000 0.00000000e+000 0.00000000e+000 0.00000000e+000 0.00000000e+000 0.00000000e+000 0.00000000e+000 0.00000000e+000 0.00000000e+000 0.00000000e+000 0.00000000e+000 0.00000000e+000 0.00000000e+000 0.00000000e+000 0.00000000e+000 0.00000000e+000 0.00000000e+000 0.00000000e+000 0.00000000e+000 0.00000000e+000
61415.27238426 0.000000 0.000000 0.000000 0.00000000e+000 0.00000000e+000 0.00000000e+000 0.00000000e+000 0.00000000e+000 0.00000000e+000 0.00000000e+000 0.00000000e+000 0.00000000e+000 0.00000000e+000 0.00000000e+000 0.00000000e+000 0.00000000e+000 0.00000000e+000 0.00000000e+000 0.00000000e+000 0.00000000e+000 0.00000000e+000 0.00000000e+000 0.00000000e+000 0.00000000e+000
61415.43438657 0.000000 0.000000 0.000000 0.00000000e+000 0.00000000e+000 0.00000000e+000 0.00000000e+000 0.00000000e+000 0.00000000e+000 0.00000000e+000 0.00000000e+000 0.00000000e+000 0.00000000e+000 0.00000000e+000 0.00000000e+000 0.00000000e+000 0.00000000e+000 0.00000000e+000 0.00000000e+000 0.00000000e+000 0.00000000e+000 0.00000000e+000 0.00000000e+000 0.00000000e+000
61415.59638889 0.000000 0.000000 0.000000 0.00000000e+000 0.00000000e+000 0.00000000e+000 0.00000000e+000 0.00000000e+000 0.00000000e+000 0.00000000e+000 0.00000000e+000 0.00000000e+000 0.00000000e+000 0.00000000e+000 0.00000000e+000 0.00000000e+000 0.00000000e+000 0.00000000e+000 0.00000000e+000 0.00000000e+000 0.00000000e+000 0.00000000e+000 0.00000000e+000 0.00000000e+000
61415.75839120 0.000000 0.000000 0.000000 1.74698474e+006 1.08420327e+006 2.08124287e+005 1.13901829e+004 2.87009907e+002 2.70878740e+001 6.48271584e+000 1.76801023e+000 4.56863810e-001 1.45964122e-001 5.90566843e-002 2.61030473e-002 1.24001254e-002 3.67805533e-003 1.16062861e-003 1.76373500e-004 -5.72131777e-006 -4.92776088e-006 -2.31709769e-006 0.00000000e+000 0.00000000e+000
61415.92039352 0.000000 0.000000 0.000000 1.04897519e+008 6.11263873e+007 1.79729858e+007 1.54712995e+006 1.14872198e+005 1.74241923e+004 4.22198197e+003 1.04432869e+003 2.02943050e+002 5.80329763e+001 2.39536226e+001 1.10022456e+001 6.73214488e+000 4.21900192e+000 2.74812311e+000 1.56012469e+000 9.38969715e-001 5.89136856e-001 2.84112471e-001 1.31079955e-001 8.22006815e-002
61416.08239583 0.000000 0.000000 0.000000 1.35279790e+008 8.62953584e+007 3.31194430e+007 3.40338878e+006 2.54236667e+005 4.30235818e+004 1.23459918e+004 3.44737153e+003 8.84930329e+002 2.63291037e+002 1.05360742e+002 4.60402335e+001 2.41698812e+001 1.36390628e+001 8.12143118e+000 4.39069766e+000 2.40726986e+000 1.38941659e+000 6.30974563e-001 2.66705631e-001 1.59373015e-001
61416.24439815 0.000000 0.000000 0.000000 2.41961420e+007 1.51606137e+007 3.61352461e+006 1.82389680e+005 6.50982852e+003 6.87583172e+002 1.53797637e+002 3.14057411e+001 6.98396519e+000 2.46670935e+000 1.55943479e+000 1.06263878e+000 7.03790233e-001 3.47538922e-001 1.71560601e-001 9.17640837e-002 7.08965259e-002 5.79632268e-002 3.48627484e-002 1.84972886e-002 9.66677225e-003
61416.40640046 0.000000 0.000000 0.000000 0.00000000e+000 0.00000000e+000 0.00000000e+000 0.00000000e+000 0.00000000e+000 0.00000000e+000 0.00000000e+000 0.00000000e+000 0.00000000e+000 0.00000000e+000 0.00000000e+000 0.00000000e+000 0.00000000e+000 0.00000000e+000 0.00000000e+000 0.00000000e+000 0.00000000e+000 0.00000000e+000 0.00000000e+000 0.00000000e+000 0.00000000e+000
61416.56840278 0.000000 0.000000 0.000000 0.00000000e+000 0.00000000e+000 0.00000000e+000 0.00000000e+000 0.00000000e+000 0.00000000e+000 0.00000000e+000 0.00000000e+000 0.00000000e+000 0.00000000e+000 0.00000000e+000 0.00000000e+000 0.00000000e+000 0.00000000e+000 0.00000000e+000 0.00000000e+000 0.00000000e+000 0.00000000e+000 0.00000000e+000 0.00000000e+000 0.00000000e+000
61416.73040509 0.000000 0.000000 0.000000 0.00000000e+000 0.00000000e+000 0.00000000e+000 0.00000000e+000 0.00000000e+000 0.00000000e+000 0.00000000e+000 0.00000000e+000 0.00000000e+000 0.00000000e+000 0.00000000e+000 0.00000000e+000 0.00000000e+000 0.00000000e+000 0.00000000e+000 0.00000000e+000 0.00000000e+000 0.00000000e+000 0.00000000e+000 0.00000000e+000 0.00000000e+000
61416.89240741 0.000000 0.000000 0.000000 0.00000000e+000 0.00000000e+000 0.00000000e+000 0.00000000e+000 0.00000000e+000 0.00000000e+000 0.00000000e+000 0.00000000e+000 0.00000000e+000 0.00000000e+000 0.00000000e+000 0.00000000e+000 0.00000000e+000 0.00000000e+000 0.00000000e+000 0.00000000e+000 0.00000000e+000 0.00000000e+000 0.00000000e+000 0.00000000e+000 0.00000000e+000
61417.05440972 0.000000 0.000000 0.000000 0.00000000e+000 0.00000000e+000 0.00000000e+000 0.00000000e+000 0.00000000e+000 0.00000000e+000 0.00000000e+000 0.00000000e+000 0.00000000e+000 0.00000000e+000 0.00000000e+000 0.00000000e+000 0.00000000e+000 0.00000000e+000 0.00000000e+000 0.00000000e+000 0.00000000e+000 0.00000000e+000 0.00000000e+000 0.00000000e+000 0.00000000e+000
61417.21641204 0.000000 0.000000 0.000000 0.00000000e+000 0.00000000e+000 0.00000000e+000 0.00000000e+000 0.00000000e+000 0.00000000e+000 0.00000000e+000 0.00000000e+000 0.00000000e+000 0.00000000e+000 0.00000000e+000 0.00000000e+000 0.00000000e+000 0.00000000e+000 0.00000000e+000 0.00000000e+000 0.00000000e+000 0.00000000e+000 0.00000000e+000 0.00000000e+000 0.00000000e+000
61417.37841435 0.000000 0.000000 0.000000 0.00000000e+000 0.00000000e+000 0.00000000e+000 0.00000000e+000 0.00000000e+000 0.00000000e+000 0.00000000e+000 0.00000000e+000 0.00000000e+000 0.00000000e+000 0.00000000e+000 0.00000000e+000 0.00000000e+000 0.00000000e+000 0.00000000e+000 0.00000000e+000 0.00000000e+000 0.00000000e+000 0.00000000e+000 0.00000000e+000 0.00000000e+000
61417.54041667 0.000000 0.000000 0.000000 0.00000000e+000 0.00000000e+000 0.00000000e+000 0.00000000e+000 0.00000000e+000 0.00000000e+000 0.00000000e+000 0.00000000e+000 0.00000000e+000 0.00000000e+000 0.00000000e+000 0.00000000e+000 0.00000000e+000 0.00000000e+000 0.00000000e+000 0.00000000e+000 0.00000000e+000 0.00000000e+000 0.00000000e+000 0.00000000e+000 0.00000000e+000
61417.70241898 0.000000 0.000000 0.000000 0.00000000e+000 0.00000000e+000 0.00000000e+000 0.00000000e+000 0.00000000e+000 0.00000000e+000 0.00000000e+000 0.00000000e+000 0.00000000e+000 0.00000000e+000 0.00000000e+000 0.00000000e+000 0.00000000e+000 0.00000000e+000 0.00000000e+000 0.00000000e+000 0.00000000e+000 0.00000000e+000 0.00000000e+000 0.00000000e+000 0.00000000e+000
61417.86442130 0.000000 0.000000 0.000000 0.00000000e+000 0.00000000e+000 0.00000000e+000 0.00000000e+000 0.00000000e+000 0.00000000e+000 0.00000000e+000 0.00000000e+000 0.00000000e+000 0.00000000e+000 0.00000000e+000 0.00000000e+000 0.00000000e+000 0.00000000e+000 0.00000000e+000 0.00000000e+000 0.00000000e+000 0.00000000e+000 0.00000000e+000 0.00000000e+000 0.00000000e+000
61418.02642361 0.000000 0.000000 0.000000 0.00000000e+000 0.00000000e+000 0.00000000e+000 0.00000000e+000 0.00000000e+000 0.00000000e+000 0.00000000e+000 0.00000000e+000 0.00000000e+000 0.00000000e+000 0.00000000e+000 0.00000000e+000 0.00000000e+000 0.00000000e+000 0.00000000e+000 0.00000000e+000 0.00000000e+000 0.00000000e+000 0.00000000e+000 0.00000000e+000 0.00000000e+000
61418.18842593 0.000000 0.000000 0.000000 1.45100217e+004 1.20488808e+004 2.11352617e+003 -2.70345919e+001 -1.52788144e-001 -8.97465204e-003 -1.12903755e-003 -3.33045102e-004 -7.92663047e-005 -6.67060074e-006 -4.87449117e-005 -3.81365645e-006 -1.10967534e-006 0.00000000e+000 0.00000000e+000 0.00000000e+000 0.00000000e+000 0.00000000e+000 0.00000000e+000 0.00000000e+000 0.00000000e+000
61418.35042824 0.000000 0.000000 0.000000 2.99929685e+008 1.72299643e+008 4.09032164e+007 2.01990007e+006 1.51822433e+005 3.17314349e+004 7.50756652e+003 1.46827930e+003 3.29003635e+002 8.62442559e+001 2.86728711e+001 1.01887270e+001 4.73456037e+000 2.11728777e+000 9.08928371e-001 3.44423730e-001 1.52822562e-001 7.62132976e-002 2.72241037e-002 5.56055946e-003 1.96077515e-003
61418.51243056 0.000000 0.000000 0.000000 3.55388035e+008 2.56289260e+008 1.12747557e+008 2.07697691e+007 5.11906982e+006 2.23503120e+006 1.12334979e+006 4.84821514e+005 1.57685612e+005 4.31854974e+004 1.38998008e+004 5.12280723e+003 2.03218372e+003 8.69679442e+002 3.54950215e+002 1.49329001e+002 6.98652463e+001 4.01427295e+001 2.11188021e+001 9.26357083e+000 5.31700184e+000
61418.67443287 0.000000 0.000000 0.000000 2.16899408e+008 1.15583470e+008 2.43744041e+007 8.68688582e+005 3.68724902e+004 6.20366374e+003 1.23585333e+003 2.32167859e+002 5.35732004e+001 1.40186984e+001 5.50626095e+000 2.52448873e+000 1.33216648e+000 5.58071368e-001 2.24524471e-001 8.65282608e-002 4.63848075e-002 2.60041912e-002 9.87673165e-003 1.92126379e-003 6.70288406e-004
61418.83643519 0.000000 0.000000 0.000000 0.00000000e+000 0.00000000e+000 0.00000000e+000 0.00000000e+000 0.00000000e+000 0.00000000e+000 0.00000000e+000 0.00000000e+000 0.00000000e+000 0.00000000e+000 0.00000000e+000 0.00000000e+000 0.00000000e+000 0.00000000e+000 0.00000000e+000 0.00000000e+000 0.00000000e+000 0.00000000e+000 0.00000000e+000 0.00000000e+000 0.00000000e+000
61418.99843750 0.000000 0.000000 0.000000 0.00000000e+000 0.00000000e+000 0.00000000e+000 0.00000000e+000 0.00000000e+000 0.00000000e+000 0.00000000e+000 0.00000000e+000 0.00000000e+000 0.00000000e+000 0.00000000e+000 0.00000000e+000 0.00000000e+000 0.00000000e+000 0.00000000e+000 0.00000000e+000 0.00000000e+000 0.00000000e+000 0.00000000e+000 0.00000000e+000 0.00000000e+000
61419.16043981 0.000000 0.000000 0.000000 0.00000000e+000 0.00000000e+000 0.00000000e+000 0.00000000e+000 0.00000000e+000 0.00000000e+000 0.00000000e+000 0.00000000e+000 0.00000000e+000 0.00000000e+000 0.00000000e+000 0.00000000e+000 0.00000000e+000 0.00000000e+000 0.00000000e+000 0.00000000e+000 0.00000000e+000 0.00000000e+000 0.00000000e+000 0.00000000e+000 0.00000000e+000
61419.32244213 0.000000 0.000000 0.000000 0.00000000e+000 0.00000000e+000 0.00000000e+000 0.00000000e+000 0.00000000e+000 0.00000000e+000 0.00000000e+000 0.00000000e+000 0.00000000e+000 0.00000000e+000 0.00000000e+000 0.00000000e+000 0.00000000e+000 0.00000000e+000 0.00000000e+000 0.00000000e+000 0.00000000e+000 0.00000000e+000 0.00000000e+000 0.00000000e+000 0.00000000e+000
61419.48444444 0.000000 0.000000 0.000000 0.00000000e+000 0.00000000e+000 0.00000000e+000 0.00000000e+000 0.00000000e+000 0.00000000e+000 0.00000000e+000 0.00000000e+000 0.00000000e+000 0.00000000e+000 0.00000000e+000 0.00000000e+000 0.00000000e+000 0.00000000e+000 0.00000000e+000 0.00000000e+000 0.00000000e+000 0.00000000e+000 0.00000000e+000 0.00000000e+000 0.00000000e+000
61419.64644676 0.000000 0.000000 0.000000 0.00000000e+000 0.00000000e+000 0.00000000e+000 0.00000000e+000 0.00000000e+000 0.00000000e+000 0.00000000e+000 0.00000000e+000 0.00000000e+000 0.00000000e+000 0.00000000e+000 0.00000000e+000 0.00000000e+000 0.00000000e+000 0.00000000e+000 0.00000000e+000 0.00000000e+000 0.00000000e+000 0.00000000e+000 0.00000000e+000 0.00000000e+000
61419.80844907 0.000000 0.000000 0.000000 0.00000000e+000 0.00000000e+000 0.00000000e+000 0.00000000e+000 0.00000000e+000 0.00000000e+000 0.00000000e+000 0.00000000e+000 0.00000000e+000 0.00000000e+000 0.00000000e+000 0.00000000e+000 0.00000000e+000 0.00000000e+000 0.00000000e+000 0.00000000e+000 0.00000000e+000 0.00000000e+000 0.00000000e+000 0.00000000e+000 0.00000000e+000
61419.97045139 0.000000 0.000000 0.000000 0.00000000e+000 0.00000000e+000 0.00000000e+000 0.00000000e+000 0.00000000e+000 0.00000000e+000 0.00000000e+000 0.00000000e+000 0.00000000e+000 0.00000000e+000 0.00000000e+000 0.00000000e+000 0.00000000e+000 0.00000000e+000 0.00000000e+000 0.00000000e+000 0.00000000e+000 0.00000000e+000 0.00000000e+000 0.00000000e+000 0.00000000e+000
61420.13245370 0.000000 0.000000 0.000000 0.00000000e+000 0.00000000e+000 0.00000000e+000 0.00000000e+000 0.00000000e+000 0.00000000e+000 0.00000000e+000 0.00000000e+000 0.00000000e+000 0.00000000e+000 0.00000000e+000 0.00000000e+000 0.00000000e+000 0.00000000e+000 0.00000000e+000 0.00000000e+000 0.00000000e+000 0.00000000e+000 0.00000000e+000 0.00000000e+000 0.00000000e+000
61420.29445602 0.000000 0.000000 0.000000 0.00000000e+000 0.00000000e+000 0.00000000e+000 0.00000000e+000 0.00000000e+000 0.00000000e+000 0.00000000e+000 0.00000000e+000 0.00000000e+000 0.00000000e+000 0.00000000e+000 0.00000000e+000 0.00000000e+000 0.00000000e+000 0.00000000e+000 0.00000000e+000 0.00000000e+000 0.00000000e+000 0.00000000e+000 0.00000000e+000 0.00000000e+000
61420.45645833 0.000000 0.000000 0.000000 0.00000000e+000 0.00000000e+000 0.00000000e+000 0.00000000e+000 0.00000000e+000 0.00000000e+000 0.00000000e+000 0.00000000e+000 0.00000000e+000 0.00000000e+000 0.00000000e+000 0.00000000e+000 0.00000000e+000 0.00000000e+000 0.00000000e+000 0.00000000e+000 0.00000000e+000 0.00000000e+000 0.00000000e+000 0.00000000e+000 0.00000000e+000
61420.55915852 0.000000 0.000000 0.000000 0.00000000e+000 0.00000000e+000 0.00000000e+000 0.00000000e+000 0.00000000e+000 0.00000000e+000 0.00000000e+000 0.00000000e+000 0.00000000e+000 0.00000000e+000 0.00000000e+000 0.00000000e+000 0.00000000e+000 0.00000000e+000 0.00000000e+000 0.00000000e+000 0.00000000e+000 0.00000000e+000 0.00000000e+000 0.00000000e+000 0.00000000e+000
