# Ae9Ap9 Model output file: MoonBEAM_trajectory_trade/Rp18408_COM_8per90prop30inc_Tran.AP9.output_mc_fluenceIntv_024.txt
# Ae9Ap9 Software Version:  1.50.001
#
# Model type:               AP9
# Particle species:         H+
# Flux type:                1PtDiff
# Flux direction:           Omnidirectional
# Energy levels (MeV):       0.1 0.2 0.4 0.6 0.8 1 2 4 6 8 10 15 20 30 50 60 80 100 150 200 300 400 700 1200 2000
#
# Accumulation mode:        Interval, length = 13997 seconds (0.162002 days)
#
# Time format:              Modified Julian Date
# Coordinate system:        GEI (Geocentric Equatorial Inertial) Cartesian in km
# Data Delimiter:           space
#
# datetime(mjd),posx(km),posy(km),posz(km),fluence,fluence,fluence,fluence,fluence,fluence,fluence,fluence,fluence,fluence,fluence,fluence,fluence,fluence,fluence,fluence,fluence,fluence,fluence,fluence,fluence,fluence,fluence,fluence,fluence(#/cm^2/MeV)
61411.87033565 0.000000 0.000000 0.000000 1.01513139e+012 4.57050330e+011 1.36845629e+011 4.94149431e+010 2.21035282e+010 4.65923559e+009 4.01565011e+008 6.97500824e+007 2.79917562e+007 1.54388400e+007 7.10553701e+006 2.73894470e+006 7.62210498e+005 2.45640812e+005 1.17939558e+005 6.96222582e+004 4.80134986e+004 2.23559453e+004 8.42170049e+003 2.01923145e+003 4.97517042e+002 2.95680023e+001 7.18537990e-001 1.73826187e-003 0.00000000e+000
61412.03233796 0.000000 0.000000 0.000000 1.10256266e+012 4.73247129e+011 1.38201304e+011 4.96489939e+010 2.21913352e+010 4.67834678e+009 4.04240728e+008 6.97616514e+007 2.79918003e+007 1.54388400e+007 7.10553701e+006 2.73894470e+006 7.62210498e+005 2.45640812e+005 1.17939558e+005 6.96222582e+004 4.80134986e+004 2.23559453e+004 8.42170049e+003 2.01923145e+003 4.97517042e+002 2.95680023e+001 7.18537990e-001 1.73826187e-003 0.00000000e+000
61412.19434028 0.000000 0.000000 0.000000 1.57532309e+012 6.08594218e+011 1.58585153e+011 5.42060962e+010 2.35427705e+010 4.88381863e+009 4.23764058e+008 7.36444631e+007 2.95668323e+007 1.61684139e+007 7.37228697e+006 2.84595223e+006 8.02719492e+005 2.62618316e+005 1.26731626e+005 7.42588827e+004 5.05058231e+004 2.31509166e+004 8.66642469e+003 2.07800096e+003 5.15813844e+002 3.03851240e+001 7.24961850e-001 1.73826187e-003 0.00000000e+000
61412.35634259 0.000000 0.000000 0.000000 1.66654198e+012 6.26694323e+011 1.60259262e+011 5.44509065e+010 2.36095249e+010 4.89712963e+009 4.25533375e+008 7.36557295e+007 2.95668783e+007 1.61684139e+007 7.37228697e+006 2.84595223e+006 8.02719492e+005 2.62618316e+005 1.26731626e+005 7.42588827e+004 5.05058231e+004 2.31509166e+004 8.66642469e+003 2.07800096e+003 5.15813844e+002 3.03851240e+001 7.24961850e-001 1.73826187e-003 0.00000000e+000
61412.51834491 0.000000 0.000000 0.000000 1.67910864e+012 6.30067849e+011 1.60674154e+011 5.45308250e+010 2.36352778e+010 4.90343682e+009 4.25850649e+008 7.36570325e+007 2.95668783e+007 1.61684139e+007 7.37228697e+006 2.84595223e+006 8.02719492e+005 2.62618316e+005 1.26731626e+005 7.42588827e+004 5.05058231e+004 2.31509166e+004 8.66642469e+003 2.07800096e+003 5.15813844e+002 3.03851240e+001 7.24961850e-001 1.73826187e-003 0.00000000e+000
61412.68034722 0.000000 0.000000 0.000000 2.29926605e+012 8.68605401e+011 2.21040379e+011 7.36711936e+010 3.10501993e+010 5.83804700e+009 4.62368233e+008 7.66250087e+007 2.97176981e+007 1.61903296e+007 7.37704008e+006 2.84761164e+006 8.03107418e+005 2.62701989e+005 1.26754176e+005 7.42650978e+004 5.05081944e+004 2.31513656e+004 8.66644982e+003 2.07799820e+003 5.15813844e+002 3.03851240e+001 7.24961850e-001 1.73826187e-003 0.00000000e+000
61412.84234954 0.000000 0.000000 0.000000 2.99539782e+012 1.22701067e+012 3.52764066e+011 1.28092738e+011 5.75828694e+010 1.24710542e+010 1.22032187e+009 2.27130291e+008 9.62357313e+007 5.71683880e+007 2.98447916e+007 1.31256549e+007 4.15132176e+006 1.37257840e+006 6.36853494e+005 3.72802380e+005 2.63572836e+005 1.34869736e+005 5.85615139e+004 1.70609618e+004 4.53642447e+003 2.89804700e+002 1.04806541e+001 1.41859240e-001 0.00000000e+000
61413.00435185 0.000000 0.000000 0.000000 3.01044094e+012 1.23049127e+012 3.53146742e+011 1.28167045e+011 5.76100380e+010 1.24770423e+010 1.22085268e+009 2.27132232e+008 9.62357348e+007 5.71683880e+007 2.98447916e+007 1.31256549e+007 4.15132176e+006 1.37257840e+006 6.36853494e+005 3.72802380e+005 2.63572836e+005 1.34869736e+005 5.85615139e+004 1.70609618e+004 4.53642447e+003 2.89804700e+002 1.04806541e+001 1.41859240e-001 0.00000000e+000
61413.16635417 0.000000 0.000000 0.000000 3.01094832e+012 1.23062835e+012 3.53161727e+011 1.28170248e+011 5.76113282e+010 1.24771544e+010 1.22085353e+009 2.27132233e+008 9.62357348e+007 5.71683880e+007 2.98447916e+007 1.31256549e+007 4.15132176e+006 1.37257840e+006 6.36853494e+005 3.72802380e+005 2.63572836e+005 1.34869736e+005 5.85615139e+004 1.70609618e+004 4.53642447e+003 2.89804700e+002 1.04806541e+001 1.41859240e-001 0.00000000e+000
61413.32835648 0.000000 0.000000 0.000000 3.02044584e+012 1.23312416e+012 3.53463433e+011 1.28228947e+011 5.76317186e+010 1.24818912e+010 1.22114613e+009 2.27133298e+008 9.62357349e+007 5.71683880e+007 2.98447916e+007 1.31256549e+007 4.15132176e+006 1.37257840e+006 6.36853494e+005 3.72802380e+005 2.63572836e+005 1.34869736e+005 5.85615139e+004 1.70609618e+004 4.53642447e+003 2.89804700e+002 1.04806541e+001 1.41859240e-001 0.00000000e+000
61413.49035880 0.000000 0.000000 0.000000 3.53830753e+012 1.46043910e+012 4.21954230e+011 1.52233664e+011 6.79080654e+010 1.46712213e+010 1.48075550e+009 2.80887027e+008 1.22097810e+008 7.33277166e+007 3.82523437e+007 1.68080759e+007 5.32170201e+006 1.77286756e+006 8.23743440e+005 4.81381748e+005 3.38734471e+005 1.72557690e+005 7.47249367e+004 2.17431635e+004 5.74935672e+003 3.64602084e+002 1.29904487e+001 1.66617872e-001 0.00000000e+000
61413.65236111 0.000000 0.000000 0.000000 3.86754283e+012 1.59422071e+012 4.59817992e+011 1.65135673e+011 7.33163021e+010 1.55772674e+010 1.54130688e+009 2.87808496e+008 1.23321640e+008 7.35741610e+007 3.82944932e+007 1.68172365e+007 5.32325138e+006 1.77315733e+006 8.23833703e+005 4.81409278e+005 3.38745204e+005 1.72559937e+005 7.47252853e+004 2.17431959e+004 5.74935672e+003 3.64602084e+002 1.29904487e+001 1.66617872e-001 0.00000000e+000
61413.81436343 0.000000 0.000000 0.000000 3.86787885e+012 1.59431265e+012 4.59828811e+011 1.65137561e+011 7.33169326e+010 1.55774255e+010 1.54130920e+009 2.87808502e+008 1.23321640e+008 7.35741610e+007 3.82944932e+007 1.68172365e+007 5.32325138e+006 1.77315733e+006 8.23833703e+005 4.81409278e+005 3.38745204e+005 1.72559937e+005 7.47252853e+004 2.17431959e+004 5.74935672e+003 3.64602084e+002 1.29904487e+001 1.66617872e-001 0.00000000e+000
61413.97636574 0.000000 0.000000 0.000000 3.86787885e+012 1.59431265e+012 4.59828811e+011 1.65137561e+011 7.33169326e+010 1.55774255e+010 1.54130920e+009 2.87808502e+008 1.23321640e+008 7.35741610e+007 3.82944932e+007 1.68172365e+007 5.32325138e+006 1.77315733e+006 8.23833703e+005 4.81409278e+005 3.38745204e+005 1.72559937e+005 7.47252853e+004 2.17431959e+004 5.74935672e+003 3.64602084e+002 1.29904487e+001 1.66617872e-001 0.00000000e+000
61414.13836806 0.000000 0.000000 0.000000 3.86787885e+012 1.59431265e+012 4.59828811e+011 1.65137561e+011 7.33169326e+010 1.55774255e+010 1.54130920e+009 2.87808502e+008 1.23321640e+008 7.35741610e+007 3.82944932e+007 1.68172365e+007 5.32325138e+006 1.77315733e+006 8.23833703e+005 4.81409278e+005 3.38745204e+005 1.72559937e+005 7.47252853e+004 2.17431959e+004 5.74935672e+003 3.64602084e+002 1.29904487e+001 1.66617872e-001 0.00000000e+000
61414.30037037 0.000000 0.000000 0.000000 3.86876155e+012 1.59456347e+012 4.59860182e+011 1.65143060e+011 7.33187213e+010 1.55778471e+010 1.54131498e+009 2.87808515e+008 1.23321640e+008 7.35741610e+007 3.82944932e+007 1.68172365e+007 5.32325138e+006 1.77315733e+006 8.23833703e+005 4.81409278e+005 3.38745204e+005 1.72559937e+005 7.47252853e+004 2.17431959e+004 5.74935672e+003 3.64602084e+002 1.29904487e+001 1.66617872e-001 0.00000000e+000
61414.46237269 0.000000 0.000000 0.000000 4.25845858e+012 1.76162324e+012 5.13797619e+011 1.85151166e+011 8.19908340e+010 1.71067696e+010 1.66389246e+009 3.04008034e+008 1.27240716e+008 7.44771900e+007 3.84548659e+007 1.68493046e+007 5.32855748e+006 1.77410897e+006 8.24126146e+005 4.81504310e+005 3.38779975e+005 1.72567163e+005 7.47262907e+004 2.17432873e+004 5.74935672e+003 3.64602084e+002 1.29904487e+001 1.66617872e-001 0.00000000e+000
61414.62437500 0.000000 0.000000 0.000000 4.55185448e+012 1.89391829e+012 5.61173134e+011 2.04728367e+011 9.13230776e+010 1.93344985e+010 1.96736943e+009 3.68054077e+008 1.57868829e+008 9.37452428e+007 4.82868930e+007 2.10203900e+007 6.60969145e+006 2.19996314e+006 1.01873640e+006 5.94248291e+005 4.16408617e+005 2.11241684e+005 9.10803508e+004 2.63902263e+004 6.94331591e+003 4.39237445e+002 1.54754727e+001 1.88834339e-001 0.00000000e+000
61414.78637731 0.000000 0.000000 0.000000 4.55281246e+012 1.89418201e+012 5.61205366e+011 2.04734110e+011 9.13248697e+010 1.93350196e+010 1.96738233e+009 3.68054114e+008 1.57868829e+008 9.37452428e+007 4.82868930e+007 2.10203900e+007 6.60969145e+006 2.19996314e+006 1.01873640e+006 5.94248291e+005 4.16408617e+005 2.11241684e+005 9.10803508e+004 2.63902263e+004 6.94331591e+003 4.39237445e+002 1.54754727e+001 1.88834339e-001 0.00000000e+000
61414.94837963 0.000000 0.000000 0.000000 4.55281246e+012 1.89418201e+012 5.61205366e+011 2.04734110e+011 9.13248697e+010 1.93350196e+010 1.96738233e+009 3.68054114e+008 1.57868829e+008 9.37452428e+007 4.82868930e+007 2.10203900e+007 6.60969145e+006 2.19996314e+006 1.01873640e+006 5.94248291e+005 4.16408617e+005 2.11241684e+005 9.10803508e+004 2.63902263e+004 6.94331591e+003 4.39237445e+002 1.54754727e+001 1.88834339e-001 0.00000000e+000
61415.11038194 0.000000 0.000000 0.000000 4.55281246e+012 1.89418201e+012 5.61205366e+011 2.04734110e+011 9.13248697e+010 1.93350196e+010 1.96738233e+009 3.68054114e+008 1.57868829e+008 9.37452428e+007 4.82868930e+007 2.10203900e+007 6.60969145e+006 2.19996314e+006 1.01873640e+006 5.94248291e+005 4.16408617e+005 2.11241684e+005 9.10803508e+004 2.63902263e+004 6.94331591e+003 4.39237445e+002 1.54754727e+001 1.88834339e-001 0.00000000e+000
61415.27238426 0.000000 0.000000 0.000000 4.55281246e+012 1.89418201e+012 5.61205366e+011 2.04734110e+011 9.13248697e+010 1.93350196e+010 1.96738233e+009 3.68054114e+008 1.57868829e+008 9.37452428e+007 4.82868930e+007 2.10203900e+007 6.60969145e+006 2.19996314e+006 1.01873640e+006 5.94248291e+005 4.16408617e+005 2.11241684e+005 9.10803508e+004 2.63902263e+004 6.94331591e+003 4.39237445e+002 1.54754727e+001 1.88834339e-001 0.00000000e+000
61415.43438657 0.000000 0.000000 0.000000 4.55281246e+012 1.89418201e+012 5.61205366e+011 2.04734110e+011 9.13248697e+010 1.93350196e+010 1.96738233e+009 3.68054114e+008 1.57868829e+008 9.37452428e+007 4.82868930e+007 2.10203900e+007 6.60969145e+006 2.19996314e+006 1.01873640e+006 5.94248291e+005 4.16408617e+005 2.11241684e+005 9.10803508e+004 2.63902263e+004 6.94331591e+003 4.39237445e+002 1.54754727e+001 1.88834339e-001 0.00000000e+000
61415.59638889 0.000000 0.000000 0.000000 4.55281246e+012 1.89418201e+012 5.61205366e+011 2.04734110e+011 9.13248697e+010 1.93350196e+010 1.96738233e+009 3.68054114e+008 1.57868829e+008 9.37452428e+007 4.82868930e+007 2.10203900e+007 6.60969145e+006 2.19996314e+006 1.01873640e+006 5.94248291e+005 4.16408617e+005 2.11241684e+005 9.10803508e+004 2.63902263e+004 6.94331591e+003 4.39237445e+002 1.54754727e+001 1.88834339e-001 0.00000000e+000
61415.75839120 0.000000 0.000000 0.000000 4.55283521e+012 1.89418791e+012 5.61206494e+011 2.04734324e+011 9.13249005e+010 1.93350206e+010 1.96738233e+009 3.68054114e+008 1.57868829e+008 9.37452428e+007 4.82868930e+007 2.10203900e+007 6.60969145e+006 2.19996314e+006 1.01873640e+006 5.94248291e+005 4.16408617e+005 2.11241684e+005 9.10803508e+004 2.63902263e+004 6.94331591e+003 4.39237445e+002 1.54754727e+001 1.88834339e-001 0.00000000e+000
61415.92039352 0.000000 0.000000 0.000000 4.59666507e+012 1.90403687e+012 5.62341184e+011 2.04915956e+011 9.13749706e+010 1.93452020e+010 1.96884764e+009 3.68061979e+008 1.57868862e+008 9.37452428e+007 4.82868930e+007 2.10203900e+007 6.60969145e+006 2.19996314e+006 1.01873640e+006 5.94248291e+005 4.16408617e+005 2.11241684e+005 9.10803508e+004 2.63902263e+004 6.94331591e+003 4.39237445e+002 1.54754727e+001 1.88834339e-001 0.00000000e+000
61416.08239583 0.000000 0.000000 0.000000 4.85288369e+012 2.01387485e+012 6.01785898e+011 2.20748000e+011 9.84881226e+010 2.08410455e+010 2.16875475e+009 4.08598131e+008 1.76632332e+008 1.04882922e+008 5.33854602e+007 2.30145033e+007 7.21905722e+006 2.42231946e+006 1.13108635e+006 6.62654115e+005 4.62825980e+005 2.33180800e+005 9.98935420e+004 2.89108370e+004 7.65421579e+003 4.94641889e+002 1.78970977e+001 2.02647614e-001 0.00000000e+000
61416.24439815 0.000000 0.000000 0.000000 4.85388494e+012 2.01414849e+012 6.01819022e+011 2.20753927e+011 9.84900311e+010 2.08415867e+010 2.16876679e+009 4.08598160e+008 1.76632332e+008 1.04882922e+008 5.33854602e+007 2.30145033e+007 7.21905722e+006 2.42231946e+006 1.13108635e+006 6.62654115e+005 4.62825980e+005 2.33180800e+005 9.98935420e+004 2.89108370e+004 7.65421579e+003 4.94641889e+002 1.78970977e+001 2.02647614e-001 0.00000000e+000
61416.40640046 0.000000 0.000000 0.000000 4.85388494e+012 2.01414849e+012 6.01819022e+011 2.20753927e+011 9.84900311e+010 2.08415867e+010 2.16876679e+009 4.08598160e+008 1.76632332e+008 1.04882922e+008 5.33854602e+007 2.30145033e+007 7.21905722e+006 2.42231946e+006 1.13108635e+006 6.62654115e+005 4.62825980e+005 2.33180800e+005 9.98935420e+004 2.89108370e+004 7.65421579e+003 4.94641889e+002 1.78970977e+001 2.02647614e-001 0.00000000e+000
61416.56840278 0.000000 0.000000 0.000000 4.85388494e+012 2.01414849e+012 6.01819022e+011 2.20753927e+011 9.84900311e+010 2.08415867e+010 2.16876679e+009 4.08598160e+008 1.76632332e+008 1.04882922e+008 5.33854602e+007 2.30145033e+007 7.21905722e+006 2.42231946e+006 1.13108635e+006 6.62654115e+005 4.62825980e+005 2.33180800e+005 9.98935420e+004 2.89108370e+004 7.65421579e+003 4.94641889e+002 1.78970977e+001 2.02647614e-001 0.00000000e+000
61416.73040509 0.000000 0.000000 0.000000 4.85388494e+012 2.01414849e+012 6.01819022e+011 2.20753927e+011 9.84900311e+010 2.08415867e+010 2.16876679e+009 4.08598160e+008 1.76632332e+008 1.04882922e+008 5.33854602e+007 2.30145033e+007 7.21905722e+006 2.42231946e+006 1.13108635e+006 6.62654115e+005 4.62825980e+005 2.33180800e+005 9.98935420e+004 2.89108370e+004 7.65421579e+003 4.94641889e+002 1.78970977e+001 2.02647614e-001 0.00000000e+000
61416.89240741 0.000000 0.000000 0.000000 4.85388494e+012 2.01414849e+012 6.01819022e+011 2.20753927e+011 9.84900311e+010 2.08415867e+010 2.16876679e+009 4.08598160e+008 1.76632332e+008 1.04882922e+008 5.33854602e+007 2.30145033e+007 7.21905722e+006 2.42231946e+006 1.13108635e+006 6.62654115e+005 4.62825980e+005 2.33180800e+005 9.98935420e+004 2.89108370e+004 7.65421579e+003 4.94641889e+002 1.78970977e+001 2.02647614e-001 0.00000000e+000
61417.05440972 0.000000 0.000000 0.000000 4.85388494e+012 2.01414849e+012 6.01819022e+011 2.20753927e+011 9.84900311e+010 2.08415867e+010 2.16876679e+009 4.08598160e+008 1.76632332e+008 1.04882922e+008 5.33854602e+007 2.30145033e+007 7.21905722e+006 2.42231946e+006 1.13108635e+006 6.62654115e+005 4.62825980e+005 2.33180800e+005 9.98935420e+004 2.89108370e+004 7.65421579e+003 4.94641889e+002 1.78970977e+001 2.02647614e-001 0.00000000e+000
61417.21641204 0.000000 0.000000 0.000000 4.85388494e+012 2.01414849e+012 6.01819022e+011 2.20753927e+011 9.84900311e+010 2.08415867e+010 2.16876679e+009 4.08598160e+008 1.76632332e+008 1.04882922e+008 5.33854602e+007 2.30145033e+007 7.21905722e+006 2.42231946e+006 1.13108635e+006 6.62654115e+005 4.62825980e+005 2.33180800e+005 9.98935420e+004 2.89108370e+004 7.65421579e+003 4.94641889e+002 1.78970977e+001 2.02647614e-001 0.00000000e+000
61417.37841435 0.000000 0.000000 0.000000 4.85388494e+012 2.01414849e+012 6.01819022e+011 2.20753927e+011 9.84900311e+010 2.08415867e+010 2.16876679e+009 4.08598160e+008 1.76632332e+008 1.04882922e+008 5.33854602e+007 2.30145033e+007 7.21905722e+006 2.42231946e+006 1.13108635e+006 6.62654115e+005 4.62825980e+005 2.33180800e+005 9.98935420e+004 2.89108370e+004 7.65421579e+003 4.94641889e+002 1.78970977e+001 2.02647614e-001 0.00000000e+000
61417.54041667 0.000000 0.000000 0.000000 4.85388494e+012 2.01414849e+012 6.01819022e+011 2.20753927e+011 9.84900311e+010 2.08415867e+010 2.16876679e+009 4.08598160e+008 1.76632332e+008 1.04882922e+008 5.33854602e+007 2.30145033e+007 7.21905722e+006 2.42231946e+006 1.13108635e+006 6.62654115e+005 4.62825980e+005 2.33180800e+005 9.98935420e+004 2.89108370e+004 7.65421579e+003 4.94641889e+002 1.78970977e+001 2.02647614e-001 0.00000000e+000
61417.70241898 0.000000 0.000000 0.000000 4.85388494e+012 2.01414849e+012 6.01819022e+011 2.20753927e+011 9.84900311e+010 2.08415867e+010 2.16876679e+009 4.08598160e+008 1.76632332e+008 1.04882922e+008 5.33854602e+007 2.30145033e+007 7.21905722e+006 2.42231946e+006 1.13108635e+006 6.62654115e+005 4.62825980e+005 2.33180800e+005 9.98935420e+004 2.89108370e+004 7.65421579e+003 4.94641889e+002 1.78970977e+001 2.02647614e-001 0.00000000e+000
61417.86442130 0.000000 0.000000 0.000000 4.85388494e+012 2.01414849e+012 6.01819022e+011 2.20753927e+011 9.84900311e+010 2.08415867e+010 2.16876679e+009 4.08598160e+008 1.76632332e+008 1.04882922e+008 5.33854602e+007 2.30145033e+007 7.21905722e+006 2.42231946e+006 1.13108635e+006 6.62654115e+005 4.62825980e+005 2.33180800e+005 9.98935420e+004 2.89108370e+004 7.65421579e+003 4.94641889e+002 1.78970977e+001 2.02647614e-001 0.00000000e+000
61418.02642361 0.000000 0.000000 0.000000 4.85388494e+012 2.01414849e+012 6.01819022e+011 2.20753927e+011 9.84900311e+010 2.08415867e+010 2.16876679e+009 4.08598160e+008 1.76632332e+008 1.04882922e+008 5.33854602e+007 2.30145033e+007 7.21905722e+006 2.42231946e+006 1.13108635e+006 6.62654115e+005 4.62825980e+005 2.33180800e+005 9.98935420e+004 2.89108370e+004 7.65421579e+003 4.94641889e+002 1.78970977e+001 2.02647614e-001 0.00000000e+000
61418.18842593 0.000000 0.000000 0.000000 4.85388492e+012 2.01414851e+012 6.01819021e+011 2.20753927e+011 9.84900311e+010 2.08415867e+010 2.16876679e+009 4.08598160e+008 1.76632332e+008 1.04882922e+008 5.33854602e+007 2.30145033e+007 7.21905722e+006 2.42231946e+006 1.13108635e+006 6.62654115e+005 4.62825980e+005 2.33180800e+005 9.98935420e+004 2.89108370e+004 7.65421579e+003 4.94641889e+002 1.78970977e+001 2.02647614e-001 0.00000000e+000
61418.35042824 0.000000 0.000000 0.000000 4.86927722e+012 2.01757014e+012 6.02187487e+011 2.20824545e+011 9.85161365e+010 2.08476241e+010 2.16945259e+009 4.08600154e+008 1.76632336e+008 1.04882922e+008 5.33854602e+007 2.30145033e+007 7.21905722e+006 2.42231946e+006 1.13108635e+006 6.62654115e+005 4.62825980e+005 2.33180800e+005 9.98935420e+004 2.89108370e+004 7.65421579e+003 4.94641889e+002 1.78970977e+001 2.02647614e-001 0.00000000e+000
61418.51243056 0.000000 0.000000 0.000000 5.22369470e+012 2.16288381e+012 6.55535255e+011 2.44726236e+011 1.10317182e+011 2.34737371e+010 2.57550923e+009 4.89264817e+008 2.10261310e+008 1.23961668e+008 6.26793471e+007 2.69390243e+007 8.42432795e+006 2.81246232e+006 1.30131889e+006 7.60359114e+005 5.29398258e+005 2.66641780e+005 1.14258070e+005 3.30770461e+004 8.73428277e+003 5.62551900e+002 2.03026828e+001 2.24017527e-001 0.00000000e+000
61418.67443287 0.000000 0.000000 0.000000 5.22921796e+012 2.16421141e+012 6.55684881e+011 2.44755451e+011 1.10327885e+011 2.34763713e+010 2.57571945e+009 4.89265367e+008 2.10261310e+008 1.23961668e+008 6.26793471e+007 2.69390243e+007 8.42432795e+006 2.81246232e+006 1.30131889e+006 7.60359114e+005 5.29398258e+005 2.66641780e+005 1.14258070e+005 3.30770461e+004 8.73428277e+003 5.62551900e+002 2.03026828e+001 2.24017527e-001 0.00000000e+000
61418.83643519 0.000000 0.000000 0.000000 5.22921796e+012 2.16421141e+012 6.55684881e+011 2.44755451e+011 1.10327885e+011 2.34763713e+010 2.57571945e+009 4.89265367e+008 2.10261310e+008 1.23961668e+008 6.26793471e+007 2.69390243e+007 8.42432795e+006 2.81246232e+006 1.30131889e+006 7.60359114e+005 5.29398258e+005 2.66641780e+005 1.14258070e+005 3.30770461e+004 8.73428277e+003 5.62551900e+002 2.03026828e+001 2.24017527e-001 0.00000000e+000
61418.99843750 0.000000 0.000000 0.000000 5.22921796e+012 2.16421141e+012 6.55684881e+011 2.44755451e+011 1.10327885e+011 2.34763713e+010 2.57571945e+009 4.89265367e+008 2.10261310e+008 1.23961668e+008 6.26793471e+007 2.69390243e+007 8.42432795e+006 2.81246232e+006 1.30131889e+006 7.60359114e+005 5.29398258e+005 2.66641780e+005 1.14258070e+005 3.30770461e+004 8.73428277e+003 5.62551900e+002 2.03026828e+001 2.24017527e-001 0.00000000e+000
61419.16043981 0.000000 0.000000 0.000000 5.22921796e+012 2.16421141e+012 6.55684881e+011 2.44755451e+011 1.10327885e+011 2.34763713e+010 2.57571945e+009 4.89265367e+008 2.10261310e+008 1.23961668e+008 6.26793471e+007 2.69390243e+007 8.42432795e+006 2.81246232e+006 1.30131889e+006 7.60359114e+005 5.29398258e+005 2.66641780e+005 1.14258070e+005 3.30770461e+004 8.73428277e+003 5.62551900e+002 2.03026828e+001 2.24017527e-001 0.00000000e+000
61419.32244213 0.000000 0.000000 0.000000 5.22921796e+012 2.16421141e+012 6.55684881e+011 2.44755451e+011 1.10327885e+011 2.34763713e+010 2.57571945e+009 4.89265367e+008 2.10261310e+008 1.23961668e+008 6.26793471e+007 2.69390243e+007 8.42432795e+006 2.81246232e+006 1.30131889e+006 7.60359114e+005 5.29398258e+005 2.66641780e+005 1.14258070e+005 3.30770461e+004 8.73428277e+003 5.62551900e+002 2.03026828e+001 2.24017527e-001 0.00000000e+000
61419.48444444 0.000000 0.000000 0.000000 5.22921796e+012 2.16421141e+012 6.55684881e+011 2.44755451e+011 1.10327885e+011 2.34763713e+010 2.57571945e+009 4.89265367e+008 2.10261310e+008 1.23961668e+008 6.26793471e+007 2.69390243e+007 8.42432795e+006 2.81246232e+006 1.30131889e+006 7.60359114e+005 5.29398258e+005 2.66641780e+005 1.14258070e+005 3.30770461e+004 8.73428277e+003 5.62551900e+002 2.03026828e+001 2.24017527e-001 0.00000000e+000
61419.64644676 0.000000 0.000000 0.000000 5.22921796e+012 2.16421141e+012 6.55684881e+011 2.44755451e+011 1.10327885e+011 2.34763713e+010 2.57571945e+009 4.89265367e+008 2.10261310e+008 1.23961668e+008 6.26793471e+007 2.69390243e+007 8.42432795e+006 2.81246232e+006 1.30131889e+006 7.60359114e+005 5.29398258e+005 2.66641780e+005 1.14258070e+005 3.30770461e+004 8.73428277e+003 5.62551900e+002 2.03026828e+001 2.24017527e-001 0.00000000e+000
61419.80844907 0.000000 0.000000 0.000000 5.22921796e+012 2.16421141e+012 6.55684881e+011 2.44755451e+011 1.10327885e+011 2.34763713e+010 2.57571945e+009 4.89265367e+008 2.10261310e+008 1.23961668e+008 6.26793471e+007 2.69390243e+007 8.42432795e+006 2.81246232e+006 1.30131889e+006 7.60359114e+005 5.29398258e+005 2.66641780e+005 1.14258070e+005 3.30770461e+004 8.73428277e+003 5.62551900e+002 2.03026828e+001 2.24017527e-001 0.00000000e+000
61419.97045139 0.000000 0.000000 0.000000 5.22921796e+012 2.16421141e+012 6.55684881e+011 2.44755451e+011 1.10327885e+011 2.34763713e+010 2.57571945e+009 4.89265367e+008 2.10261310e+008 1.23961668e+008 6.26793471e+007 2.69390243e+007 8.42432795e+006 2.81246232e+006 1.30131889e+006 7.60359114e+005 5.29398258e+005 2.66641780e+005 1.14258070e+005 3.30770461e+004 8.73428277e+003 5.62551900e+002 2.03026828e+001 2.24017527e-001 0.00000000e+000
61420.13245370 0.000000 0.000000 0.000000 5.22921796e+012 2.16421141e+012 6.55684881e+011 2.44755451e+011 1.10327885e+011 2.34763713e+010 2.57571945e+009 4.89265367e+008 2.10261310e+008 1.23961668e+008 6.26793471e+007 2.69390243e+007 8.42432795e+006 2.81246232e+006 1.30131889e+006 7.60359114e+005 5.29398258e+005 2.66641780e+005 1.14258070e+005 3.30770461e+004 8.73428277e+003 5.62551900e+002 2.03026828e+001 2.24017527e-001 0.00000000e+000
61420.29445602 0.000000 0.000000 0.000000 5.22921796e+012 2.16421141e+012 6.55684881e+011 2.44755451e+011 1.10327885e+011 2.34763713e+010 2.57571945e+009 4.89265367e+008 2.10261310e+008 1.23961668e+008 6.26793471e+007 2.69390243e+007 8.42432795e+006 2.81246232e+006 1.30131889e+006 7.60359114e+005 5.29398258e+005 2.66641780e+005 1.14258070e+005 3.30770461e+004 8.73428277e+003 5.62551900e+002 2.03026828e+001 2.24017527e-001 0.00000000e+000
61420.45645833 0.000000 0.000000 0.000000 5.22921796e+012 2.16421141e+012 6.55684881e+011 2.44755451e+011 1.10327885e+011 2.34763713e+010 2.57571945e+009 4.89265367e+008 2.10261310e+008 1.23961668e+008 6.26793471e+007 2.69390243e+007 8.42432795e+006 2.81246232e+006 1.30131889e+006 7.60359114e+005 5.29398258e+005 2.66641780e+005 1.14258070e+005 3.30770461e+004 8.73428277e+003 5.62551900e+002 2.03026828e+001 2.24017527e-001 0.00000000e+000
61420.55915852 0.000000 0.000000 0.000000 5.22921796e+012 2.16421141e+012 6.55684881e+011 2.44755451e+011 1.10327885e+011 2.34763713e+010 2.57571945e+009 4.89265367e+008 2.10261310e+008 1.23961668e+008 6.26793471e+007 2.69390243e+007 8.42432795e+006 2.81246232e+006 1.30131889e+006 7.60359114e+005 5.29398258e+005 2.66641780e+005 1.14258070e+005 3.30770461e+004 8.73428277e+003 5.62551900e+002 2.03026828e+001 2.24017527e-001 0.00000000e+000
