# Ae9Ap9 Model output file: MoonBEAM_trajectory_trade/Rp18408_COM_8per90prop30inc_Sci.AP9.output_mc_fluenceIntv_082.txt
# Ae9Ap9 Software Version:  1.50.001
#
# Model type:               AP9
# Particle species:         H+
# Flux type:                1PtDiff
# Flux direction:           Omnidirectional
# Energy levels (MeV):       0.1 0.2 0.4 0.6 0.8 1 2 4 6 8 10 15 20 30 50 60 80 100 150 200 300 400 700 1200 2000
#
# Accumulation mode:        Interval, length = 16589 seconds (0.192002 days)
#
# Time format:              Modified Julian Date
# Coordinate system:        GEI (Geocentric Equatorial Inertial) Cartesian in km
# Data Delimiter:           space
#
# datetime(mjd),posx(km),posy(km),posz(km),fluence,fluence,fluence,fluence,fluence,fluence,fluence,fluence,fluence,fluence,fluence,fluence,fluence,fluence,fluence,fluence,fluence,fluence,fluence,fluence,fluence,fluence,fluence,fluence,fluence(#/cm^2/MeV)
61429.66149804 0.000000 0.000000 0.000000 0.00000000e+000 0.00000000e+000 0.00000000e+000 0.00000000e+000 0.00000000e+000 0.00000000e+000 0.00000000e+000 0.00000000e+000 0.00000000e+000 0.00000000e+000 0.00000000e+000 0.00000000e+000 0.00000000e+000 0.00000000e+000 0.00000000e+000 0.00000000e+000 0.00000000e+000 0.00000000e+000 0.00000000e+000 0.00000000e+000 0.00000000e+000 0.00000000e+000 0.00000000e+000 0.00000000e+000 0.00000000e+000
61429.85350036 0.000000 0.000000 0.000000 0.00000000e+000 0.00000000e+000 0.00000000e+000 0.00000000e+000 0.00000000e+000 0.00000000e+000 0.00000000e+000 0.00000000e+000 0.00000000e+000 0.00000000e+000 0.00000000e+000 0.00000000e+000 0.00000000e+000 0.00000000e+000 0.00000000e+000 0.00000000e+000 0.00000000e+000 0.00000000e+000 0.00000000e+000 0.00000000e+000 0.00000000e+000 0.00000000e+000 0.00000000e+000 0.00000000e+000 0.00000000e+000
61430.04550267 0.000000 0.000000 0.000000 0.00000000e+000 0.00000000e+000 0.00000000e+000 0.00000000e+000 0.00000000e+000 0.00000000e+000 0.00000000e+000 0.00000000e+000 0.00000000e+000 0.00000000e+000 0.00000000e+000 0.00000000e+000 0.00000000e+000 0.00000000e+000 0.00000000e+000 0.00000000e+000 0.00000000e+000 0.00000000e+000 0.00000000e+000 0.00000000e+000 0.00000000e+000 0.00000000e+000 0.00000000e+000 0.00000000e+000 0.00000000e+000
61430.23750499 0.000000 0.000000 0.000000 0.00000000e+000 0.00000000e+000 0.00000000e+000 0.00000000e+000 0.00000000e+000 0.00000000e+000 0.00000000e+000 0.00000000e+000 0.00000000e+000 0.00000000e+000 0.00000000e+000 0.00000000e+000 0.00000000e+000 0.00000000e+000 0.00000000e+000 0.00000000e+000 0.00000000e+000 0.00000000e+000 0.00000000e+000 0.00000000e+000 0.00000000e+000 0.00000000e+000 0.00000000e+000 0.00000000e+000 0.00000000e+000
61430.42950730 0.000000 0.000000 0.000000 0.00000000e+000 0.00000000e+000 0.00000000e+000 0.00000000e+000 0.00000000e+000 0.00000000e+000 0.00000000e+000 0.00000000e+000 0.00000000e+000 0.00000000e+000 0.00000000e+000 0.00000000e+000 0.00000000e+000 0.00000000e+000 0.00000000e+000 0.00000000e+000 0.00000000e+000 0.00000000e+000 0.00000000e+000 0.00000000e+000 0.00000000e+000 0.00000000e+000 0.00000000e+000 0.00000000e+000 0.00000000e+000
61430.62150962 0.000000 0.000000 0.000000 0.00000000e+000 0.00000000e+000 0.00000000e+000 0.00000000e+000 0.00000000e+000 0.00000000e+000 0.00000000e+000 0.00000000e+000 0.00000000e+000 0.00000000e+000 0.00000000e+000 0.00000000e+000 0.00000000e+000 0.00000000e+000 0.00000000e+000 0.00000000e+000 0.00000000e+000 0.00000000e+000 0.00000000e+000 0.00000000e+000 0.00000000e+000 0.00000000e+000 0.00000000e+000 0.00000000e+000 0.00000000e+000
61430.81351193 0.000000 0.000000 0.000000 0.00000000e+000 0.00000000e+000 0.00000000e+000 0.00000000e+000 0.00000000e+000 0.00000000e+000 0.00000000e+000 0.00000000e+000 0.00000000e+000 0.00000000e+000 0.00000000e+000 0.00000000e+000 0.00000000e+000 0.00000000e+000 0.00000000e+000 0.00000000e+000 0.00000000e+000 0.00000000e+000 0.00000000e+000 0.00000000e+000 0.00000000e+000 0.00000000e+000 0.00000000e+000 0.00000000e+000 0.00000000e+000
61431.00551425 0.000000 0.000000 0.000000 0.00000000e+000 0.00000000e+000 0.00000000e+000 0.00000000e+000 0.00000000e+000 0.00000000e+000 0.00000000e+000 0.00000000e+000 0.00000000e+000 0.00000000e+000 0.00000000e+000 0.00000000e+000 0.00000000e+000 0.00000000e+000 0.00000000e+000 0.00000000e+000 0.00000000e+000 0.00000000e+000 0.00000000e+000 0.00000000e+000 0.00000000e+000 0.00000000e+000 0.00000000e+000 0.00000000e+000 0.00000000e+000
61431.19751656 0.000000 0.000000 0.000000 0.00000000e+000 0.00000000e+000 0.00000000e+000 0.00000000e+000 0.00000000e+000 0.00000000e+000 0.00000000e+000 0.00000000e+000 0.00000000e+000 0.00000000e+000 0.00000000e+000 0.00000000e+000 0.00000000e+000 0.00000000e+000 0.00000000e+000 0.00000000e+000 0.00000000e+000 0.00000000e+000 0.00000000e+000 0.00000000e+000 0.00000000e+000 0.00000000e+000 0.00000000e+000 0.00000000e+000 0.00000000e+000
61431.38951888 0.000000 0.000000 0.000000 0.00000000e+000 0.00000000e+000 0.00000000e+000 0.00000000e+000 0.00000000e+000 0.00000000e+000 0.00000000e+000 0.00000000e+000 0.00000000e+000 0.00000000e+000 0.00000000e+000 0.00000000e+000 0.00000000e+000 0.00000000e+000 0.00000000e+000 0.00000000e+000 0.00000000e+000 0.00000000e+000 0.00000000e+000 0.00000000e+000 0.00000000e+000 0.00000000e+000 0.00000000e+000 0.00000000e+000 0.00000000e+000
61431.58152119 0.000000 0.000000 0.000000 1.24063514e+008 4.32536185e+007 6.11513452e+006 8.02181002e+005 1.41197222e+005 5.82347903e+003 2.42032433e+001 -2.05421619e-002 0.00000000e+000 0.00000000e+000 0.00000000e+000 0.00000000e+000 0.00000000e+000 0.00000000e+000 0.00000000e+000 0.00000000e+000 0.00000000e+000 0.00000000e+000 0.00000000e+000 0.00000000e+000 0.00000000e+000 0.00000000e+000 0.00000000e+000 0.00000000e+000 0.00000000e+000
61431.77352351 0.000000 0.000000 0.000000 1.17916730e+012 8.77740964e+011 7.32067269e+011 5.56968820e+011 3.65502643e+011 9.51503696e+010 7.46188824e+009 2.53194667e+008 1.20536867e+007 1.95576627e+006 3.50945233e+005 1.21543727e+005 5.30780741e+004 3.10958116e+004 1.60449327e+004 8.29479596e+003 4.78300398e+003 1.81496028e+003 5.52437742e+002 1.07586329e+002 1.61025592e+001 1.70281940e-001 0.00000000e+000 0.00000000e+000 0.00000000e+000
61431.96552582 0.000000 0.000000 0.000000 1.63141473e+012 1.11784788e+012 8.16261379e+011 5.83760723e+011 3.75691735e+011 9.64590423e+010 7.49670066e+009 2.53401366e+008 1.20586106e+007 1.95609766e+006 3.50996432e+005 1.21543797e+005 5.30780741e+004 3.10958116e+004 1.60449327e+004 8.29479596e+003 4.78300398e+003 1.81496028e+003 5.52437742e+002 1.07586329e+002 1.61025592e+001 1.70281940e-001 0.00000000e+000 0.00000000e+000 0.00000000e+000
61432.15752814 0.000000 0.000000 0.000000 1.63141473e+012 1.11784788e+012 8.16261379e+011 5.83760723e+011 3.75691735e+011 9.64590423e+010 7.49670066e+009 2.53401366e+008 1.20586106e+007 1.95609766e+006 3.50996432e+005 1.21543797e+005 5.30780741e+004 3.10958116e+004 1.60449327e+004 8.29479596e+003 4.78300398e+003 1.81496028e+003 5.52437742e+002 1.07586329e+002 1.61025592e+001 1.70281940e-001 0.00000000e+000 0.00000000e+000 0.00000000e+000
61432.34953045 0.000000 0.000000 0.000000 1.63141473e+012 1.11784788e+012 8.16261379e+011 5.83760723e+011 3.75691735e+011 9.64590423e+010 7.49670066e+009 2.53401366e+008 1.20586106e+007 1.95609766e+006 3.50996432e+005 1.21543797e+005 5.30780741e+004 3.10958116e+004 1.60449327e+004 8.29479596e+003 4.78300398e+003 1.81496028e+003 5.52437742e+002 1.07586329e+002 1.61025592e+001 1.70281940e-001 0.00000000e+000 0.00000000e+000 0.00000000e+000
61432.54153277 0.000000 0.000000 0.000000 1.63141473e+012 1.11784788e+012 8.16261379e+011 5.83760723e+011 3.75691735e+011 9.64590423e+010 7.49670066e+009 2.53401366e+008 1.20586106e+007 1.95609766e+006 3.50996432e+005 1.21543797e+005 5.30780741e+004 3.10958116e+004 1.60449327e+004 8.29479596e+003 4.78300398e+003 1.81496028e+003 5.52437742e+002 1.07586329e+002 1.61025592e+001 1.70281940e-001 0.00000000e+000 0.00000000e+000 0.00000000e+000
61432.73353508 0.000000 0.000000 0.000000 1.63141473e+012 1.11784788e+012 8.16261379e+011 5.83760723e+011 3.75691735e+011 9.64590423e+010 7.49670066e+009 2.53401366e+008 1.20586106e+007 1.95609766e+006 3.50996432e+005 1.21543797e+005 5.30780741e+004 3.10958116e+004 1.60449327e+004 8.29479596e+003 4.78300398e+003 1.81496028e+003 5.52437742e+002 1.07586329e+002 1.61025592e+001 1.70281940e-001 0.00000000e+000 0.00000000e+000 0.00000000e+000
61432.92553740 0.000000 0.000000 0.000000 1.63141473e+012 1.11784788e+012 8.16261379e+011 5.83760723e+011 3.75691735e+011 9.64590423e+010 7.49670066e+009 2.53401366e+008 1.20586106e+007 1.95609766e+006 3.50996432e+005 1.21543797e+005 5.30780741e+004 3.10958116e+004 1.60449327e+004 8.29479596e+003 4.78300398e+003 1.81496028e+003 5.52437742e+002 1.07586329e+002 1.61025592e+001 1.70281940e-001 0.00000000e+000 0.00000000e+000 0.00000000e+000
61433.11753971 0.000000 0.000000 0.000000 1.63141473e+012 1.11784788e+012 8.16261379e+011 5.83760723e+011 3.75691735e+011 9.64590423e+010 7.49670066e+009 2.53401366e+008 1.20586106e+007 1.95609766e+006 3.50996432e+005 1.21543797e+005 5.30780741e+004 3.10958116e+004 1.60449327e+004 8.29479596e+003 4.78300398e+003 1.81496028e+003 5.52437742e+002 1.07586329e+002 1.61025592e+001 1.70281940e-001 0.00000000e+000 0.00000000e+000 0.00000000e+000
61433.30954203 0.000000 0.000000 0.000000 1.63141473e+012 1.11784788e+012 8.16261379e+011 5.83760723e+011 3.75691735e+011 9.64590423e+010 7.49670066e+009 2.53401366e+008 1.20586106e+007 1.95609766e+006 3.50996432e+005 1.21543797e+005 5.30780741e+004 3.10958116e+004 1.60449327e+004 8.29479596e+003 4.78300398e+003 1.81496028e+003 5.52437742e+002 1.07586329e+002 1.61025592e+001 1.70281940e-001 0.00000000e+000 0.00000000e+000 0.00000000e+000
61433.50154434 0.000000 0.000000 0.000000 1.63141473e+012 1.11784788e+012 8.16261379e+011 5.83760723e+011 3.75691735e+011 9.64590423e+010 7.49670066e+009 2.53401366e+008 1.20586106e+007 1.95609766e+006 3.50996432e+005 1.21543797e+005 5.30780741e+004 3.10958116e+004 1.60449327e+004 8.29479596e+003 4.78300398e+003 1.81496028e+003 5.52437742e+002 1.07586329e+002 1.61025592e+001 1.70281940e-001 0.00000000e+000 0.00000000e+000 0.00000000e+000
61433.69354666 0.000000 0.000000 0.000000 1.63141473e+012 1.11784788e+012 8.16261379e+011 5.83760723e+011 3.75691735e+011 9.64590423e+010 7.49670066e+009 2.53401366e+008 1.20586106e+007 1.95609766e+006 3.50996432e+005 1.21543797e+005 5.30780741e+004 3.10958116e+004 1.60449327e+004 8.29479596e+003 4.78300398e+003 1.81496028e+003 5.52437742e+002 1.07586329e+002 1.61025592e+001 1.70281940e-001 0.00000000e+000 0.00000000e+000 0.00000000e+000
61433.88554897 0.000000 0.000000 0.000000 1.63141473e+012 1.11784788e+012 8.16261379e+011 5.83760723e+011 3.75691735e+011 9.64590423e+010 7.49670066e+009 2.53401366e+008 1.20586106e+007 1.95609766e+006 3.50996432e+005 1.21543797e+005 5.30780741e+004 3.10958116e+004 1.60449327e+004 8.29479596e+003 4.78300398e+003 1.81496028e+003 5.52437742e+002 1.07586329e+002 1.61025592e+001 1.70281940e-001 0.00000000e+000 0.00000000e+000 0.00000000e+000
61433.90511367 0.000000 0.000000 0.000000 1.63141473e+012 1.11784788e+012 8.16261379e+011 5.83760723e+011 3.75691735e+011 9.64590423e+010 7.49670066e+009 2.53401366e+008 1.20586106e+007 1.95609766e+006 3.50996432e+005 1.21543797e+005 5.30780741e+004 3.10958116e+004 1.60449327e+004 8.29479596e+003 4.78300398e+003 1.81496028e+003 5.52437742e+002 1.07586329e+002 1.61025592e+001 1.70281940e-001 0.00000000e+000 0.00000000e+000 0.00000000e+000
