# Ae9Ap9 Model output file: MoonBEAM_trajectory_trade/Rp18408_COM_8per90prop30inc_Tran.AE9.output_mc_fluxIntvAvg_091.txt
# Ae9Ap9 Software Version:  1.50.001
#
# Model type:               AE9
# Particle species:         e-
# Flux type:                1PtDiff
# Flux direction:           Omnidirectional
# Energy levels (MeV):       0.04 0.07 0.1 0.25 0.5 0.75 1 1.5 2 2.5 3 3.5 4 4.5 5 5.5 6 6.5 7 8.5 10
#
# Accumulation mode:        Interval, length = 13997 seconds (0.162002 days)
#
# Time format:              Modified Julian Date
# Coordinate system:        GEI (Geocentric Equatorial Inertial) Cartesian in km
# Data Delimiter:           space
#
# datetime(mjd),posx(km),posy(km),posz(km),flux,flux,flux,flux,flux,flux,flux,flux,flux,flux,flux,flux,flux,flux,flux,flux,flux,flux,flux,flux,flux(#/cm^2/s/MeV)
61411.87033565 0.000000 0.000000 0.000000 5.25078626e+008 4.77880558e+008 2.34755671e+008 4.63480223e+007 4.85887292e+006 1.03929508e+006 3.35867229e+005 9.12745162e+004 1.58031645e+004 2.28630253e+003 5.44866384e+002 1.80775645e+002 7.70607792e+001 3.92557297e+001 2.27379231e+001 1.36306410e+001 8.30144095e+000 5.46646387e+000 3.28739282e+000 1.97188983e+000 1.29982610e+000
61412.03233796 0.000000 0.000000 0.000000 4.09318887e+008 3.03535568e+008 1.12939888e+008 3.82255382e+007 4.04493280e+006 8.00632687e+005 2.03236452e+005 5.10613716e+004 1.15344454e+004 2.13141004e+003 5.07728992e+002 1.62262384e+002 7.59354264e+001 3.68202535e+001 1.75957343e+001 8.60926071e+000 5.43764861e+000 3.94098148e+000 2.32461659e+000 1.48613876e+000 1.32843079e+000
61412.19434028 0.000000 0.000000 0.000000 1.71750969e+008 1.60618182e+008 8.17352790e+007 2.94496646e+007 5.38891218e+006 1.43600130e+006 5.17766916e+005 1.04791912e+005 1.24821217e+004 1.78868533e+003 4.20999185e+002 1.28115406e+002 5.08271296e+001 2.38588407e+001 1.26984628e+001 6.75534981e+000 3.74503476e+000 2.23110597e+000 1.11667264e+000 5.98712125e-001 4.66571352e-001
61412.35634259 0.000000 0.000000 0.000000 2.86150918e+008 2.37302607e+008 9.58343200e+007 3.13516441e+007 4.55406607e+006 1.07860363e+006 3.32029900e+005 8.28929520e+004 1.57504366e+004 3.11276927e+003 9.72003897e+002 3.86285291e+002 1.92701291e+002 9.50194621e+001 4.79951659e+001 2.57605928e+001 1.69487586e+001 1.23547328e+001 7.71501895e+000 4.90562758e+000 3.94093195e+000
61412.51834491 0.000000 0.000000 0.000000 2.81911698e+008 2.41412845e+008 9.30732875e+007 2.65537049e+007 3.26782297e+006 6.01111274e+005 1.53837969e+005 3.76944710e+004 9.79743315e+003 2.66785194e+003 1.04369357e+003 4.60431727e+002 2.37444140e+002 1.14864496e+002 5.65665585e+001 3.03302947e+001 2.07422579e+001 1.57202238e+001 1.01754911e+001 6.24042847e+000 4.64098599e+000
61412.68034722 0.000000 0.000000 0.000000 2.92152371e+008 2.66749152e+008 1.23803978e+008 5.87597121e+007 1.56398099e+007 5.60698789e+006 2.30964251e+006 7.84189721e+005 2.19847811e+005 5.42164177e+004 1.59609879e+004 5.52529559e+003 2.15656617e+003 9.03149270e+002 4.03443722e+002 2.04967246e+002 1.21793197e+002 8.19499331e+001 4.75774637e+001 2.58505362e+001 1.83336781e+001
61412.84234954 0.000000 0.000000 0.000000 5.30380636e+008 5.37488876e+008 3.22760775e+008 9.61065622e+007 1.89350518e+007 6.08298044e+006 2.61358287e+006 9.23725931e+005 2.82174167e+005 7.67515365e+004 2.36134918e+004 8.33184664e+003 3.18129772e+003 1.28257521e+003 5.50782422e+002 2.79932877e+002 1.68232800e+002 1.15465568e+002 6.88131485e+001 3.75880329e+001 2.62679387e+001
61413.00435185 0.000000 0.000000 0.000000 1.73498926e+008 1.67912868e+008 6.94112108e+007 2.14941089e+007 4.18040217e+006 1.09635398e+006 3.69718197e+005 1.19554584e+005 3.51975806e+004 1.00903140e+004 3.56853941e+003 1.35939952e+003 6.09538261e+002 2.81140668e+002 1.37847585e+002 7.59717170e+001 5.05225675e+001 3.70689031e+001 2.35286434e+001 1.31944859e+001 8.82143057e+000
61413.16635417 0.000000 0.000000 0.000000 1.71416433e+007 1.85236358e+007 7.42400682e+006 1.73763004e+006 1.99594515e+005 2.91745967e+004 7.28506588e+003 1.88838346e+003 4.80580468e+002 1.43483658e+002 6.17459663e+001 3.14299040e+001 1.85759131e+001 1.05321583e+001 5.80832729e+000 2.91025761e+000 1.54820717e+000 1.10336714e+000 6.74405743e-001 1.03866532e-001 1.25197866e-004
61413.32835648 0.000000 0.000000 0.000000 8.06384309e+007 7.38641244e+007 3.04421220e+007 8.62767200e+006 1.93630800e+006 4.57538668e+005 1.40421190e+005 4.14680709e+004 1.12412688e+004 3.57491879e+003 1.65727816e+003 8.27594071e+002 4.55100490e+002 2.38493403e+002 1.26419651e+002 7.22926275e+001 4.93562134e+001 3.78720929e+001 2.54527376e+001 1.56044422e+001 1.06044126e+001
61413.49035880 0.000000 0.000000 0.000000 2.00366563e+008 1.94029517e+008 1.10646864e+008 5.01161019e+007 1.43914348e+007 5.64383098e+006 2.64623291e+006 9.58954981e+005 3.00487964e+005 9.78895863e+004 3.87014554e+004 1.66248619e+004 7.21483292e+003 3.08813695e+003 1.30346788e+003 6.61318125e+002 4.20539368e+002 3.20047763e+002 2.13749402e+002 1.32913824e+002 9.80725845e+001
61413.65236111 0.000000 0.000000 0.000000 5.59547139e+007 4.78710099e+007 2.29256259e+007 2.25748839e+007 9.55843045e+006 4.00007521e+006 1.85724141e+006 6.73586598e+005 2.15526740e+005 7.30285598e+004 3.02982749e+004 1.36932956e+004 6.27263595e+003 2.81089057e+003 1.21626560e+003 6.16805442e+002 3.89792555e+002 2.97918577e+002 2.03344878e+002 1.32111642e+002 9.92836243e+001
61413.81436343 0.000000 0.000000 0.000000 1.82091963e+006 1.49604936e+006 5.71195073e+005 1.41580292e+005 3.82500352e+004 6.90613403e+003 1.89329468e+003 5.60212306e+002 1.60890641e+002 6.22715100e+001 3.47123315e+001 2.02897957e+001 1.30134763e+001 7.83527800e+000 4.52653502e+000 2.60110948e+000 1.69367808e+000 1.28581579e+000 8.68471348e-001 4.77469479e-001 1.84507999e-001
61413.97636574 0.000000 0.000000 0.000000 0.00000000e+000 0.00000000e+000 0.00000000e+000 0.00000000e+000 0.00000000e+000 0.00000000e+000 0.00000000e+000 0.00000000e+000 0.00000000e+000 0.00000000e+000 0.00000000e+000 0.00000000e+000 0.00000000e+000 0.00000000e+000 0.00000000e+000 0.00000000e+000 0.00000000e+000 0.00000000e+000 0.00000000e+000 0.00000000e+000 0.00000000e+000
61414.13836806 0.000000 0.000000 0.000000 0.00000000e+000 0.00000000e+000 0.00000000e+000 0.00000000e+000 0.00000000e+000 0.00000000e+000 0.00000000e+000 0.00000000e+000 0.00000000e+000 0.00000000e+000 0.00000000e+000 0.00000000e+000 0.00000000e+000 0.00000000e+000 0.00000000e+000 0.00000000e+000 0.00000000e+000 0.00000000e+000 0.00000000e+000 0.00000000e+000 0.00000000e+000
61414.30037037 0.000000 0.000000 0.000000 3.05479062e+006 2.11267276e+006 7.11719938e+005 1.71520218e+005 4.15607267e+004 8.38259454e+003 2.18389140e+003 6.27533627e+002 1.88294309e+002 7.57012423e+001 4.50634686e+001 2.79378071e+001 1.77024389e+001 9.74947906e+000 5.12967292e+000 2.66721821e+000 1.63295350e+000 1.22305493e+000 7.93845596e-001 3.63073922e-001 8.33257290e-002
61414.46237269 0.000000 0.000000 0.000000 3.96552606e+007 3.30344369e+007 1.40831823e+007 1.60757095e+007 7.62803399e+006 3.56363190e+006 1.98897287e+006 1.01371634e+006 3.93966013e+005 1.41703456e+005 6.11576881e+004 2.79623768e+004 1.24695573e+004 5.45588389e+003 2.24346181e+003 1.08274559e+003 6.46195043e+002 4.76843562e+002 3.14149758e+002 1.89873648e+002 1.39570290e+002
61414.62437500 0.000000 0.000000 0.000000 1.27246922e+008 1.25918961e+008 7.53273873e+007 3.02800125e+007 7.61560483e+006 2.66906403e+006 1.45809446e+006 7.96400699e+005 3.14644236e+005 1.09921071e+005 4.56201825e+004 2.07119346e+004 9.34029035e+003 4.16639488e+003 1.72046041e+003 8.16108805e+002 4.73628322e+002 3.42666876e+002 2.25768202e+002 1.36497878e+002 1.00435817e+002
61414.78637731 0.000000 0.000000 0.000000 2.62244284e+006 1.68062054e+006 5.51169598e+005 1.23904288e+005 2.32942951e+004 5.27895031e+003 1.31059708e+003 3.33100950e+002 1.08984919e+002 4.80956718e+001 3.16474739e+001 1.94730026e+001 1.13612647e+001 5.68503969e+000 2.78400604e+000 1.41783557e+000 9.17389604e-001 6.71833631e-001 4.20838418e-001 2.32508761e-001 1.40300114e-001
61414.94837963 0.000000 0.000000 0.000000 0.00000000e+000 0.00000000e+000 0.00000000e+000 0.00000000e+000 0.00000000e+000 0.00000000e+000 0.00000000e+000 0.00000000e+000 0.00000000e+000 0.00000000e+000 0.00000000e+000 0.00000000e+000 0.00000000e+000 0.00000000e+000 0.00000000e+000 0.00000000e+000 0.00000000e+000 0.00000000e+000 0.00000000e+000 0.00000000e+000 0.00000000e+000
61415.11038194 0.000000 0.000000 0.000000 0.00000000e+000 0.00000000e+000 0.00000000e+000 0.00000000e+000 0.00000000e+000 0.00000000e+000 0.00000000e+000 0.00000000e+000 0.00000000e+000 0.00000000e+000 0.00000000e+000 0.00000000e+000 0.00000000e+000 0.00000000e+000 0.00000000e+000 0.00000000e+000 0.00000000e+000 0.00000000e+000 0.00000000e+000 0.00000000e+000 0.00000000e+000
61415.27238426 0.000000 0.000000 0.000000 0.00000000e+000 0.00000000e+000 0.00000000e+000 0.00000000e+000 0.00000000e+000 0.00000000e+000 0.00000000e+000 0.00000000e+000 0.00000000e+000 0.00000000e+000 0.00000000e+000 0.00000000e+000 0.00000000e+000 0.00000000e+000 0.00000000e+000 0.00000000e+000 0.00000000e+000 0.00000000e+000 0.00000000e+000 0.00000000e+000 0.00000000e+000
61415.43438657 0.000000 0.000000 0.000000 0.00000000e+000 0.00000000e+000 0.00000000e+000 0.00000000e+000 0.00000000e+000 0.00000000e+000 0.00000000e+000 0.00000000e+000 0.00000000e+000 0.00000000e+000 0.00000000e+000 0.00000000e+000 0.00000000e+000 0.00000000e+000 0.00000000e+000 0.00000000e+000 0.00000000e+000 0.00000000e+000 0.00000000e+000 0.00000000e+000 0.00000000e+000
61415.59638889 0.000000 0.000000 0.000000 0.00000000e+000 0.00000000e+000 0.00000000e+000 0.00000000e+000 0.00000000e+000 0.00000000e+000 0.00000000e+000 0.00000000e+000 0.00000000e+000 0.00000000e+000 0.00000000e+000 0.00000000e+000 0.00000000e+000 0.00000000e+000 0.00000000e+000 0.00000000e+000 0.00000000e+000 0.00000000e+000 0.00000000e+000 0.00000000e+000 0.00000000e+000
61415.75839120 0.000000 0.000000 0.000000 6.91687748e+006 4.84129394e+006 1.06302475e+006 1.11152433e+005 4.94337708e+003 5.45584437e+002 1.17124459e+002 2.86338063e+001 6.57621802e+000 1.66347082e+000 5.32165271e-001 1.93487172e-001 8.07014436e-002 2.51852548e-002 9.67839967e-003 1.15731224e-003 -2.17562399e-005 -1.51326161e-005 -7.18068487e-006 0.00000000e+000 0.00000000e+000
61415.92039352 0.000000 0.000000 0.000000 3.79090521e+008 2.29691166e+008 6.58856809e+007 1.26724958e+007 1.50493755e+006 3.72615810e+005 1.25932628e+005 4.29125719e+004 1.35008468e+004 3.83777555e+003 1.31399604e+003 5.24258398e+002 2.34055987e+002 1.03350826e+002 4.53398507e+001 2.06104938e+001 1.09192196e+001 6.72902303e+000 3.58595142e+000 1.63927567e+000 1.01683419e+000
61416.08239583 0.000000 0.000000 0.000000 3.85410668e+008 2.28548244e+008 8.33448103e+007 2.10982041e+007 3.72133868e+006 1.15487528e+006 4.91308126e+005 1.86344729e+005 5.99161026e+004 1.71407000e+004 5.96554887e+003 2.44854757e+003 1.08612505e+003 4.90344949e+002 2.11618635e+002 9.41293753e+001 4.83977773e+001 3.00714708e+001 1.67299626e+001 7.72500287e+000 4.55034972e+000
61416.24439815 0.000000 0.000000 0.000000 8.13862920e+007 5.72670045e+007 1.59894325e+007 2.18785576e+006 1.32507339e+005 1.78008839e+004 3.80079204e+003 7.93929633e+002 1.88666852e+002 5.12207196e+001 2.07030988e+001 9.51846964e+000 4.84176464e+000 2.18826292e+000 9.57984071e-001 4.32389694e-001 2.61772691e-001 1.79022848e-001 1.00361270e-001 4.11777542e-002 1.96131458e-002
61416.40640046 0.000000 0.000000 0.000000 0.00000000e+000 0.00000000e+000 0.00000000e+000 0.00000000e+000 0.00000000e+000 0.00000000e+000 0.00000000e+000 0.00000000e+000 0.00000000e+000 0.00000000e+000 0.00000000e+000 0.00000000e+000 0.00000000e+000 0.00000000e+000 0.00000000e+000 0.00000000e+000 0.00000000e+000 0.00000000e+000 0.00000000e+000 0.00000000e+000 0.00000000e+000
61416.56840278 0.000000 0.000000 0.000000 0.00000000e+000 0.00000000e+000 0.00000000e+000 0.00000000e+000 0.00000000e+000 0.00000000e+000 0.00000000e+000 0.00000000e+000 0.00000000e+000 0.00000000e+000 0.00000000e+000 0.00000000e+000 0.00000000e+000 0.00000000e+000 0.00000000e+000 0.00000000e+000 0.00000000e+000 0.00000000e+000 0.00000000e+000 0.00000000e+000 0.00000000e+000
61416.73040509 0.000000 0.000000 0.000000 0.00000000e+000 0.00000000e+000 0.00000000e+000 0.00000000e+000 0.00000000e+000 0.00000000e+000 0.00000000e+000 0.00000000e+000 0.00000000e+000 0.00000000e+000 0.00000000e+000 0.00000000e+000 0.00000000e+000 0.00000000e+000 0.00000000e+000 0.00000000e+000 0.00000000e+000 0.00000000e+000 0.00000000e+000 0.00000000e+000 0.00000000e+000
61416.89240741 0.000000 0.000000 0.000000 0.00000000e+000 0.00000000e+000 0.00000000e+000 0.00000000e+000 0.00000000e+000 0.00000000e+000 0.00000000e+000 0.00000000e+000 0.00000000e+000 0.00000000e+000 0.00000000e+000 0.00000000e+000 0.00000000e+000 0.00000000e+000 0.00000000e+000 0.00000000e+000 0.00000000e+000 0.00000000e+000 0.00000000e+000 0.00000000e+000 0.00000000e+000
61417.05440972 0.000000 0.000000 0.000000 0.00000000e+000 0.00000000e+000 0.00000000e+000 0.00000000e+000 0.00000000e+000 0.00000000e+000 0.00000000e+000 0.00000000e+000 0.00000000e+000 0.00000000e+000 0.00000000e+000 0.00000000e+000 0.00000000e+000 0.00000000e+000 0.00000000e+000 0.00000000e+000 0.00000000e+000 0.00000000e+000 0.00000000e+000 0.00000000e+000 0.00000000e+000
61417.21641204 0.000000 0.000000 0.000000 0.00000000e+000 0.00000000e+000 0.00000000e+000 0.00000000e+000 0.00000000e+000 0.00000000e+000 0.00000000e+000 0.00000000e+000 0.00000000e+000 0.00000000e+000 0.00000000e+000 0.00000000e+000 0.00000000e+000 0.00000000e+000 0.00000000e+000 0.00000000e+000 0.00000000e+000 0.00000000e+000 0.00000000e+000 0.00000000e+000 0.00000000e+000
61417.37841435 0.000000 0.000000 0.000000 0.00000000e+000 0.00000000e+000 0.00000000e+000 0.00000000e+000 0.00000000e+000 0.00000000e+000 0.00000000e+000 0.00000000e+000 0.00000000e+000 0.00000000e+000 0.00000000e+000 0.00000000e+000 0.00000000e+000 0.00000000e+000 0.00000000e+000 0.00000000e+000 0.00000000e+000 0.00000000e+000 0.00000000e+000 0.00000000e+000 0.00000000e+000
61417.54041667 0.000000 0.000000 0.000000 0.00000000e+000 0.00000000e+000 0.00000000e+000 0.00000000e+000 0.00000000e+000 0.00000000e+000 0.00000000e+000 0.00000000e+000 0.00000000e+000 0.00000000e+000 0.00000000e+000 0.00000000e+000 0.00000000e+000 0.00000000e+000 0.00000000e+000 0.00000000e+000 0.00000000e+000 0.00000000e+000 0.00000000e+000 0.00000000e+000 0.00000000e+000
61417.70241898 0.000000 0.000000 0.000000 0.00000000e+000 0.00000000e+000 0.00000000e+000 0.00000000e+000 0.00000000e+000 0.00000000e+000 0.00000000e+000 0.00000000e+000 0.00000000e+000 0.00000000e+000 0.00000000e+000 0.00000000e+000 0.00000000e+000 0.00000000e+000 0.00000000e+000 0.00000000e+000 0.00000000e+000 0.00000000e+000 0.00000000e+000 0.00000000e+000 0.00000000e+000
61417.86442130 0.000000 0.000000 0.000000 0.00000000e+000 0.00000000e+000 0.00000000e+000 0.00000000e+000 0.00000000e+000 0.00000000e+000 0.00000000e+000 0.00000000e+000 0.00000000e+000 0.00000000e+000 0.00000000e+000 0.00000000e+000 0.00000000e+000 0.00000000e+000 0.00000000e+000 0.00000000e+000 0.00000000e+000 0.00000000e+000 0.00000000e+000 0.00000000e+000 0.00000000e+000
61418.02642361 0.000000 0.000000 0.000000 0.00000000e+000 0.00000000e+000 0.00000000e+000 0.00000000e+000 0.00000000e+000 0.00000000e+000 0.00000000e+000 0.00000000e+000 0.00000000e+000 0.00000000e+000 0.00000000e+000 0.00000000e+000 0.00000000e+000 0.00000000e+000 0.00000000e+000 0.00000000e+000 0.00000000e+000 0.00000000e+000 0.00000000e+000 0.00000000e+000 0.00000000e+000
61418.18842593 0.000000 0.000000 0.000000 2.85544100e+002 -2.65628209e+002 -2.05206757e+002 1.51928531e+001 4.42968027e+000 6.51941083e-001 1.79974940e-001 4.38874445e-002 7.34164015e-003 1.93473681e-003 -9.65200425e-003 -1.30768799e-003 -8.14406770e-004 0.00000000e+000 0.00000000e+000 0.00000000e+000 0.00000000e+000 0.00000000e+000 0.00000000e+000 0.00000000e+000 0.00000000e+000
61418.35042824 0.000000 0.000000 0.000000 9.60974114e+007 7.15276534e+007 2.37120574e+007 5.57168263e+006 1.17830793e+006 2.69129661e+005 7.58522792e+004 1.90212785e+004 4.26785249e+003 1.12474967e+003 4.35749402e+002 2.08246278e+002 1.12876424e+002 5.65744951e+001 2.84162815e+001 1.50222502e+001 9.51716520e+000 6.71630494e+000 3.94305184e+000 2.06593528e+000 1.31838586e+000
61418.51243056 0.000000 0.000000 0.000000 3.89957239e+008 3.34473364e+008 1.62347663e+008 3.35989492e+007 7.38492587e+006 2.63612793e+006 1.01808211e+006 2.79045664e+005 7.53129616e+004 2.08670378e+004 7.28483633e+003 2.85196615e+003 1.21629499e+003 5.43958717e+002 2.43723466e+002 1.16710370e+002 6.30995655e+001 4.00564525e+001 2.22914986e+001 1.09557818e+001 6.95877091e+000
61418.67443287 0.000000 0.000000 0.000000 7.39937340e+007 5.39596346e+007 1.68554636e+007 3.05673774e+006 4.83209179e+005 8.88723934e+004 2.30340612e+004 5.56565888e+003 1.27016775e+003 3.60192469e+002 1.55592852e+002 7.94737595e+001 4.54038397e+001 2.35049196e+001 1.18831781e+001 6.20281860e+000 3.92675632e+000 2.77028981e+000 1.62650152e+000 8.30224828e-001 5.12873299e-001
61418.83643519 0.000000 0.000000 0.000000 0.00000000e+000 0.00000000e+000 0.00000000e+000 0.00000000e+000 0.00000000e+000 0.00000000e+000 0.00000000e+000 0.00000000e+000 0.00000000e+000 0.00000000e+000 0.00000000e+000 0.00000000e+000 0.00000000e+000 0.00000000e+000 0.00000000e+000 0.00000000e+000 0.00000000e+000 0.00000000e+000 0.00000000e+000 0.00000000e+000 0.00000000e+000
61418.99843750 0.000000 0.000000 0.000000 0.00000000e+000 0.00000000e+000 0.00000000e+000 0.00000000e+000 0.00000000e+000 0.00000000e+000 0.00000000e+000 0.00000000e+000 0.00000000e+000 0.00000000e+000 0.00000000e+000 0.00000000e+000 0.00000000e+000 0.00000000e+000 0.00000000e+000 0.00000000e+000 0.00000000e+000 0.00000000e+000 0.00000000e+000 0.00000000e+000 0.00000000e+000
61419.16043981 0.000000 0.000000 0.000000 0.00000000e+000 0.00000000e+000 0.00000000e+000 0.00000000e+000 0.00000000e+000 0.00000000e+000 0.00000000e+000 0.00000000e+000 0.00000000e+000 0.00000000e+000 0.00000000e+000 0.00000000e+000 0.00000000e+000 0.00000000e+000 0.00000000e+000 0.00000000e+000 0.00000000e+000 0.00000000e+000 0.00000000e+000 0.00000000e+000 0.00000000e+000
61419.32244213 0.000000 0.000000 0.000000 0.00000000e+000 0.00000000e+000 0.00000000e+000 0.00000000e+000 0.00000000e+000 0.00000000e+000 0.00000000e+000 0.00000000e+000 0.00000000e+000 0.00000000e+000 0.00000000e+000 0.00000000e+000 0.00000000e+000 0.00000000e+000 0.00000000e+000 0.00000000e+000 0.00000000e+000 0.00000000e+000 0.00000000e+000 0.00000000e+000 0.00000000e+000
61419.48444444 0.000000 0.000000 0.000000 0.00000000e+000 0.00000000e+000 0.00000000e+000 0.00000000e+000 0.00000000e+000 0.00000000e+000 0.00000000e+000 0.00000000e+000 0.00000000e+000 0.00000000e+000 0.00000000e+000 0.00000000e+000 0.00000000e+000 0.00000000e+000 0.00000000e+000 0.00000000e+000 0.00000000e+000 0.00000000e+000 0.00000000e+000 0.00000000e+000 0.00000000e+000
61419.64644676 0.000000 0.000000 0.000000 0.00000000e+000 0.00000000e+000 0.00000000e+000 0.00000000e+000 0.00000000e+000 0.00000000e+000 0.00000000e+000 0.00000000e+000 0.00000000e+000 0.00000000e+000 0.00000000e+000 0.00000000e+000 0.00000000e+000 0.00000000e+000 0.00000000e+000 0.00000000e+000 0.00000000e+000 0.00000000e+000 0.00000000e+000 0.00000000e+000 0.00000000e+000
61419.80844907 0.000000 0.000000 0.000000 0.00000000e+000 0.00000000e+000 0.00000000e+000 0.00000000e+000 0.00000000e+000 0.00000000e+000 0.00000000e+000 0.00000000e+000 0.00000000e+000 0.00000000e+000 0.00000000e+000 0.00000000e+000 0.00000000e+000 0.00000000e+000 0.00000000e+000 0.00000000e+000 0.00000000e+000 0.00000000e+000 0.00000000e+000 0.00000000e+000 0.00000000e+000
61419.97045139 0.000000 0.000000 0.000000 0.00000000e+000 0.00000000e+000 0.00000000e+000 0.00000000e+000 0.00000000e+000 0.00000000e+000 0.00000000e+000 0.00000000e+000 0.00000000e+000 0.00000000e+000 0.00000000e+000 0.00000000e+000 0.00000000e+000 0.00000000e+000 0.00000000e+000 0.00000000e+000 0.00000000e+000 0.00000000e+000 0.00000000e+000 0.00000000e+000 0.00000000e+000
61420.13245370 0.000000 0.000000 0.000000 0.00000000e+000 0.00000000e+000 0.00000000e+000 0.00000000e+000 0.00000000e+000 0.00000000e+000 0.00000000e+000 0.00000000e+000 0.00000000e+000 0.00000000e+000 0.00000000e+000 0.00000000e+000 0.00000000e+000 0.00000000e+000 0.00000000e+000 0.00000000e+000 0.00000000e+000 0.00000000e+000 0.00000000e+000 0.00000000e+000 0.00000000e+000
61420.29445602 0.000000 0.000000 0.000000 0.00000000e+000 0.00000000e+000 0.00000000e+000 0.00000000e+000 0.00000000e+000 0.00000000e+000 0.00000000e+000 0.00000000e+000 0.00000000e+000 0.00000000e+000 0.00000000e+000 0.00000000e+000 0.00000000e+000 0.00000000e+000 0.00000000e+000 0.00000000e+000 0.00000000e+000 0.00000000e+000 0.00000000e+000 0.00000000e+000 0.00000000e+000
61420.45645833 0.000000 0.000000 0.000000 0.00000000e+000 0.00000000e+000 0.00000000e+000 0.00000000e+000 0.00000000e+000 0.00000000e+000 0.00000000e+000 0.00000000e+000 0.00000000e+000 0.00000000e+000 0.00000000e+000 0.00000000e+000 0.00000000e+000 0.00000000e+000 0.00000000e+000 0.00000000e+000 0.00000000e+000 0.00000000e+000 0.00000000e+000 0.00000000e+000 0.00000000e+000
61420.55915852 0.000000 0.000000 0.000000 0.00000000e+000 0.00000000e+000 0.00000000e+000 0.00000000e+000 0.00000000e+000 0.00000000e+000 0.00000000e+000 0.00000000e+000 0.00000000e+000 0.00000000e+000 0.00000000e+000 0.00000000e+000 0.00000000e+000 0.00000000e+000 0.00000000e+000 0.00000000e+000 0.00000000e+000 0.00000000e+000 0.00000000e+000 0.00000000e+000 0.00000000e+000
