# Ae9Ap9 Model output file: MoonBEAM_trajectory_trade/Rp18408_COM_8per90prop30inc_Sci.AP9.output_mc_fluenceIntv_008.txt
# Ae9Ap9 Software Version:  1.50.001
#
# Model type:               AP9
# Particle species:         H+
# Flux type:                1PtDiff
# Flux direction:           Omnidirectional
# Energy levels (MeV):       0.1 0.2 0.4 0.6 0.8 1 2 4 6 8 10 15 20 30 50 60 80 100 150 200 300 400 700 1200 2000
#
# Accumulation mode:        Interval, length = 16589 seconds (0.192002 days)
#
# Time format:              Modified Julian Date
# Coordinate system:        GEI (Geocentric Equatorial Inertial) Cartesian in km
# Data Delimiter:           space
#
# datetime(mjd),posx(km),posy(km),posz(km),fluence,fluence,fluence,fluence,fluence,fluence,fluence,fluence,fluence,fluence,fluence,fluence,fluence,fluence,fluence,fluence,fluence,fluence,fluence,fluence,fluence,fluence,fluence,fluence,fluence(#/cm^2/MeV)
61429.66149804 0.000000 0.000000 0.000000 0.00000000e+000 0.00000000e+000 0.00000000e+000 0.00000000e+000 0.00000000e+000 0.00000000e+000 0.00000000e+000 0.00000000e+000 0.00000000e+000 0.00000000e+000 0.00000000e+000 0.00000000e+000 0.00000000e+000 0.00000000e+000 0.00000000e+000 0.00000000e+000 0.00000000e+000 0.00000000e+000 0.00000000e+000 0.00000000e+000 0.00000000e+000 0.00000000e+000 0.00000000e+000 0.00000000e+000 0.00000000e+000
61429.85350036 0.000000 0.000000 0.000000 0.00000000e+000 0.00000000e+000 0.00000000e+000 0.00000000e+000 0.00000000e+000 0.00000000e+000 0.00000000e+000 0.00000000e+000 0.00000000e+000 0.00000000e+000 0.00000000e+000 0.00000000e+000 0.00000000e+000 0.00000000e+000 0.00000000e+000 0.00000000e+000 0.00000000e+000 0.00000000e+000 0.00000000e+000 0.00000000e+000 0.00000000e+000 0.00000000e+000 0.00000000e+000 0.00000000e+000 0.00000000e+000
61430.04550267 0.000000 0.000000 0.000000 0.00000000e+000 0.00000000e+000 0.00000000e+000 0.00000000e+000 0.00000000e+000 0.00000000e+000 0.00000000e+000 0.00000000e+000 0.00000000e+000 0.00000000e+000 0.00000000e+000 0.00000000e+000 0.00000000e+000 0.00000000e+000 0.00000000e+000 0.00000000e+000 0.00000000e+000 0.00000000e+000 0.00000000e+000 0.00000000e+000 0.00000000e+000 0.00000000e+000 0.00000000e+000 0.00000000e+000 0.00000000e+000
61430.23750499 0.000000 0.000000 0.000000 0.00000000e+000 0.00000000e+000 0.00000000e+000 0.00000000e+000 0.00000000e+000 0.00000000e+000 0.00000000e+000 0.00000000e+000 0.00000000e+000 0.00000000e+000 0.00000000e+000 0.00000000e+000 0.00000000e+000 0.00000000e+000 0.00000000e+000 0.00000000e+000 0.00000000e+000 0.00000000e+000 0.00000000e+000 0.00000000e+000 0.00000000e+000 0.00000000e+000 0.00000000e+000 0.00000000e+000 0.00000000e+000
61430.42950730 0.000000 0.000000 0.000000 0.00000000e+000 0.00000000e+000 0.00000000e+000 0.00000000e+000 0.00000000e+000 0.00000000e+000 0.00000000e+000 0.00000000e+000 0.00000000e+000 0.00000000e+000 0.00000000e+000 0.00000000e+000 0.00000000e+000 0.00000000e+000 0.00000000e+000 0.00000000e+000 0.00000000e+000 0.00000000e+000 0.00000000e+000 0.00000000e+000 0.00000000e+000 0.00000000e+000 0.00000000e+000 0.00000000e+000 0.00000000e+000
61430.62150962 0.000000 0.000000 0.000000 0.00000000e+000 0.00000000e+000 0.00000000e+000 0.00000000e+000 0.00000000e+000 0.00000000e+000 0.00000000e+000 0.00000000e+000 0.00000000e+000 0.00000000e+000 0.00000000e+000 0.00000000e+000 0.00000000e+000 0.00000000e+000 0.00000000e+000 0.00000000e+000 0.00000000e+000 0.00000000e+000 0.00000000e+000 0.00000000e+000 0.00000000e+000 0.00000000e+000 0.00000000e+000 0.00000000e+000 0.00000000e+000
61430.81351193 0.000000 0.000000 0.000000 0.00000000e+000 0.00000000e+000 0.00000000e+000 0.00000000e+000 0.00000000e+000 0.00000000e+000 0.00000000e+000 0.00000000e+000 0.00000000e+000 0.00000000e+000 0.00000000e+000 0.00000000e+000 0.00000000e+000 0.00000000e+000 0.00000000e+000 0.00000000e+000 0.00000000e+000 0.00000000e+000 0.00000000e+000 0.00000000e+000 0.00000000e+000 0.00000000e+000 0.00000000e+000 0.00000000e+000 0.00000000e+000
61431.00551425 0.000000 0.000000 0.000000 0.00000000e+000 0.00000000e+000 0.00000000e+000 0.00000000e+000 0.00000000e+000 0.00000000e+000 0.00000000e+000 0.00000000e+000 0.00000000e+000 0.00000000e+000 0.00000000e+000 0.00000000e+000 0.00000000e+000 0.00000000e+000 0.00000000e+000 0.00000000e+000 0.00000000e+000 0.00000000e+000 0.00000000e+000 0.00000000e+000 0.00000000e+000 0.00000000e+000 0.00000000e+000 0.00000000e+000 0.00000000e+000
61431.19751656 0.000000 0.000000 0.000000 0.00000000e+000 0.00000000e+000 0.00000000e+000 0.00000000e+000 0.00000000e+000 0.00000000e+000 0.00000000e+000 0.00000000e+000 0.00000000e+000 0.00000000e+000 0.00000000e+000 0.00000000e+000 0.00000000e+000 0.00000000e+000 0.00000000e+000 0.00000000e+000 0.00000000e+000 0.00000000e+000 0.00000000e+000 0.00000000e+000 0.00000000e+000 0.00000000e+000 0.00000000e+000 0.00000000e+000 0.00000000e+000
61431.38951888 0.000000 0.000000 0.000000 0.00000000e+000 0.00000000e+000 0.00000000e+000 0.00000000e+000 0.00000000e+000 0.00000000e+000 0.00000000e+000 0.00000000e+000 0.00000000e+000 0.00000000e+000 0.00000000e+000 0.00000000e+000 0.00000000e+000 0.00000000e+000 0.00000000e+000 0.00000000e+000 0.00000000e+000 0.00000000e+000 0.00000000e+000 0.00000000e+000 0.00000000e+000 0.00000000e+000 0.00000000e+000 0.00000000e+000 0.00000000e+000
61431.58152119 0.000000 0.000000 0.000000 1.90552656e+008 5.80724334e+007 7.39502535e+006 1.11433469e+006 1.93838618e+005 6.80113467e+003 2.85694670e+001 -3.11421241e-002 0.00000000e+000 0.00000000e+000 0.00000000e+000 0.00000000e+000 0.00000000e+000 0.00000000e+000 0.00000000e+000 0.00000000e+000 0.00000000e+000 0.00000000e+000 0.00000000e+000 0.00000000e+000 0.00000000e+000 0.00000000e+000 0.00000000e+000 0.00000000e+000 0.00000000e+000
61431.77352351 0.000000 0.000000 0.000000 2.19561228e+012 1.56907693e+012 8.57320148e+011 4.42324992e+011 2.39635502e+011 5.51879909e+010 2.95389722e+009 1.30657356e+008 8.98898483e+006 1.15033475e+006 1.16537917e+005 2.39341741e+004 9.31640044e+003 6.30158859e+003 4.06551711e+003 1.89952268e+003 1.00898860e+003 3.83854694e+002 1.29348575e+002 3.10737112e+001 6.36968188e+000 8.00715986e-002 0.00000000e+000 0.00000000e+000 0.00000000e+000
61431.96552582 0.000000 0.000000 0.000000 2.79632685e+012 1.81626334e+012 9.10521216e+011 4.55406481e+011 2.43744598e+011 5.56148658e+010 2.96670754e+009 1.30770932e+008 8.99065485e+006 1.15041910e+006 1.16547048e+005 2.39341896e+004 9.31640044e+003 6.30158859e+003 4.06551711e+003 1.89952268e+003 1.00898860e+003 3.83854694e+002 1.29348575e+002 3.10737112e+001 6.36968188e+000 8.00715986e-002 0.00000000e+000 0.00000000e+000 0.00000000e+000
61432.15752814 0.000000 0.000000 0.000000 2.79632685e+012 1.81626334e+012 9.10521216e+011 4.55406481e+011 2.43744598e+011 5.56148658e+010 2.96670754e+009 1.30770932e+008 8.99065485e+006 1.15041910e+006 1.16547048e+005 2.39341896e+004 9.31640044e+003 6.30158859e+003 4.06551711e+003 1.89952268e+003 1.00898860e+003 3.83854694e+002 1.29348575e+002 3.10737112e+001 6.36968188e+000 8.00715986e-002 0.00000000e+000 0.00000000e+000 0.00000000e+000
61432.34953045 0.000000 0.000000 0.000000 2.79632685e+012 1.81626334e+012 9.10521216e+011 4.55406481e+011 2.43744598e+011 5.56148658e+010 2.96670754e+009 1.30770932e+008 8.99065485e+006 1.15041910e+006 1.16547048e+005 2.39341896e+004 9.31640044e+003 6.30158859e+003 4.06551711e+003 1.89952268e+003 1.00898860e+003 3.83854694e+002 1.29348575e+002 3.10737112e+001 6.36968188e+000 8.00715986e-002 0.00000000e+000 0.00000000e+000 0.00000000e+000
61432.54153277 0.000000 0.000000 0.000000 2.79632685e+012 1.81626334e+012 9.10521216e+011 4.55406481e+011 2.43744598e+011 5.56148658e+010 2.96670754e+009 1.30770932e+008 8.99065485e+006 1.15041910e+006 1.16547048e+005 2.39341896e+004 9.31640044e+003 6.30158859e+003 4.06551711e+003 1.89952268e+003 1.00898860e+003 3.83854694e+002 1.29348575e+002 3.10737112e+001 6.36968188e+000 8.00715986e-002 0.00000000e+000 0.00000000e+000 0.00000000e+000
61432.73353508 0.000000 0.000000 0.000000 2.79632685e+012 1.81626334e+012 9.10521216e+011 4.55406481e+011 2.43744598e+011 5.56148658e+010 2.96670754e+009 1.30770932e+008 8.99065485e+006 1.15041910e+006 1.16547048e+005 2.39341896e+004 9.31640044e+003 6.30158859e+003 4.06551711e+003 1.89952268e+003 1.00898860e+003 3.83854694e+002 1.29348575e+002 3.10737112e+001 6.36968188e+000 8.00715986e-002 0.00000000e+000 0.00000000e+000 0.00000000e+000
61432.92553740 0.000000 0.000000 0.000000 2.79632685e+012 1.81626334e+012 9.10521216e+011 4.55406481e+011 2.43744598e+011 5.56148658e+010 2.96670754e+009 1.30770932e+008 8.99065485e+006 1.15041910e+006 1.16547048e+005 2.39341896e+004 9.31640044e+003 6.30158859e+003 4.06551711e+003 1.89952268e+003 1.00898860e+003 3.83854694e+002 1.29348575e+002 3.10737112e+001 6.36968188e+000 8.00715986e-002 0.00000000e+000 0.00000000e+000 0.00000000e+000
61433.11753971 0.000000 0.000000 0.000000 2.79632685e+012 1.81626334e+012 9.10521216e+011 4.55406481e+011 2.43744598e+011 5.56148658e+010 2.96670754e+009 1.30770932e+008 8.99065485e+006 1.15041910e+006 1.16547048e+005 2.39341896e+004 9.31640044e+003 6.30158859e+003 4.06551711e+003 1.89952268e+003 1.00898860e+003 3.83854694e+002 1.29348575e+002 3.10737112e+001 6.36968188e+000 8.00715986e-002 0.00000000e+000 0.00000000e+000 0.00000000e+000
61433.30954203 0.000000 0.000000 0.000000 2.79632685e+012 1.81626334e+012 9.10521216e+011 4.55406481e+011 2.43744598e+011 5.56148658e+010 2.96670754e+009 1.30770932e+008 8.99065485e+006 1.15041910e+006 1.16547048e+005 2.39341896e+004 9.31640044e+003 6.30158859e+003 4.06551711e+003 1.89952268e+003 1.00898860e+003 3.83854694e+002 1.29348575e+002 3.10737112e+001 6.36968188e+000 8.00715986e-002 0.00000000e+000 0.00000000e+000 0.00000000e+000
61433.50154434 0.000000 0.000000 0.000000 2.79632685e+012 1.81626334e+012 9.10521216e+011 4.55406481e+011 2.43744598e+011 5.56148658e+010 2.96670754e+009 1.30770932e+008 8.99065485e+006 1.15041910e+006 1.16547048e+005 2.39341896e+004 9.31640044e+003 6.30158859e+003 4.06551711e+003 1.89952268e+003 1.00898860e+003 3.83854694e+002 1.29348575e+002 3.10737112e+001 6.36968188e+000 8.00715986e-002 0.00000000e+000 0.00000000e+000 0.00000000e+000
61433.69354666 0.000000 0.000000 0.000000 2.79632685e+012 1.81626334e+012 9.10521216e+011 4.55406481e+011 2.43744598e+011 5.56148658e+010 2.96670754e+009 1.30770932e+008 8.99065485e+006 1.15041910e+006 1.16547048e+005 2.39341896e+004 9.31640044e+003 6.30158859e+003 4.06551711e+003 1.89952268e+003 1.00898860e+003 3.83854694e+002 1.29348575e+002 3.10737112e+001 6.36968188e+000 8.00715986e-002 0.00000000e+000 0.00000000e+000 0.00000000e+000
61433.88554897 0.000000 0.000000 0.000000 2.79632685e+012 1.81626334e+012 9.10521216e+011 4.55406481e+011 2.43744598e+011 5.56148658e+010 2.96670754e+009 1.30770932e+008 8.99065485e+006 1.15041910e+006 1.16547048e+005 2.39341896e+004 9.31640044e+003 6.30158859e+003 4.06551711e+003 1.89952268e+003 1.00898860e+003 3.83854694e+002 1.29348575e+002 3.10737112e+001 6.36968188e+000 8.00715986e-002 0.00000000e+000 0.00000000e+000 0.00000000e+000
61433.90511367 0.000000 0.000000 0.000000 2.79632685e+012 1.81626334e+012 9.10521216e+011 4.55406481e+011 2.43744598e+011 5.56148658e+010 2.96670754e+009 1.30770932e+008 8.99065485e+006 1.15041910e+006 1.16547048e+005 2.39341896e+004 9.31640044e+003 6.30158859e+003 4.06551711e+003 1.89952268e+003 1.00898860e+003 3.83854694e+002 1.29348575e+002 3.10737112e+001 6.36968188e+000 8.00715986e-002 0.00000000e+000 0.00000000e+000 0.00000000e+000
