# Ae9Ap9 Model output file: MoonBEAM_trajectory_trade/Rp18408_COM_8per90prop30inc_Tran.AE9.output_mc_fluxIntvAvg_028.txt
# Ae9Ap9 Software Version:  1.50.001
#
# Model type:               AE9
# Particle species:         e-
# Flux type:                1PtDiff
# Flux direction:           Omnidirectional
# Energy levels (MeV):       0.04 0.07 0.1 0.25 0.5 0.75 1 1.5 2 2.5 3 3.5 4 4.5 5 5.5 6 6.5 7 8.5 10
#
# Accumulation mode:        Interval, length = 13997 seconds (0.162002 days)
#
# Time format:              Modified Julian Date
# Coordinate system:        GEI (Geocentric Equatorial Inertial) Cartesian in km
# Data Delimiter:           space
#
# datetime(mjd),posx(km),posy(km),posz(km),flux,flux,flux,flux,flux,flux,flux,flux,flux,flux,flux,flux,flux,flux,flux,flux,flux,flux,flux,flux,flux(#/cm^2/s/MeV)
61411.87033565 0.000000 0.000000 0.000000 1.84393989e+009 1.05395007e+009 3.18006341e+008 8.73030430e+007 2.74742874e+007 1.13487086e+007 5.33712856e+006 2.14005550e+006 7.67242142e+005 2.56452820e+005 8.51941651e+004 3.03508761e+004 1.09712188e+004 4.04672700e+003 1.58176498e+003 7.30139713e+002 4.06239877e+002 2.63812214e+002 1.54656426e+002 8.12249726e+001 5.42275588e+001
61412.03233796 0.000000 0.000000 0.000000 5.20865693e+009 2.96200476e+009 6.63208708e+008 9.39806714e+007 1.39210682e+007 4.14539661e+006 1.57812740e+006 6.80118662e+005 2.45966611e+005 6.95301230e+004 1.63394171e+004 3.97234116e+003 1.26141068e+003 4.36505102e+002 1.73691964e+002 8.00367012e+001 4.49662592e+001 2.71867999e+001 1.36195390e+001 5.02080258e+000 2.49859533e+000
61412.19434028 0.000000 0.000000 0.000000 8.26636619e+008 4.99056489e+008 1.57981738e+008 3.36919540e+007 8.68898568e+006 3.64679788e+006 1.86700026e+006 1.02360790e+006 4.40697491e+005 1.37525000e+005 4.51553654e+004 1.66187893e+004 6.81567560e+003 2.69086580e+003 9.95601317e+002 3.76993163e+002 1.81982523e+002 1.10947884e+002 6.60405849e+001 3.22645674e+001 1.99657990e+001
61412.35634259 0.000000 0.000000 0.000000 3.25297734e+009 2.16009031e+009 5.08399427e+008 7.93896726e+007 1.12406807e+007 3.33644944e+006 1.37545017e+006 6.29564001e+005 2.27467496e+005 6.10188124e+004 1.59503381e+004 4.59563318e+003 1.51772104e+003 4.83109614e+002 1.60449018e+002 6.11639846e+001 3.05201993e+001 1.80240594e+001 9.44208627e+000 3.77760539e+000 2.03999704e+000
61412.51834491 0.000000 0.000000 0.000000 3.69627146e+009 2.55121653e+009 5.36818016e+008 6.49701214e+007 6.25164305e+006 1.16394934e+006 3.12968779e+005 7.66869618e+004 1.63457890e+004 3.18142646e+003 6.89128527e+002 1.65838089e+002 5.30103681e+001 1.68571484e+001 5.66572244e+000 2.07222130e+000 1.02984748e+000 5.70972173e-001 2.42610321e-001 5.57728689e-002 1.90205273e-002
61412.68034722 0.000000 0.000000 0.000000 3.22470357e+009 1.98983924e+009 4.75829191e+008 7.51728737e+007 1.68077980e+007 6.59293435e+006 2.87246885e+006 1.26380238e+006 5.09367805e+005 1.52751401e+005 4.19042650e+004 1.24123870e+004 3.91231020e+003 1.30037903e+003 4.65351481e+002 1.90029704e+002 9.25389033e+001 5.35431721e+001 2.84794986e+001 1.35932832e+001 8.84496991e+000
61412.84234954 0.000000 0.000000 0.000000 1.92414540e+009 1.41092857e+009 5.14810779e+008 1.10056856e+008 2.76507097e+007 9.56070566e+006 3.95580050e+006 1.59427209e+006 5.46981614e+005 1.53846653e+005 4.50691676e+004 1.43267663e+004 4.71881617e+003 1.72823836e+003 7.10336639e+002 3.38303119e+002 1.77541251e+002 1.05784208e+002 5.83558005e+001 2.98305735e+001 2.04412139e+001
61413.00435185 0.000000 0.000000 0.000000 3.05005643e+009 1.90546918e+009 3.72279520e+008 3.88804293e+007 3.72611092e+006 7.34035623e+005 1.97638227e+005 6.15054361e+004 1.67817350e+004 3.56409705e+003 6.09990644e+002 1.05908849e+002 2.76963030e+001 8.05710121e+000 2.53465821e+000 8.45690034e-001 3.69508715e-001 1.80749326e-001 6.61097706e-002 1.38251878e-002 4.74800959e-003
61413.16635417 0.000000 0.000000 0.000000 3.17974535e+008 2.38601784e+008 4.72026817e+007 3.14146532e+006 1.35204707e+005 1.34080253e+004 1.93750529e+003 3.06487727e+002 4.23767164e+001 5.70846198e+000 1.02519702e+000 2.40497770e-001 7.95183288e-002 2.60369298e-002 8.64758318e-003 2.72313716e-003 1.12154892e-003 5.91860666e-004 2.36845406e-004 2.10623179e-005 2.21851054e-008
61413.32835648 0.000000 0.000000 0.000000 3.61176381e+009 2.14591377e+009 3.78742737e+008 3.05129401e+007 2.15624687e+006 3.06353873e+005 5.65116410e+004 1.16226236e+004 2.19553296e+003 3.40405093e+002 4.70409286e+001 7.87838200e+000 2.08622653e+000 5.49034920e-001 1.48422780e-001 4.46527250e-002 2.02102442e-002 1.04406745e-002 3.74649512e-003 7.51348031e-004 2.24642362e-004
61413.49035880 0.000000 0.000000 0.000000 2.53183580e+009 1.65415623e+009 4.75355678e+008 8.30668294e+007 1.98489370e+007 6.45791159e+006 2.57730323e+006 9.61751339e+005 2.96652858e+005 7.20508132e+004 1.95778379e+004 5.72199250e+003 1.77841906e+003 6.25419195e+002 2.50719010e+002 1.16360480e+002 6.05050820e+001 3.60124100e+001 1.98571759e+001 1.03968957e+001 7.10833753e+000
61413.65236111 0.000000 0.000000 0.000000 2.78116956e+009 1.62641854e+009 3.45730743e+008 3.44443491e+007 5.03358679e+006 1.75600637e+006 7.89176428e+005 3.20703897e+005 1.06585382e+005 2.69344810e+004 7.56768538e+003 2.32408288e+003 7.66302864e+002 2.76496424e+002 1.09907593e+002 5.00641934e+001 2.57166524e+001 1.53483768e+001 8.58707817e+000 4.64591954e+000 3.22373103e+000
61413.81436343 0.000000 0.000000 0.000000 1.08028056e+008 6.97819628e+007 1.35873898e+007 9.97097198e+005 4.50167795e+004 4.50601075e+003 5.62044983e+002 6.11999344e+001 7.37760166e+000 1.18468682e+000 3.22643691e-001 1.09712001e-001 4.51141772e-002 1.59460294e-002 5.84072968e-003 2.23307466e-003 1.23663471e-003 8.48562408e-004 4.32627400e-004 1.83810289e-004 5.83387073e-005
61413.97636574 0.000000 0.000000 0.000000 0.00000000e+000 0.00000000e+000 0.00000000e+000 0.00000000e+000 0.00000000e+000 0.00000000e+000 0.00000000e+000 0.00000000e+000 0.00000000e+000 0.00000000e+000 0.00000000e+000 0.00000000e+000 0.00000000e+000 0.00000000e+000 0.00000000e+000 0.00000000e+000 0.00000000e+000 0.00000000e+000 0.00000000e+000 0.00000000e+000 0.00000000e+000
61414.13836806 0.000000 0.000000 0.000000 0.00000000e+000 0.00000000e+000 0.00000000e+000 0.00000000e+000 0.00000000e+000 0.00000000e+000 0.00000000e+000 0.00000000e+000 0.00000000e+000 0.00000000e+000 0.00000000e+000 0.00000000e+000 0.00000000e+000 0.00000000e+000 0.00000000e+000 0.00000000e+000 0.00000000e+000 0.00000000e+000 0.00000000e+000 0.00000000e+000 0.00000000e+000
61414.30037037 0.000000 0.000000 0.000000 1.04673439e+008 5.72873378e+007 1.26430939e+007 1.35572098e+006 6.28968452e+004 5.60771515e+003 4.99060481e+002 3.77213980e+001 5.16868680e+000 1.65903493e+000 9.49202881e-001 5.75699138e-001 3.31775618e-001 1.48027358e-001 6.85336107e-002 3.28084143e-002 2.11722214e-002 1.77467060e-002 1.22034300e-002 8.21771064e-003 1.93330270e-003
61414.46237269 0.000000 0.000000 0.000000 9.51890982e+008 5.30862302e+008 1.40124317e+008 1.83889482e+007 2.01911748e+006 5.06701441e+005 2.07968905e+005 9.35308024e+004 2.54006963e+004 7.38851486e+003 2.72648944e+003 1.02838661e+003 4.09593163e+002 1.81345551e+002 9.10339371e+001 5.28144518e+001 3.34512197e+001 2.34374429e+001 1.49092100e+001 9.74460990e+000 7.23927677e+000
61414.62437500 0.000000 0.000000 0.000000 1.60661031e+009 8.83669466e+008 2.18805933e+008 2.85141723e+007 3.60556815e+006 7.35210729e+005 2.54129585e+005 1.01612983e+005 2.94818585e+004 8.93859846e+003 3.34883192e+003 1.28739093e+003 5.19307647e+002 2.34614071e+002 1.20553132e+002 7.03675506e+001 4.35898161e+001 2.94905076e+001 1.79070186e+001 1.07056942e+001 7.50075304e+000
61414.78637731 0.000000 0.000000 0.000000 2.34765486e+008 1.27228784e+008 2.32393858e+007 1.64037017e+006 6.13495116e+004 5.44499124e+003 5.16893228e+002 4.35579460e+001 4.78418496e+000 8.41508895e-001 2.91430818e-001 1.36402119e-001 6.76215826e-002 2.52978976e-002 9.56173550e-003 3.97070035e-003 2.58256121e-003 1.97170760e-003 1.13686878e-003 7.15330687e-004 4.80009035e-004
61414.94837963 0.000000 0.000000 0.000000 0.00000000e+000 0.00000000e+000 0.00000000e+000 0.00000000e+000 0.00000000e+000 0.00000000e+000 0.00000000e+000 0.00000000e+000 0.00000000e+000 0.00000000e+000 0.00000000e+000 0.00000000e+000 0.00000000e+000 0.00000000e+000 0.00000000e+000 0.00000000e+000 0.00000000e+000 0.00000000e+000 0.00000000e+000 0.00000000e+000 0.00000000e+000
61415.11038194 0.000000 0.000000 0.000000 0.00000000e+000 0.00000000e+000 0.00000000e+000 0.00000000e+000 0.00000000e+000 0.00000000e+000 0.00000000e+000 0.00000000e+000 0.00000000e+000 0.00000000e+000 0.00000000e+000 0.00000000e+000 0.00000000e+000 0.00000000e+000 0.00000000e+000 0.00000000e+000 0.00000000e+000 0.00000000e+000 0.00000000e+000 0.00000000e+000 0.00000000e+000
61415.27238426 0.000000 0.000000 0.000000 0.00000000e+000 0.00000000e+000 0.00000000e+000 0.00000000e+000 0.00000000e+000 0.00000000e+000 0.00000000e+000 0.00000000e+000 0.00000000e+000 0.00000000e+000 0.00000000e+000 0.00000000e+000 0.00000000e+000 0.00000000e+000 0.00000000e+000 0.00000000e+000 0.00000000e+000 0.00000000e+000 0.00000000e+000 0.00000000e+000 0.00000000e+000
61415.43438657 0.000000 0.000000 0.000000 0.00000000e+000 0.00000000e+000 0.00000000e+000 0.00000000e+000 0.00000000e+000 0.00000000e+000 0.00000000e+000 0.00000000e+000 0.00000000e+000 0.00000000e+000 0.00000000e+000 0.00000000e+000 0.00000000e+000 0.00000000e+000 0.00000000e+000 0.00000000e+000 0.00000000e+000 0.00000000e+000 0.00000000e+000 0.00000000e+000 0.00000000e+000
61415.59638889 0.000000 0.000000 0.000000 0.00000000e+000 0.00000000e+000 0.00000000e+000 0.00000000e+000 0.00000000e+000 0.00000000e+000 0.00000000e+000 0.00000000e+000 0.00000000e+000 0.00000000e+000 0.00000000e+000 0.00000000e+000 0.00000000e+000 0.00000000e+000 0.00000000e+000 0.00000000e+000 0.00000000e+000 0.00000000e+000 0.00000000e+000 0.00000000e+000 0.00000000e+000
61415.75839120 0.000000 0.000000 0.000000 4.19636737e+007 2.69494242e+007 4.26883227e+006 1.11538195e+005 1.65371140e+003 1.00791728e+002 1.02978919e+001 1.79180039e+000 2.51250799e-001 4.10715599e-002 9.97353049e-003 2.82057916e-003 9.25957702e-004 2.15781499e-004 6.02239689e-005 3.85407667e-006 -6.29606626e-008 -3.24925789e-008 -1.11523247e-008 0.00000000e+000 0.00000000e+000
61415.92039352 0.000000 0.000000 0.000000 4.33623489e+009 2.43642842e+009 4.19263957e+008 2.68738309e+007 1.73102382e+006 4.61803132e+005 1.39535423e+005 4.70056078e+004 1.95880210e+004 6.45519340e+003 1.67582266e+003 4.13098546e+002 1.20233233e+002 3.48043833e+001 1.05823723e+001 3.48348009e+000 1.50344213e+000 7.83266016e-001 3.45642523e-001 1.09604990e-001 5.22660562e-002
61416.08239583 0.000000 0.000000 0.000000 3.80967738e+009 2.27359240e+009 5.34034338e+008 7.26862541e+007 1.40926296e+007 4.95049890e+006 2.12953315e+006 6.82792465e+005 2.22313308e+005 6.21190662e+004 1.94906809e+004 6.86696772e+003 2.59585314e+003 9.62174166e+002 3.44751431e+002 1.30327628e+002 5.98597128e+001 3.37437895e+001 1.79492340e+001 7.50163011e+000 4.07585086e+000
61416.24439815 0.000000 0.000000 0.000000 6.42617686e+008 3.85813412e+008 6.40464189e+007 3.50387420e+006 1.46987654e+005 1.59067130e+004 2.11973270e+003 3.31597759e+002 6.01832955e+001 1.16127509e+001 3.48391173e+000 1.38070049e+000 6.04108034e-001 2.22788072e-001 7.71345674e-002 2.74813821e-002 1.35996208e-002 7.77267480e-003 3.28385967e-003 7.32023382e-004 2.00253396e-004
61416.40640046 0.000000 0.000000 0.000000 0.00000000e+000 0.00000000e+000 0.00000000e+000 0.00000000e+000 0.00000000e+000 0.00000000e+000 0.00000000e+000 0.00000000e+000 0.00000000e+000 0.00000000e+000 0.00000000e+000 0.00000000e+000 0.00000000e+000 0.00000000e+000 0.00000000e+000 0.00000000e+000 0.00000000e+000 0.00000000e+000 0.00000000e+000 0.00000000e+000 0.00000000e+000
61416.56840278 0.000000 0.000000 0.000000 0.00000000e+000 0.00000000e+000 0.00000000e+000 0.00000000e+000 0.00000000e+000 0.00000000e+000 0.00000000e+000 0.00000000e+000 0.00000000e+000 0.00000000e+000 0.00000000e+000 0.00000000e+000 0.00000000e+000 0.00000000e+000 0.00000000e+000 0.00000000e+000 0.00000000e+000 0.00000000e+000 0.00000000e+000 0.00000000e+000 0.00000000e+000
61416.73040509 0.000000 0.000000 0.000000 0.00000000e+000 0.00000000e+000 0.00000000e+000 0.00000000e+000 0.00000000e+000 0.00000000e+000 0.00000000e+000 0.00000000e+000 0.00000000e+000 0.00000000e+000 0.00000000e+000 0.00000000e+000 0.00000000e+000 0.00000000e+000 0.00000000e+000 0.00000000e+000 0.00000000e+000 0.00000000e+000 0.00000000e+000 0.00000000e+000 0.00000000e+000
61416.89240741 0.000000 0.000000 0.000000 0.00000000e+000 0.00000000e+000 0.00000000e+000 0.00000000e+000 0.00000000e+000 0.00000000e+000 0.00000000e+000 0.00000000e+000 0.00000000e+000 0.00000000e+000 0.00000000e+000 0.00000000e+000 0.00000000e+000 0.00000000e+000 0.00000000e+000 0.00000000e+000 0.00000000e+000 0.00000000e+000 0.00000000e+000 0.00000000e+000 0.00000000e+000
61417.05440972 0.000000 0.000000 0.000000 0.00000000e+000 0.00000000e+000 0.00000000e+000 0.00000000e+000 0.00000000e+000 0.00000000e+000 0.00000000e+000 0.00000000e+000 0.00000000e+000 0.00000000e+000 0.00000000e+000 0.00000000e+000 0.00000000e+000 0.00000000e+000 0.00000000e+000 0.00000000e+000 0.00000000e+000 0.00000000e+000 0.00000000e+000 0.00000000e+000 0.00000000e+000
61417.21641204 0.000000 0.000000 0.000000 0.00000000e+000 0.00000000e+000 0.00000000e+000 0.00000000e+000 0.00000000e+000 0.00000000e+000 0.00000000e+000 0.00000000e+000 0.00000000e+000 0.00000000e+000 0.00000000e+000 0.00000000e+000 0.00000000e+000 0.00000000e+000 0.00000000e+000 0.00000000e+000 0.00000000e+000 0.00000000e+000 0.00000000e+000 0.00000000e+000 0.00000000e+000
61417.37841435 0.000000 0.000000 0.000000 0.00000000e+000 0.00000000e+000 0.00000000e+000 0.00000000e+000 0.00000000e+000 0.00000000e+000 0.00000000e+000 0.00000000e+000 0.00000000e+000 0.00000000e+000 0.00000000e+000 0.00000000e+000 0.00000000e+000 0.00000000e+000 0.00000000e+000 0.00000000e+000 0.00000000e+000 0.00000000e+000 0.00000000e+000 0.00000000e+000 0.00000000e+000
61417.54041667 0.000000 0.000000 0.000000 0.00000000e+000 0.00000000e+000 0.00000000e+000 0.00000000e+000 0.00000000e+000 0.00000000e+000 0.00000000e+000 0.00000000e+000 0.00000000e+000 0.00000000e+000 0.00000000e+000 0.00000000e+000 0.00000000e+000 0.00000000e+000 0.00000000e+000 0.00000000e+000 0.00000000e+000 0.00000000e+000 0.00000000e+000 0.00000000e+000 0.00000000e+000
61417.70241898 0.000000 0.000000 0.000000 0.00000000e+000 0.00000000e+000 0.00000000e+000 0.00000000e+000 0.00000000e+000 0.00000000e+000 0.00000000e+000 0.00000000e+000 0.00000000e+000 0.00000000e+000 0.00000000e+000 0.00000000e+000 0.00000000e+000 0.00000000e+000 0.00000000e+000 0.00000000e+000 0.00000000e+000 0.00000000e+000 0.00000000e+000 0.00000000e+000 0.00000000e+000
61417.86442130 0.000000 0.000000 0.000000 0.00000000e+000 0.00000000e+000 0.00000000e+000 0.00000000e+000 0.00000000e+000 0.00000000e+000 0.00000000e+000 0.00000000e+000 0.00000000e+000 0.00000000e+000 0.00000000e+000 0.00000000e+000 0.00000000e+000 0.00000000e+000 0.00000000e+000 0.00000000e+000 0.00000000e+000 0.00000000e+000 0.00000000e+000 0.00000000e+000 0.00000000e+000
61418.02642361 0.000000 0.000000 0.000000 0.00000000e+000 0.00000000e+000 0.00000000e+000 0.00000000e+000 0.00000000e+000 0.00000000e+000 0.00000000e+000 0.00000000e+000 0.00000000e+000 0.00000000e+000 0.00000000e+000 0.00000000e+000 0.00000000e+000 0.00000000e+000 0.00000000e+000 0.00000000e+000 0.00000000e+000 0.00000000e+000 0.00000000e+000 0.00000000e+000 0.00000000e+000
61418.18842593 0.000000 0.000000 0.000000 8.84143429e+003 -5.44920729e+003 -5.49306281e+003 -8.11982907e+002 -5.06085379e+001 -4.78025820e+000 -9.28947310e-001 -1.84349297e-001 -2.75472734e-002 -4.93162823e-003 -1.57186822e-003 -1.98814218e-004 -1.16471309e-004 0.00000000e+000 0.00000000e+000 0.00000000e+000 0.00000000e+000 0.00000000e+000 0.00000000e+000 0.00000000e+000 0.00000000e+000
61418.35042824 0.000000 0.000000 0.000000 3.08477017e+009 2.02272770e+009 4.04613048e+008 4.26705893e+007 4.37781729e+006 1.06697032e+006 3.76956530e+005 1.35613937e+005 3.95964608e+004 9.64875412e+003 2.10376153e+003 5.64031147e+002 2.23600351e+002 9.41756014e+001 4.36329672e+001 2.26698709e+001 1.44306876e+001 9.86520077e+000 5.65959519e+000 2.54273512e+000 1.42326348e+000
61418.51243056 0.000000 0.000000 0.000000 1.92438898e+009 1.28253131e+009 3.91841063e+008 8.70555140e+007 1.86767744e+007 6.72621527e+006 2.92424321e+006 1.02483884e+006 3.05130150e+005 8.46423696e+004 2.61651595e+004 9.23788287e+003 3.59196779e+003 1.38834676e+003 5.44591000e+002 2.36558153e+002 1.29838912e+002 8.55252101e+001 5.13939800e+001 2.76296892e+001 1.83972273e+001
61418.67443287 0.000000 0.000000 0.000000 1.46837206e+009 1.00218177e+009 2.05721295e+008 2.16357469e+007 1.93207377e+006 3.96396732e+005 1.24939097e+005 3.83065904e+004 9.43831407e+003 2.09455316e+003 5.11378903e+002 1.65222500e+002 7.78256200e+001 3.63896963e+001 1.76991916e+001 9.19002951e+000 5.86242741e+000 4.05300780e+000 2.33676219e+000 1.02707183e+000 5.55050246e-001
61418.83643519 0.000000 0.000000 0.000000 0.00000000e+000 0.00000000e+000 0.00000000e+000 0.00000000e+000 0.00000000e+000 0.00000000e+000 0.00000000e+000 0.00000000e+000 0.00000000e+000 0.00000000e+000 0.00000000e+000 0.00000000e+000 0.00000000e+000 0.00000000e+000 0.00000000e+000 0.00000000e+000 0.00000000e+000 0.00000000e+000 0.00000000e+000 0.00000000e+000 0.00000000e+000
61418.99843750 0.000000 0.000000 0.000000 0.00000000e+000 0.00000000e+000 0.00000000e+000 0.00000000e+000 0.00000000e+000 0.00000000e+000 0.00000000e+000 0.00000000e+000 0.00000000e+000 0.00000000e+000 0.00000000e+000 0.00000000e+000 0.00000000e+000 0.00000000e+000 0.00000000e+000 0.00000000e+000 0.00000000e+000 0.00000000e+000 0.00000000e+000 0.00000000e+000 0.00000000e+000
61419.16043981 0.000000 0.000000 0.000000 0.00000000e+000 0.00000000e+000 0.00000000e+000 0.00000000e+000 0.00000000e+000 0.00000000e+000 0.00000000e+000 0.00000000e+000 0.00000000e+000 0.00000000e+000 0.00000000e+000 0.00000000e+000 0.00000000e+000 0.00000000e+000 0.00000000e+000 0.00000000e+000 0.00000000e+000 0.00000000e+000 0.00000000e+000 0.00000000e+000 0.00000000e+000
61419.32244213 0.000000 0.000000 0.000000 0.00000000e+000 0.00000000e+000 0.00000000e+000 0.00000000e+000 0.00000000e+000 0.00000000e+000 0.00000000e+000 0.00000000e+000 0.00000000e+000 0.00000000e+000 0.00000000e+000 0.00000000e+000 0.00000000e+000 0.00000000e+000 0.00000000e+000 0.00000000e+000 0.00000000e+000 0.00000000e+000 0.00000000e+000 0.00000000e+000 0.00000000e+000
61419.48444444 0.000000 0.000000 0.000000 0.00000000e+000 0.00000000e+000 0.00000000e+000 0.00000000e+000 0.00000000e+000 0.00000000e+000 0.00000000e+000 0.00000000e+000 0.00000000e+000 0.00000000e+000 0.00000000e+000 0.00000000e+000 0.00000000e+000 0.00000000e+000 0.00000000e+000 0.00000000e+000 0.00000000e+000 0.00000000e+000 0.00000000e+000 0.00000000e+000 0.00000000e+000
61419.64644676 0.000000 0.000000 0.000000 0.00000000e+000 0.00000000e+000 0.00000000e+000 0.00000000e+000 0.00000000e+000 0.00000000e+000 0.00000000e+000 0.00000000e+000 0.00000000e+000 0.00000000e+000 0.00000000e+000 0.00000000e+000 0.00000000e+000 0.00000000e+000 0.00000000e+000 0.00000000e+000 0.00000000e+000 0.00000000e+000 0.00000000e+000 0.00000000e+000 0.00000000e+000
61419.80844907 0.000000 0.000000 0.000000 0.00000000e+000 0.00000000e+000 0.00000000e+000 0.00000000e+000 0.00000000e+000 0.00000000e+000 0.00000000e+000 0.00000000e+000 0.00000000e+000 0.00000000e+000 0.00000000e+000 0.00000000e+000 0.00000000e+000 0.00000000e+000 0.00000000e+000 0.00000000e+000 0.00000000e+000 0.00000000e+000 0.00000000e+000 0.00000000e+000 0.00000000e+000
61419.97045139 0.000000 0.000000 0.000000 0.00000000e+000 0.00000000e+000 0.00000000e+000 0.00000000e+000 0.00000000e+000 0.00000000e+000 0.00000000e+000 0.00000000e+000 0.00000000e+000 0.00000000e+000 0.00000000e+000 0.00000000e+000 0.00000000e+000 0.00000000e+000 0.00000000e+000 0.00000000e+000 0.00000000e+000 0.00000000e+000 0.00000000e+000 0.00000000e+000 0.00000000e+000
61420.13245370 0.000000 0.000000 0.000000 0.00000000e+000 0.00000000e+000 0.00000000e+000 0.00000000e+000 0.00000000e+000 0.00000000e+000 0.00000000e+000 0.00000000e+000 0.00000000e+000 0.00000000e+000 0.00000000e+000 0.00000000e+000 0.00000000e+000 0.00000000e+000 0.00000000e+000 0.00000000e+000 0.00000000e+000 0.00000000e+000 0.00000000e+000 0.00000000e+000 0.00000000e+000
61420.29445602 0.000000 0.000000 0.000000 0.00000000e+000 0.00000000e+000 0.00000000e+000 0.00000000e+000 0.00000000e+000 0.00000000e+000 0.00000000e+000 0.00000000e+000 0.00000000e+000 0.00000000e+000 0.00000000e+000 0.00000000e+000 0.00000000e+000 0.00000000e+000 0.00000000e+000 0.00000000e+000 0.00000000e+000 0.00000000e+000 0.00000000e+000 0.00000000e+000 0.00000000e+000
61420.45645833 0.000000 0.000000 0.000000 0.00000000e+000 0.00000000e+000 0.00000000e+000 0.00000000e+000 0.00000000e+000 0.00000000e+000 0.00000000e+000 0.00000000e+000 0.00000000e+000 0.00000000e+000 0.00000000e+000 0.00000000e+000 0.00000000e+000 0.00000000e+000 0.00000000e+000 0.00000000e+000 0.00000000e+000 0.00000000e+000 0.00000000e+000 0.00000000e+000 0.00000000e+000
61420.55915852 0.000000 0.000000 0.000000 0.00000000e+000 0.00000000e+000 0.00000000e+000 0.00000000e+000 0.00000000e+000 0.00000000e+000 0.00000000e+000 0.00000000e+000 0.00000000e+000 0.00000000e+000 0.00000000e+000 0.00000000e+000 0.00000000e+000 0.00000000e+000 0.00000000e+000 0.00000000e+000 0.00000000e+000 0.00000000e+000 0.00000000e+000 0.00000000e+000 0.00000000e+000
