# Ae9Ap9 Model output file: MoonBEAM_trajectory_trade/Rp18408_COM_8per90prop30inc_Tran.AE9.output_mc_fluxIntvAvg_093.txt
# Ae9Ap9 Software Version:  1.50.001
#
# Model type:               AE9
# Particle species:         e-
# Flux type:                1PtDiff
# Flux direction:           Omnidirectional
# Energy levels (MeV):       0.04 0.07 0.1 0.25 0.5 0.75 1 1.5 2 2.5 3 3.5 4 4.5 5 5.5 6 6.5 7 8.5 10
#
# Accumulation mode:        Interval, length = 13997 seconds (0.162002 days)
#
# Time format:              Modified Julian Date
# Coordinate system:        GEI (Geocentric Equatorial Inertial) Cartesian in km
# Data Delimiter:           space
#
# datetime(mjd),posx(km),posy(km),posz(km),flux,flux,flux,flux,flux,flux,flux,flux,flux,flux,flux,flux,flux,flux,flux,flux,flux,flux,flux,flux,flux(#/cm^2/s/MeV)
61411.87033565 0.000000 0.000000 0.000000 5.31873690e+008 3.15159531e+008 1.09008886e+008 1.52927235e+007 5.97858768e+006 2.39612470e+006 9.03896854e+005 3.23276098e+005 1.77858619e+005 9.72905076e+004 4.81358631e+004 2.22754492e+004 9.76993257e+003 4.40699145e+003 1.95048832e+003 9.21431739e+002 4.79288210e+002 2.96202890e+002 1.67165969e+002 7.91566978e+001 4.67201418e+001
61412.03233796 0.000000 0.000000 0.000000 4.65697464e+008 2.62470082e+008 8.07515938e+007 1.45189219e+007 3.30279223e+006 7.87680779e+005 1.94571977e+005 5.02604358e+004 1.60878500e+004 5.88245224e+003 2.37511870e+003 8.43695393e+002 3.16180522e+002 1.13733735e+002 4.22996301e+001 1.62441268e+001 7.20933343e+000 3.47384416e+000 1.25167842e+000 2.70185759e-001 9.86832650e-002
61412.19434028 0.000000 0.000000 0.000000 2.73393480e+008 1.24244811e+008 3.57032431e+007 6.01268413e+006 2.82333732e+006 9.70662391e+005 3.66544715e+005 3.07309292e+005 2.34109346e+005 1.05561749e+005 4.85526695e+004 2.44541274e+004 1.26438239e+004 6.52120993e+003 3.05027536e+003 1.45842029e+003 8.11243826e+002 5.52178782e+002 3.64771982e+002 2.06732544e+002 1.30746272e+002
61412.35634259 0.000000 0.000000 0.000000 3.78104920e+008 1.71781286e+008 4.12807898e+007 5.87857034e+006 1.74021083e+006 4.65347044e+005 1.24539977e+005 4.76679427e+004 3.09002980e+004 1.38299197e+004 5.22480624e+003 1.93155652e+003 7.63651045e+002 3.05289759e+002 1.14927395e+002 4.59075023e+001 2.15357943e+001 1.25018561e+001 6.13538912e+000 2.33603510e+000 1.20986974e+000
61412.51834491 0.000000 0.000000 0.000000 2.47459084e+008 1.04717891e+008 1.96761115e+007 1.72614756e+006 1.26073349e+005 1.55977492e+004 2.46098626e+003 4.30774132e+002 8.58401027e+001 2.70344778e+001 1.41764305e+001 9.22381351e+000 4.81647826e+000 1.54714128e+000 5.03917501e-001 1.79358868e-001 9.91280886e-002 5.38622508e-002 1.91844631e-002 4.49201707e-003 2.11383363e-003
61412.68034722 0.000000 0.000000 0.000000 2.95264643e+008 1.23155683e+008 2.86485686e+007 3.73459970e+006 1.64581872e+006 6.48760978e+005 2.43135210e+005 1.39091265e+005 1.23283202e+005 6.92863812e+004 3.41064586e+004 1.62239899e+004 7.42390537e+003 3.47057877e+003 1.54815092e+003 7.13096839e+002 3.65644020e+002 2.27415328e+002 1.32869982e+002 6.59004291e+001 3.94326738e+001
61412.84234954 0.000000 0.000000 0.000000 4.50848648e+008 3.08633725e+008 1.36913134e+008 1.62439635e+007 1.90043105e+006 5.24602974e+005 2.06873083e+005 1.24358441e+005 1.06131451e+005 5.84176133e+004 2.91970039e+004 1.41154236e+004 6.59086418e+003 3.23877463e+003 1.58556339e+003 8.31309443e+002 4.63599670e+002 2.98874748e+002 1.78213175e+002 9.50420374e+001 6.09556223e+001
61413.00435185 0.000000 0.000000 0.000000 8.21465334e+007 2.92356195e+007 5.24090414e+006 4.55888837e+005 8.15741968e+004 1.33550106e+004 2.15101396e+003 4.31966674e+002 1.20775039e+002 4.89520770e+001 2.59943450e+001 1.43680019e+001 7.98032872e+000 3.06000409e+000 1.11262595e+000 3.98075978e-001 1.94510628e-001 1.04663458e-001 3.89859113e-002 1.06475445e-002 4.96794952e-003
61413.16635417 0.000000 0.000000 0.000000 3.44295701e+006 9.27961373e+005 9.91426883e+004 3.99342313e+003 6.76525379e+002 7.34285427e+001 9.79567080e+000 1.99418114e+000 5.62390636e-001 2.76295017e-001 1.92160485e-001 1.15836408e-001 5.89178975e-002 2.21319885e-002 8.78677176e-003 3.29245990e-003 2.03968711e-003 1.59612694e-003 8.20111724e-004 1.83169849e-004 2.59817125e-007
61413.32835648 0.000000 0.000000 0.000000 4.82245466e+007 1.60506060e+007 2.54557663e+006 1.80323817e+005 2.93149236e+004 3.86322068e+003 5.55577613e+002 1.04783526e+002 1.92725838e+001 6.12387373e+000 3.86868780e+000 3.35052020e+000 2.23681421e+000 8.65290982e-001 3.30985971e-001 1.36563628e-001 8.92053354e-002 5.96638344e-002 2.64902296e-002 9.89553870e-003 5.07568015e-003
61413.49035880 0.000000 0.000000 0.000000 2.08417530e+008 1.69270419e+008 8.34590290e+007 1.41146177e+007 2.40835614e+006 6.74169601e+005 2.80493388e+005 1.55271335e+005 8.65974322e+004 3.34127632e+004 1.29994978e+004 5.11358433e+003 2.04467166e+003 8.77243999e+002 3.81351747e+002 1.77743770e+002 9.16376480e+001 5.56918892e+001 3.10938113e+001 1.59030808e+001 1.02725666e+001
61413.65236111 0.000000 0.000000 0.000000 1.36044863e+008 7.50762469e+007 1.86712019e+007 2.29089736e+006 1.06201985e+006 5.05014256e+005 2.29697971e+005 1.39501109e+005 7.55204132e+004 2.74632562e+004 1.03079109e+004 4.05729532e+003 1.65913070e+003 7.23149519e+002 3.12522788e+002 1.43297564e+002 7.26416133e+001 4.39273511e+001 2.45103779e+001 1.23883848e+001 7.92531889e+000
61413.81436343 0.000000 0.000000 0.000000 4.85204202e+006 2.56333723e+006 4.95535117e+005 2.42379874e+004 2.10790382e+003 2.60009373e+002 3.70827270e+001 5.96997148e+000 1.16215241e+000 3.55029424e-001 1.89268335e-001 1.04303767e-001 5.07983712e-002 1.80207197e-002 7.00317943e-003 2.99977815e-003 1.94585255e-003 1.26141665e-003 5.09287667e-004 1.28074008e-004 3.97401341e-005
61413.97636574 0.000000 0.000000 0.000000 0.00000000e+000 0.00000000e+000 0.00000000e+000 0.00000000e+000 0.00000000e+000 0.00000000e+000 0.00000000e+000 0.00000000e+000 0.00000000e+000 0.00000000e+000 0.00000000e+000 0.00000000e+000 0.00000000e+000 0.00000000e+000 0.00000000e+000 0.00000000e+000 0.00000000e+000 0.00000000e+000 0.00000000e+000 0.00000000e+000 0.00000000e+000
61414.13836806 0.000000 0.000000 0.000000 0.00000000e+000 0.00000000e+000 0.00000000e+000 0.00000000e+000 0.00000000e+000 0.00000000e+000 0.00000000e+000 0.00000000e+000 0.00000000e+000 0.00000000e+000 0.00000000e+000 0.00000000e+000 0.00000000e+000 0.00000000e+000 0.00000000e+000 0.00000000e+000 0.00000000e+000 0.00000000e+000 0.00000000e+000 0.00000000e+000 0.00000000e+000
61414.30037037 0.000000 0.000000 0.000000 3.74445498e+007 3.26757183e+007 8.93826241e+006 6.24848457e+005 3.96353966e+004 5.37907056e+003 9.11825561e+002 1.50248147e+002 3.04338343e+001 7.37547317e+000 2.48945724e+000 8.76648859e-001 3.13525000e-001 9.12420696e-002 2.87467980e-002 9.99138861e-003 5.02036609e-003 2.51629693e-003 7.69551392e-004 8.17776396e-005 8.83453371e-006
61414.46237269 0.000000 0.000000 0.000000 2.92246614e+008 2.46665339e+008 8.36203468e+007 1.45501499e+007 4.92611702e+006 2.29160263e+006 1.29023128e+006 8.09238192e+005 3.87188283e+005 1.32879600e+005 4.80020966e+004 1.91414303e+004 7.83188667e+003 3.43490591e+003 1.48446451e+003 7.02596059e+002 3.67298967e+002 2.28635969e+002 1.33404937e+002 6.95401893e+001 4.54435462e+001
61414.62437500 0.000000 0.000000 0.000000 3.20994636e+008 3.01599357e+008 1.37695406e+008 2.68562884e+007 5.48530898e+006 2.03158357e+006 1.07787668e+006 6.42515557e+005 2.87820405e+005 9.28138990e+004 3.23541725e+004 1.26453657e+004 5.15511401e+003 2.26113550e+003 9.86608775e+002 4.71678018e+002 2.47095211e+002 1.52558172e+002 8.78713438e+001 4.50862190e+001 2.91998964e+001
61414.78637731 0.000000 0.000000 0.000000 3.47410260e+007 3.39259326e+007 1.07309420e+007 1.35225402e+006 1.08468403e+005 1.70143769e+004 3.63195965e+003 7.52061910e+002 1.67586730e+002 3.90529639e+001 1.27669727e+001 4.84684651e+000 2.05121296e+000 7.45565866e-001 2.87230163e-001 1.18074669e-001 6.56280694e-002 3.72331711e-002 1.46329895e-002 2.74144327e-003 7.49892400e-004
61414.94837963 0.000000 0.000000 0.000000 0.00000000e+000 0.00000000e+000 0.00000000e+000 0.00000000e+000 0.00000000e+000 0.00000000e+000 0.00000000e+000 0.00000000e+000 0.00000000e+000 0.00000000e+000 0.00000000e+000 0.00000000e+000 0.00000000e+000 0.00000000e+000 0.00000000e+000 0.00000000e+000 0.00000000e+000 0.00000000e+000 0.00000000e+000 0.00000000e+000 0.00000000e+000
61415.11038194 0.000000 0.000000 0.000000 0.00000000e+000 0.00000000e+000 0.00000000e+000 0.00000000e+000 0.00000000e+000 0.00000000e+000 0.00000000e+000 0.00000000e+000 0.00000000e+000 0.00000000e+000 0.00000000e+000 0.00000000e+000 0.00000000e+000 0.00000000e+000 0.00000000e+000 0.00000000e+000 0.00000000e+000 0.00000000e+000 0.00000000e+000 0.00000000e+000 0.00000000e+000
61415.27238426 0.000000 0.000000 0.000000 0.00000000e+000 0.00000000e+000 0.00000000e+000 0.00000000e+000 0.00000000e+000 0.00000000e+000 0.00000000e+000 0.00000000e+000 0.00000000e+000 0.00000000e+000 0.00000000e+000 0.00000000e+000 0.00000000e+000 0.00000000e+000 0.00000000e+000 0.00000000e+000 0.00000000e+000 0.00000000e+000 0.00000000e+000 0.00000000e+000 0.00000000e+000
61415.43438657 0.000000 0.000000 0.000000 0.00000000e+000 0.00000000e+000 0.00000000e+000 0.00000000e+000 0.00000000e+000 0.00000000e+000 0.00000000e+000 0.00000000e+000 0.00000000e+000 0.00000000e+000 0.00000000e+000 0.00000000e+000 0.00000000e+000 0.00000000e+000 0.00000000e+000 0.00000000e+000 0.00000000e+000 0.00000000e+000 0.00000000e+000 0.00000000e+000 0.00000000e+000
61415.59638889 0.000000 0.000000 0.000000 0.00000000e+000 0.00000000e+000 0.00000000e+000 0.00000000e+000 0.00000000e+000 0.00000000e+000 0.00000000e+000 0.00000000e+000 0.00000000e+000 0.00000000e+000 0.00000000e+000 0.00000000e+000 0.00000000e+000 0.00000000e+000 0.00000000e+000 0.00000000e+000 0.00000000e+000 0.00000000e+000 0.00000000e+000 0.00000000e+000 0.00000000e+000
61415.75839120 0.000000 0.000000 0.000000 1.72090691e+006 2.12095933e+006 7.47357133e+005 2.22765501e+005 1.90957095e+004 2.35887722e+003 5.32936561e+002 1.31260836e+002 2.81666754e+001 7.37984294e+000 2.73079135e+000 1.19031883e+000 6.03411802e-001 2.39058494e-001 1.18794577e-001 1.89666946e-002 -2.73043380e-004 -1.90485777e-004 -9.43860199e-005 0.00000000e+000 0.00000000e+000
61415.92039352 0.000000 0.000000 0.000000 1.24167515e+008 1.22693901e+008 5.12164094e+007 2.22641364e+007 4.39782065e+006 1.16573701e+006 4.01987335e+005 1.38675658e+005 3.45955484e+004 6.91785468e+003 1.74290666e+003 5.35154118e+002 2.03631641e+002 8.05564848e+001 3.45954254e+001 1.61987847e+001 9.19481932e+000 5.93067532e+000 3.15868031e+000 1.48738984e+000 8.64070340e-001
61416.08239583 0.000000 0.000000 0.000000 1.92888818e+008 1.66804574e+008 8.28720030e+007 2.51900778e+007 5.07739138e+006 1.39966501e+006 4.86255752e+005 1.72048966e+005 4.77764339e+004 9.73025101e+003 2.34979537e+003 6.92777318e+002 2.50412558e+002 9.47630290e+001 3.90076808e+001 1.74546359e+001 9.44740408e+000 5.79331431e+000 2.95546145e+000 1.39931213e+000 8.88937784e-001
61416.24439815 0.000000 0.000000 0.000000 1.94853120e+007 1.99941601e+007 7.50949564e+006 3.46735420e+006 4.27885709e+005 5.98227420e+004 1.50290532e+004 3.55395475e+003 7.70621549e+002 1.84844892e+002 6.76371980e+001 2.92741995e+001 1.53559533e+001 7.70957983e+000 3.99678740e+000 2.16311037e+000 1.41777102e+000 1.07441899e+000 6.72052548e-001 3.51731881e-001 1.61288526e-001
61416.40640046 0.000000 0.000000 0.000000 0.00000000e+000 0.00000000e+000 0.00000000e+000 0.00000000e+000 0.00000000e+000 0.00000000e+000 0.00000000e+000 0.00000000e+000 0.00000000e+000 0.00000000e+000 0.00000000e+000 0.00000000e+000 0.00000000e+000 0.00000000e+000 0.00000000e+000 0.00000000e+000 0.00000000e+000 0.00000000e+000 0.00000000e+000 0.00000000e+000 0.00000000e+000
61416.56840278 0.000000 0.000000 0.000000 0.00000000e+000 0.00000000e+000 0.00000000e+000 0.00000000e+000 0.00000000e+000 0.00000000e+000 0.00000000e+000 0.00000000e+000 0.00000000e+000 0.00000000e+000 0.00000000e+000 0.00000000e+000 0.00000000e+000 0.00000000e+000 0.00000000e+000 0.00000000e+000 0.00000000e+000 0.00000000e+000 0.00000000e+000 0.00000000e+000 0.00000000e+000
61416.73040509 0.000000 0.000000 0.000000 0.00000000e+000 0.00000000e+000 0.00000000e+000 0.00000000e+000 0.00000000e+000 0.00000000e+000 0.00000000e+000 0.00000000e+000 0.00000000e+000 0.00000000e+000 0.00000000e+000 0.00000000e+000 0.00000000e+000 0.00000000e+000 0.00000000e+000 0.00000000e+000 0.00000000e+000 0.00000000e+000 0.00000000e+000 0.00000000e+000 0.00000000e+000
61416.89240741 0.000000 0.000000 0.000000 0.00000000e+000 0.00000000e+000 0.00000000e+000 0.00000000e+000 0.00000000e+000 0.00000000e+000 0.00000000e+000 0.00000000e+000 0.00000000e+000 0.00000000e+000 0.00000000e+000 0.00000000e+000 0.00000000e+000 0.00000000e+000 0.00000000e+000 0.00000000e+000 0.00000000e+000 0.00000000e+000 0.00000000e+000 0.00000000e+000 0.00000000e+000
61417.05440972 0.000000 0.000000 0.000000 0.00000000e+000 0.00000000e+000 0.00000000e+000 0.00000000e+000 0.00000000e+000 0.00000000e+000 0.00000000e+000 0.00000000e+000 0.00000000e+000 0.00000000e+000 0.00000000e+000 0.00000000e+000 0.00000000e+000 0.00000000e+000 0.00000000e+000 0.00000000e+000 0.00000000e+000 0.00000000e+000 0.00000000e+000 0.00000000e+000 0.00000000e+000
61417.21641204 0.000000 0.000000 0.000000 0.00000000e+000 0.00000000e+000 0.00000000e+000 0.00000000e+000 0.00000000e+000 0.00000000e+000 0.00000000e+000 0.00000000e+000 0.00000000e+000 0.00000000e+000 0.00000000e+000 0.00000000e+000 0.00000000e+000 0.00000000e+000 0.00000000e+000 0.00000000e+000 0.00000000e+000 0.00000000e+000 0.00000000e+000 0.00000000e+000 0.00000000e+000
61417.37841435 0.000000 0.000000 0.000000 0.00000000e+000 0.00000000e+000 0.00000000e+000 0.00000000e+000 0.00000000e+000 0.00000000e+000 0.00000000e+000 0.00000000e+000 0.00000000e+000 0.00000000e+000 0.00000000e+000 0.00000000e+000 0.00000000e+000 0.00000000e+000 0.00000000e+000 0.00000000e+000 0.00000000e+000 0.00000000e+000 0.00000000e+000 0.00000000e+000 0.00000000e+000
61417.54041667 0.000000 0.000000 0.000000 0.00000000e+000 0.00000000e+000 0.00000000e+000 0.00000000e+000 0.00000000e+000 0.00000000e+000 0.00000000e+000 0.00000000e+000 0.00000000e+000 0.00000000e+000 0.00000000e+000 0.00000000e+000 0.00000000e+000 0.00000000e+000 0.00000000e+000 0.00000000e+000 0.00000000e+000 0.00000000e+000 0.00000000e+000 0.00000000e+000 0.00000000e+000
61417.70241898 0.000000 0.000000 0.000000 0.00000000e+000 0.00000000e+000 0.00000000e+000 0.00000000e+000 0.00000000e+000 0.00000000e+000 0.00000000e+000 0.00000000e+000 0.00000000e+000 0.00000000e+000 0.00000000e+000 0.00000000e+000 0.00000000e+000 0.00000000e+000 0.00000000e+000 0.00000000e+000 0.00000000e+000 0.00000000e+000 0.00000000e+000 0.00000000e+000 0.00000000e+000
61417.86442130 0.000000 0.000000 0.000000 0.00000000e+000 0.00000000e+000 0.00000000e+000 0.00000000e+000 0.00000000e+000 0.00000000e+000 0.00000000e+000 0.00000000e+000 0.00000000e+000 0.00000000e+000 0.00000000e+000 0.00000000e+000 0.00000000e+000 0.00000000e+000 0.00000000e+000 0.00000000e+000 0.00000000e+000 0.00000000e+000 0.00000000e+000 0.00000000e+000 0.00000000e+000
61418.02642361 0.000000 0.000000 0.000000 0.00000000e+000 0.00000000e+000 0.00000000e+000 0.00000000e+000 0.00000000e+000 0.00000000e+000 0.00000000e+000 0.00000000e+000 0.00000000e+000 0.00000000e+000 0.00000000e+000 0.00000000e+000 0.00000000e+000 0.00000000e+000 0.00000000e+000 0.00000000e+000 0.00000000e+000 0.00000000e+000 0.00000000e+000 0.00000000e+000 0.00000000e+000
61418.18842593 0.000000 0.000000 0.000000 -1.97533969e+002 -4.27486237e+001 -1.37019999e+002 -6.11976487e+001 -1.44930111e+000 -1.62320083e-002 1.28210035e-002 6.03257009e-003 2.61809944e-003 1.25945832e-003 -8.95465284e-004 -1.60853127e-004 -9.43549641e-005 0.00000000e+000 0.00000000e+000 0.00000000e+000 0.00000000e+000 0.00000000e+000 0.00000000e+000 0.00000000e+000 0.00000000e+000
61418.35042824 0.000000 0.000000 0.000000 6.24688355e+007 6.52825858e+007 2.30370560e+007 3.25575983e+006 4.31987825e+005 8.41467647e+004 1.97388985e+004 5.03351853e+003 1.00265416e+003 1.88955337e+002 4.19184123e+001 1.37521452e+001 7.17572997e+000 3.33144232e+000 1.45314818e+000 6.10864768e-001 3.30413866e-001 1.92660175e-001 7.85853378e-002 2.01799638e-002 7.35919444e-003
61418.51243056 0.000000 0.000000 0.000000 2.06036178e+008 2.23318314e+008 1.08166572e+008 1.51013314e+007 2.17299885e+006 6.69986922e+005 2.22094601e+005 5.35946336e+004 1.39667070e+004 3.60471074e+003 1.04620705e+003 3.11412725e+002 1.01769255e+002 3.53526373e+001 1.34344189e+001 5.35030163e+000 2.29212268e+000 1.07678221e+000 4.14998717e-001 1.31504006e-001 6.55522494e-002
61418.67443287 0.000000 0.000000 0.000000 4.77756316e+007 4.00010154e+007 1.15623013e+007 9.92397438e+005 9.64751896e+004 1.45129240e+004 2.80839667e+003 6.74661004e+002 1.38215664e+002 3.06526330e+001 9.72570129e+000 4.62701832e+000 2.81800617e+000 1.34876601e+000 6.23961356e-001 2.90553990e-001 1.81530867e-001 1.18369548e-001 5.38435456e-002 1.76190140e-002 7.48649707e-003
61418.83643519 0.000000 0.000000 0.000000 0.00000000e+000 0.00000000e+000 0.00000000e+000 0.00000000e+000 0.00000000e+000 0.00000000e+000 0.00000000e+000 0.00000000e+000 0.00000000e+000 0.00000000e+000 0.00000000e+000 0.00000000e+000 0.00000000e+000 0.00000000e+000 0.00000000e+000 0.00000000e+000 0.00000000e+000 0.00000000e+000 0.00000000e+000 0.00000000e+000 0.00000000e+000
61418.99843750 0.000000 0.000000 0.000000 0.00000000e+000 0.00000000e+000 0.00000000e+000 0.00000000e+000 0.00000000e+000 0.00000000e+000 0.00000000e+000 0.00000000e+000 0.00000000e+000 0.00000000e+000 0.00000000e+000 0.00000000e+000 0.00000000e+000 0.00000000e+000 0.00000000e+000 0.00000000e+000 0.00000000e+000 0.00000000e+000 0.00000000e+000 0.00000000e+000 0.00000000e+000
61419.16043981 0.000000 0.000000 0.000000 0.00000000e+000 0.00000000e+000 0.00000000e+000 0.00000000e+000 0.00000000e+000 0.00000000e+000 0.00000000e+000 0.00000000e+000 0.00000000e+000 0.00000000e+000 0.00000000e+000 0.00000000e+000 0.00000000e+000 0.00000000e+000 0.00000000e+000 0.00000000e+000 0.00000000e+000 0.00000000e+000 0.00000000e+000 0.00000000e+000 0.00000000e+000
61419.32244213 0.000000 0.000000 0.000000 0.00000000e+000 0.00000000e+000 0.00000000e+000 0.00000000e+000 0.00000000e+000 0.00000000e+000 0.00000000e+000 0.00000000e+000 0.00000000e+000 0.00000000e+000 0.00000000e+000 0.00000000e+000 0.00000000e+000 0.00000000e+000 0.00000000e+000 0.00000000e+000 0.00000000e+000 0.00000000e+000 0.00000000e+000 0.00000000e+000 0.00000000e+000
61419.48444444 0.000000 0.000000 0.000000 0.00000000e+000 0.00000000e+000 0.00000000e+000 0.00000000e+000 0.00000000e+000 0.00000000e+000 0.00000000e+000 0.00000000e+000 0.00000000e+000 0.00000000e+000 0.00000000e+000 0.00000000e+000 0.00000000e+000 0.00000000e+000 0.00000000e+000 0.00000000e+000 0.00000000e+000 0.00000000e+000 0.00000000e+000 0.00000000e+000 0.00000000e+000
61419.64644676 0.000000 0.000000 0.000000 0.00000000e+000 0.00000000e+000 0.00000000e+000 0.00000000e+000 0.00000000e+000 0.00000000e+000 0.00000000e+000 0.00000000e+000 0.00000000e+000 0.00000000e+000 0.00000000e+000 0.00000000e+000 0.00000000e+000 0.00000000e+000 0.00000000e+000 0.00000000e+000 0.00000000e+000 0.00000000e+000 0.00000000e+000 0.00000000e+000 0.00000000e+000
61419.80844907 0.000000 0.000000 0.000000 0.00000000e+000 0.00000000e+000 0.00000000e+000 0.00000000e+000 0.00000000e+000 0.00000000e+000 0.00000000e+000 0.00000000e+000 0.00000000e+000 0.00000000e+000 0.00000000e+000 0.00000000e+000 0.00000000e+000 0.00000000e+000 0.00000000e+000 0.00000000e+000 0.00000000e+000 0.00000000e+000 0.00000000e+000 0.00000000e+000 0.00000000e+000
61419.97045139 0.000000 0.000000 0.000000 0.00000000e+000 0.00000000e+000 0.00000000e+000 0.00000000e+000 0.00000000e+000 0.00000000e+000 0.00000000e+000 0.00000000e+000 0.00000000e+000 0.00000000e+000 0.00000000e+000 0.00000000e+000 0.00000000e+000 0.00000000e+000 0.00000000e+000 0.00000000e+000 0.00000000e+000 0.00000000e+000 0.00000000e+000 0.00000000e+000 0.00000000e+000
61420.13245370 0.000000 0.000000 0.000000 0.00000000e+000 0.00000000e+000 0.00000000e+000 0.00000000e+000 0.00000000e+000 0.00000000e+000 0.00000000e+000 0.00000000e+000 0.00000000e+000 0.00000000e+000 0.00000000e+000 0.00000000e+000 0.00000000e+000 0.00000000e+000 0.00000000e+000 0.00000000e+000 0.00000000e+000 0.00000000e+000 0.00000000e+000 0.00000000e+000 0.00000000e+000
61420.29445602 0.000000 0.000000 0.000000 0.00000000e+000 0.00000000e+000 0.00000000e+000 0.00000000e+000 0.00000000e+000 0.00000000e+000 0.00000000e+000 0.00000000e+000 0.00000000e+000 0.00000000e+000 0.00000000e+000 0.00000000e+000 0.00000000e+000 0.00000000e+000 0.00000000e+000 0.00000000e+000 0.00000000e+000 0.00000000e+000 0.00000000e+000 0.00000000e+000 0.00000000e+000
61420.45645833 0.000000 0.000000 0.000000 0.00000000e+000 0.00000000e+000 0.00000000e+000 0.00000000e+000 0.00000000e+000 0.00000000e+000 0.00000000e+000 0.00000000e+000 0.00000000e+000 0.00000000e+000 0.00000000e+000 0.00000000e+000 0.00000000e+000 0.00000000e+000 0.00000000e+000 0.00000000e+000 0.00000000e+000 0.00000000e+000 0.00000000e+000 0.00000000e+000 0.00000000e+000
61420.55915852 0.000000 0.000000 0.000000 0.00000000e+000 0.00000000e+000 0.00000000e+000 0.00000000e+000 0.00000000e+000 0.00000000e+000 0.00000000e+000 0.00000000e+000 0.00000000e+000 0.00000000e+000 0.00000000e+000 0.00000000e+000 0.00000000e+000 0.00000000e+000 0.00000000e+000 0.00000000e+000 0.00000000e+000 0.00000000e+000 0.00000000e+000 0.00000000e+000 0.00000000e+000
