# Ae9Ap9 Model output file: MoonBEAM_trajectory_trade/Rp18408_COM_8per90prop30inc_Sci.AP9.output_mc_fluenceIntv_038.txt
# Ae9Ap9 Software Version:  1.50.001
#
# Model type:               AP9
# Particle species:         H+
# Flux type:                1PtDiff
# Flux direction:           Omnidirectional
# Energy levels (MeV):       0.1 0.2 0.4 0.6 0.8 1 2 4 6 8 10 15 20 30 50 60 80 100 150 200 300 400 700 1200 2000
#
# Accumulation mode:        Interval, length = 16589 seconds (0.192002 days)
#
# Time format:              Modified Julian Date
# Coordinate system:        GEI (Geocentric Equatorial Inertial) Cartesian in km
# Data Delimiter:           space
#
# datetime(mjd),posx(km),posy(km),posz(km),fluence,fluence,fluence,fluence,fluence,fluence,fluence,fluence,fluence,fluence,fluence,fluence,fluence,fluence,fluence,fluence,fluence,fluence,fluence,fluence,fluence,fluence,fluence,fluence,fluence(#/cm^2/MeV)
61429.66149804 0.000000 0.000000 0.000000 0.00000000e+000 0.00000000e+000 0.00000000e+000 0.00000000e+000 0.00000000e+000 0.00000000e+000 0.00000000e+000 0.00000000e+000 0.00000000e+000 0.00000000e+000 0.00000000e+000 0.00000000e+000 0.00000000e+000 0.00000000e+000 0.00000000e+000 0.00000000e+000 0.00000000e+000 0.00000000e+000 0.00000000e+000 0.00000000e+000 0.00000000e+000 0.00000000e+000 0.00000000e+000 0.00000000e+000 0.00000000e+000
61429.85350036 0.000000 0.000000 0.000000 0.00000000e+000 0.00000000e+000 0.00000000e+000 0.00000000e+000 0.00000000e+000 0.00000000e+000 0.00000000e+000 0.00000000e+000 0.00000000e+000 0.00000000e+000 0.00000000e+000 0.00000000e+000 0.00000000e+000 0.00000000e+000 0.00000000e+000 0.00000000e+000 0.00000000e+000 0.00000000e+000 0.00000000e+000 0.00000000e+000 0.00000000e+000 0.00000000e+000 0.00000000e+000 0.00000000e+000 0.00000000e+000
61430.04550267 0.000000 0.000000 0.000000 0.00000000e+000 0.00000000e+000 0.00000000e+000 0.00000000e+000 0.00000000e+000 0.00000000e+000 0.00000000e+000 0.00000000e+000 0.00000000e+000 0.00000000e+000 0.00000000e+000 0.00000000e+000 0.00000000e+000 0.00000000e+000 0.00000000e+000 0.00000000e+000 0.00000000e+000 0.00000000e+000 0.00000000e+000 0.00000000e+000 0.00000000e+000 0.00000000e+000 0.00000000e+000 0.00000000e+000 0.00000000e+000
61430.23750499 0.000000 0.000000 0.000000 0.00000000e+000 0.00000000e+000 0.00000000e+000 0.00000000e+000 0.00000000e+000 0.00000000e+000 0.00000000e+000 0.00000000e+000 0.00000000e+000 0.00000000e+000 0.00000000e+000 0.00000000e+000 0.00000000e+000 0.00000000e+000 0.00000000e+000 0.00000000e+000 0.00000000e+000 0.00000000e+000 0.00000000e+000 0.00000000e+000 0.00000000e+000 0.00000000e+000 0.00000000e+000 0.00000000e+000 0.00000000e+000
61430.42950730 0.000000 0.000000 0.000000 0.00000000e+000 0.00000000e+000 0.00000000e+000 0.00000000e+000 0.00000000e+000 0.00000000e+000 0.00000000e+000 0.00000000e+000 0.00000000e+000 0.00000000e+000 0.00000000e+000 0.00000000e+000 0.00000000e+000 0.00000000e+000 0.00000000e+000 0.00000000e+000 0.00000000e+000 0.00000000e+000 0.00000000e+000 0.00000000e+000 0.00000000e+000 0.00000000e+000 0.00000000e+000 0.00000000e+000 0.00000000e+000
61430.62150962 0.000000 0.000000 0.000000 0.00000000e+000 0.00000000e+000 0.00000000e+000 0.00000000e+000 0.00000000e+000 0.00000000e+000 0.00000000e+000 0.00000000e+000 0.00000000e+000 0.00000000e+000 0.00000000e+000 0.00000000e+000 0.00000000e+000 0.00000000e+000 0.00000000e+000 0.00000000e+000 0.00000000e+000 0.00000000e+000 0.00000000e+000 0.00000000e+000 0.00000000e+000 0.00000000e+000 0.00000000e+000 0.00000000e+000 0.00000000e+000
61430.81351193 0.000000 0.000000 0.000000 0.00000000e+000 0.00000000e+000 0.00000000e+000 0.00000000e+000 0.00000000e+000 0.00000000e+000 0.00000000e+000 0.00000000e+000 0.00000000e+000 0.00000000e+000 0.00000000e+000 0.00000000e+000 0.00000000e+000 0.00000000e+000 0.00000000e+000 0.00000000e+000 0.00000000e+000 0.00000000e+000 0.00000000e+000 0.00000000e+000 0.00000000e+000 0.00000000e+000 0.00000000e+000 0.00000000e+000 0.00000000e+000
61431.00551425 0.000000 0.000000 0.000000 0.00000000e+000 0.00000000e+000 0.00000000e+000 0.00000000e+000 0.00000000e+000 0.00000000e+000 0.00000000e+000 0.00000000e+000 0.00000000e+000 0.00000000e+000 0.00000000e+000 0.00000000e+000 0.00000000e+000 0.00000000e+000 0.00000000e+000 0.00000000e+000 0.00000000e+000 0.00000000e+000 0.00000000e+000 0.00000000e+000 0.00000000e+000 0.00000000e+000 0.00000000e+000 0.00000000e+000 0.00000000e+000
61431.19751656 0.000000 0.000000 0.000000 0.00000000e+000 0.00000000e+000 0.00000000e+000 0.00000000e+000 0.00000000e+000 0.00000000e+000 0.00000000e+000 0.00000000e+000 0.00000000e+000 0.00000000e+000 0.00000000e+000 0.00000000e+000 0.00000000e+000 0.00000000e+000 0.00000000e+000 0.00000000e+000 0.00000000e+000 0.00000000e+000 0.00000000e+000 0.00000000e+000 0.00000000e+000 0.00000000e+000 0.00000000e+000 0.00000000e+000 0.00000000e+000
61431.38951888 0.000000 0.000000 0.000000 0.00000000e+000 0.00000000e+000 0.00000000e+000 0.00000000e+000 0.00000000e+000 0.00000000e+000 0.00000000e+000 0.00000000e+000 0.00000000e+000 0.00000000e+000 0.00000000e+000 0.00000000e+000 0.00000000e+000 0.00000000e+000 0.00000000e+000 0.00000000e+000 0.00000000e+000 0.00000000e+000 0.00000000e+000 0.00000000e+000 0.00000000e+000 0.00000000e+000 0.00000000e+000 0.00000000e+000 0.00000000e+000
61431.58152119 0.000000 0.000000 0.000000 1.24562268e+008 2.77120369e+007 1.80847435e+006 1.36723915e+005 2.32117010e+004 1.06139908e+003 1.17229874e+001 -3.08700346e-002 0.00000000e+000 0.00000000e+000 0.00000000e+000 0.00000000e+000 0.00000000e+000 0.00000000e+000 0.00000000e+000 0.00000000e+000 0.00000000e+000 0.00000000e+000 0.00000000e+000 0.00000000e+000 0.00000000e+000 0.00000000e+000 0.00000000e+000 0.00000000e+000 0.00000000e+000
61431.77352351 0.000000 0.000000 0.000000 5.22625960e+012 2.42137169e+012 7.84050750e+011 3.83763639e+011 2.25586856e+011 5.79346651e+010 5.10080428e+009 2.81270014e+008 2.25258164e+007 4.12246309e+006 5.63606196e+005 8.11927977e+004 1.57091050e+004 3.55027898e+003 1.02840406e+003 3.35479583e+002 1.20057861e+002 2.42596328e+001 5.49942174e+000 8.09383052e-001 1.38116705e-001 2.71654121e-003 0.00000000e+000 0.00000000e+000 0.00000000e+000
61431.96552582 0.000000 0.000000 0.000000 6.06230981e+012 2.72004778e+012 8.30325992e+011 3.93052143e+011 2.28238187e+011 5.81663188e+010 5.10694676e+009 2.81456044e+008 2.25341660e+007 4.12315233e+006 5.63660772e+005 8.11928455e+004 1.57091050e+004 3.55027898e+003 1.02840406e+003 3.35479583e+002 1.20057861e+002 2.42596328e+001 5.49942174e+000 8.09383052e-001 1.38116705e-001 2.71654121e-003 0.00000000e+000 0.00000000e+000 0.00000000e+000
61432.15752814 0.000000 0.000000 0.000000 6.06230981e+012 2.72004778e+012 8.30325992e+011 3.93052143e+011 2.28238187e+011 5.81663188e+010 5.10694676e+009 2.81456044e+008 2.25341660e+007 4.12315233e+006 5.63660772e+005 8.11928455e+004 1.57091050e+004 3.55027898e+003 1.02840406e+003 3.35479583e+002 1.20057861e+002 2.42596328e+001 5.49942174e+000 8.09383052e-001 1.38116705e-001 2.71654121e-003 0.00000000e+000 0.00000000e+000 0.00000000e+000
61432.34953045 0.000000 0.000000 0.000000 6.06230981e+012 2.72004778e+012 8.30325992e+011 3.93052143e+011 2.28238187e+011 5.81663188e+010 5.10694676e+009 2.81456044e+008 2.25341660e+007 4.12315233e+006 5.63660772e+005 8.11928455e+004 1.57091050e+004 3.55027898e+003 1.02840406e+003 3.35479583e+002 1.20057861e+002 2.42596328e+001 5.49942174e+000 8.09383052e-001 1.38116705e-001 2.71654121e-003 0.00000000e+000 0.00000000e+000 0.00000000e+000
61432.54153277 0.000000 0.000000 0.000000 6.06230981e+012 2.72004778e+012 8.30325992e+011 3.93052143e+011 2.28238187e+011 5.81663188e+010 5.10694676e+009 2.81456044e+008 2.25341660e+007 4.12315233e+006 5.63660772e+005 8.11928455e+004 1.57091050e+004 3.55027898e+003 1.02840406e+003 3.35479583e+002 1.20057861e+002 2.42596328e+001 5.49942174e+000 8.09383052e-001 1.38116705e-001 2.71654121e-003 0.00000000e+000 0.00000000e+000 0.00000000e+000
61432.73353508 0.000000 0.000000 0.000000 6.06230981e+012 2.72004778e+012 8.30325992e+011 3.93052143e+011 2.28238187e+011 5.81663188e+010 5.10694676e+009 2.81456044e+008 2.25341660e+007 4.12315233e+006 5.63660772e+005 8.11928455e+004 1.57091050e+004 3.55027898e+003 1.02840406e+003 3.35479583e+002 1.20057861e+002 2.42596328e+001 5.49942174e+000 8.09383052e-001 1.38116705e-001 2.71654121e-003 0.00000000e+000 0.00000000e+000 0.00000000e+000
61432.92553740 0.000000 0.000000 0.000000 6.06230981e+012 2.72004778e+012 8.30325992e+011 3.93052143e+011 2.28238187e+011 5.81663188e+010 5.10694676e+009 2.81456044e+008 2.25341660e+007 4.12315233e+006 5.63660772e+005 8.11928455e+004 1.57091050e+004 3.55027898e+003 1.02840406e+003 3.35479583e+002 1.20057861e+002 2.42596328e+001 5.49942174e+000 8.09383052e-001 1.38116705e-001 2.71654121e-003 0.00000000e+000 0.00000000e+000 0.00000000e+000
61433.11753971 0.000000 0.000000 0.000000 6.06230981e+012 2.72004778e+012 8.30325992e+011 3.93052143e+011 2.28238187e+011 5.81663188e+010 5.10694676e+009 2.81456044e+008 2.25341660e+007 4.12315233e+006 5.63660772e+005 8.11928455e+004 1.57091050e+004 3.55027898e+003 1.02840406e+003 3.35479583e+002 1.20057861e+002 2.42596328e+001 5.49942174e+000 8.09383052e-001 1.38116705e-001 2.71654121e-003 0.00000000e+000 0.00000000e+000 0.00000000e+000
61433.30954203 0.000000 0.000000 0.000000 6.06230981e+012 2.72004778e+012 8.30325992e+011 3.93052143e+011 2.28238187e+011 5.81663188e+010 5.10694676e+009 2.81456044e+008 2.25341660e+007 4.12315233e+006 5.63660772e+005 8.11928455e+004 1.57091050e+004 3.55027898e+003 1.02840406e+003 3.35479583e+002 1.20057861e+002 2.42596328e+001 5.49942174e+000 8.09383052e-001 1.38116705e-001 2.71654121e-003 0.00000000e+000 0.00000000e+000 0.00000000e+000
61433.50154434 0.000000 0.000000 0.000000 6.06230981e+012 2.72004778e+012 8.30325992e+011 3.93052143e+011 2.28238187e+011 5.81663188e+010 5.10694676e+009 2.81456044e+008 2.25341660e+007 4.12315233e+006 5.63660772e+005 8.11928455e+004 1.57091050e+004 3.55027898e+003 1.02840406e+003 3.35479583e+002 1.20057861e+002 2.42596328e+001 5.49942174e+000 8.09383052e-001 1.38116705e-001 2.71654121e-003 0.00000000e+000 0.00000000e+000 0.00000000e+000
61433.69354666 0.000000 0.000000 0.000000 6.06230981e+012 2.72004778e+012 8.30325992e+011 3.93052143e+011 2.28238187e+011 5.81663188e+010 5.10694676e+009 2.81456044e+008 2.25341660e+007 4.12315233e+006 5.63660772e+005 8.11928455e+004 1.57091050e+004 3.55027898e+003 1.02840406e+003 3.35479583e+002 1.20057861e+002 2.42596328e+001 5.49942174e+000 8.09383052e-001 1.38116705e-001 2.71654121e-003 0.00000000e+000 0.00000000e+000 0.00000000e+000
61433.88554897 0.000000 0.000000 0.000000 6.06230981e+012 2.72004778e+012 8.30325992e+011 3.93052143e+011 2.28238187e+011 5.81663188e+010 5.10694676e+009 2.81456044e+008 2.25341660e+007 4.12315233e+006 5.63660772e+005 8.11928455e+004 1.57091050e+004 3.55027898e+003 1.02840406e+003 3.35479583e+002 1.20057861e+002 2.42596328e+001 5.49942174e+000 8.09383052e-001 1.38116705e-001 2.71654121e-003 0.00000000e+000 0.00000000e+000 0.00000000e+000
61433.90511367 0.000000 0.000000 0.000000 6.06230981e+012 2.72004778e+012 8.30325992e+011 3.93052143e+011 2.28238187e+011 5.81663188e+010 5.10694676e+009 2.81456044e+008 2.25341660e+007 4.12315233e+006 5.63660772e+005 8.11928455e+004 1.57091050e+004 3.55027898e+003 1.02840406e+003 3.35479583e+002 1.20057861e+002 2.42596328e+001 5.49942174e+000 8.09383052e-001 1.38116705e-001 2.71654121e-003 0.00000000e+000 0.00000000e+000 0.00000000e+000
