# Ae9Ap9 Model output file: MoonBEAM_trajectory_trade/Rp18408_COM_8per90prop30inc_Tran.AP9.output_mc_fluenceIntv_002.txt
# Ae9Ap9 Software Version:  1.50.001
#
# Model type:               AP9
# Particle species:         H+
# Flux type:                1PtDiff
# Flux direction:           Omnidirectional
# Energy levels (MeV):       0.1 0.2 0.4 0.6 0.8 1 2 4 6 8 10 15 20 30 50 60 80 100 150 200 300 400 700 1200 2000
#
# Accumulation mode:        Interval, length = 13997 seconds (0.162002 days)
#
# Time format:              Modified Julian Date
# Coordinate system:        GEI (Geocentric Equatorial Inertial) Cartesian in km
# Data Delimiter:           space
#
# datetime(mjd),posx(km),posy(km),posz(km),fluence,fluence,fluence,fluence,fluence,fluence,fluence,fluence,fluence,fluence,fluence,fluence,fluence,fluence,fluence,fluence,fluence,fluence,fluence,fluence,fluence,fluence,fluence,fluence,fluence(#/cm^2/MeV)
61411.87033565 0.000000 0.000000 0.000000 2.11052522e+012 1.15940349e+012 6.63323427e+011 4.00557705e+011 2.39511220e+011 5.64025422e+010 6.39403513e+009 5.73972032e+008 6.11702349e+007 1.32514751e+007 3.70682669e+006 1.29359589e+006 5.28813587e+005 2.70168795e+005 1.66552988e+005 1.10553525e+005 7.91729784e+004 4.14528670e+004 1.73877329e+004 4.22413903e+003 9.31713693e+002 4.84712141e+001 9.02305553e-001 2.60958754e-003 0.00000000e+000
61412.03233796 0.000000 0.000000 0.000000 2.60176587e+012 1.30864203e+012 6.86461210e+011 4.05718662e+011 2.41490117e+011 5.67773374e+010 6.39718617e+009 5.73981049e+008 6.11702590e+007 1.32514751e+007 3.70682669e+006 1.29359589e+006 5.28813587e+005 2.70168795e+005 1.66552988e+005 1.10553525e+005 7.91729784e+004 4.14528670e+004 1.73877329e+004 4.22413903e+003 9.31713693e+002 4.84712141e+001 9.02305553e-001 2.60958754e-003 0.00000000e+000
61412.19434028 0.000000 0.000000 0.000000 3.62413986e+012 1.79228560e+012 8.85194083e+011 4.79658592e+011 2.70949576e+011 6.18432277e+010 6.79655228e+009 6.08908707e+008 6.52652132e+007 1.43000859e+007 4.03039609e+006 1.42988515e+006 5.87199075e+005 2.94980703e+005 1.78607151e+005 1.16616983e+005 8.21448515e+004 4.23672087e+004 1.76707463e+004 4.29481476e+003 9.52731440e+002 4.92311418e+001 9.07297592e-001 2.60958754e-003 0.00000000e+000
61412.35634259 0.000000 0.000000 0.000000 4.07684260e+012 1.94947177e+012 9.14936290e+011 4.86005421e+011 2.72909993e+011 6.21461516e+010 6.79917034e+009 6.08920362e+008 6.52652724e+007 1.43000860e+007 4.03039609e+006 1.42988515e+006 5.87199075e+005 2.94980703e+005 1.78607151e+005 1.16616983e+005 8.21448515e+004 4.23672087e+004 1.76707463e+004 4.29481476e+003 9.52731440e+002 4.92311418e+001 9.07297592e-001 2.60958754e-003 0.00000000e+000
61412.51834491 0.000000 0.000000 0.000000 4.14374964e+012 1.97394078e+012 9.19447064e+011 4.87038995e+011 2.73269800e+011 6.21853010e+010 6.79940511e+009 6.08920837e+008 6.52652724e+007 1.43000860e+007 4.03039609e+006 1.42988515e+006 5.87199075e+005 2.94980703e+005 1.78607151e+005 1.16616983e+005 8.21448515e+004 4.23672087e+004 1.76707463e+004 4.29481476e+003 9.52731440e+002 4.92311418e+001 9.07297592e-001 2.60958754e-003 0.00000000e+000
61412.68034722 0.000000 0.000000 0.000000 5.60041472e+012 2.71299521e+012 1.30623591e+012 6.86051239e+011 3.75081025e+011 7.81023399e+010 7.35401714e+009 6.13283055e+008 6.54391193e+007 1.43249664e+007 4.03500280e+006 1.43085748e+006 5.87421462e+005 2.95044181e+005 1.78626407e+005 1.16623239e+005 8.21481752e+004 4.23678683e+004 1.76706765e+004 4.29477285e+003 9.52731440e+002 4.92311418e+001 9.07297592e-001 2.60958754e-003 0.00000000e+000
61412.84234954 0.000000 0.000000 0.000000 6.87346777e+012 3.46821330e+012 1.84024212e+012 1.06961226e+012 6.27149231e+011 1.48126485e+011 1.80889315e+010 1.85909340e+009 2.36374155e+008 5.78478441e+007 1.74154173e+007 6.35359200e+006 2.64495899e+006 1.34848344e+006 8.25331679e+005 5.57186244e+005 4.18147093e+005 2.43743405e+005 1.20195796e+005 3.78400884e+004 9.85487700e+003 6.17290688e+002 1.83846716e+001 1.62740343e-001 0.00000000e+000
61413.00435185 0.000000 0.000000 0.000000 6.95441999e+012 3.49569236e+012 1.84511026e+012 1.07074909e+012 6.27581031e+011 1.48193218e+011 1.80894259e+010 1.85909454e+009 2.36374157e+008 5.78478441e+007 1.74154173e+007 6.35359200e+006 2.64495899e+006 1.34848344e+006 8.25331679e+005 5.57186244e+005 4.18147093e+005 2.43743405e+005 1.20195796e+005 3.78400884e+004 9.85487700e+003 6.17290688e+002 1.83846716e+001 1.62740343e-001 0.00000000e+000
61413.16635417 0.000000 0.000000 0.000000 6.95705860e+012 3.49652285e+012 1.84521865e+012 1.07076018e+012 6.27582567e+011 1.48193263e+011 1.80894262e+010 1.85909454e+009 2.36374157e+008 5.78478441e+007 1.74154173e+007 6.35359200e+006 2.64495899e+006 1.34848344e+006 8.25331679e+005 5.57186244e+005 4.18147093e+005 2.43743405e+005 1.20195796e+005 3.78400884e+004 9.85487700e+003 6.17290688e+002 1.83846716e+001 1.62740343e-001 0.00000000e+000
61413.32835648 0.000000 0.000000 0.000000 7.00808147e+012 3.51491132e+012 1.84860044e+012 1.07153319e+012 6.27859954e+011 1.48228029e+011 1.80896491e+010 1.85909497e+009 2.36374157e+008 5.78478441e+007 1.74154173e+007 6.35359200e+006 2.64495899e+006 1.34848344e+006 8.25331679e+005 5.57186244e+005 4.18147093e+005 2.43743405e+005 1.20195796e+005 3.78400884e+004 9.85487700e+003 6.17290688e+002 1.83846716e+001 1.62740343e-001 0.00000000e+000
61413.49035880 0.000000 0.000000 0.000000 8.03979204e+012 4.07221324e+012 2.19783642e+012 1.28018788e+012 7.45878181e+011 1.75451964e+011 2.17910843e+010 2.28154804e+009 2.94595166e+008 7.32925620e+007 2.23313239e+007 8.22968942e+006 3.44471562e+006 1.76044038e+006 1.07996732e+006 7.28062662e+005 5.43883577e+005 3.15034612e+005 1.54560738e+005 4.83086910e+004 1.24240751e+004 7.65536654e+002 2.18284503e+001 1.88309577e-001 0.00000000e+000
61413.65236111 0.000000 0.000000 0.000000 8.74858555e+012 4.43285339e+012 2.40728208e+012 1.39978371e+012 8.11384771e+011 1.87661452e+011 2.25706877e+010 2.29865138e+009 2.95387181e+008 7.34397300e+007 2.23570481e+007 8.23486242e+006 3.44605063e+006 1.76100351e+006 1.08019746e+006 7.28178668e+005 5.43947060e+005 3.15053471e+005 1.54565294e+005 4.83091860e+004 1.24240751e+004 7.65536654e+002 2.18284503e+001 1.88309577e-001 0.00000000e+000
61413.81436343 0.000000 0.000000 0.000000 8.75040353e+012 4.43347139e+012 2.40737924e+012 1.39980032e+012 8.11388713e+011 1.87661631e+011 2.25706885e+010 2.29865138e+009 2.95387181e+008 7.34397300e+007 2.23570481e+007 8.23486242e+006 3.44605063e+006 1.76100351e+006 1.08019746e+006 7.28178668e+005 5.43947060e+005 3.15053471e+005 1.54565294e+005 4.83091860e+004 1.24240751e+004 7.65536654e+002 2.18284503e+001 1.88309577e-001 0.00000000e+000
61413.97636574 0.000000 0.000000 0.000000 8.75040353e+012 4.43347139e+012 2.40737924e+012 1.39980032e+012 8.11388713e+011 1.87661631e+011 2.25706885e+010 2.29865138e+009 2.95387181e+008 7.34397300e+007 2.23570481e+007 8.23486242e+006 3.44605063e+006 1.76100351e+006 1.08019746e+006 7.28178668e+005 5.43947060e+005 3.15053471e+005 1.54565294e+005 4.83091860e+004 1.24240751e+004 7.65536654e+002 2.18284503e+001 1.88309577e-001 0.00000000e+000
61414.13836806 0.000000 0.000000 0.000000 8.75040353e+012 4.43347139e+012 2.40737924e+012 1.39980032e+012 8.11388713e+011 1.87661631e+011 2.25706885e+010 2.29865138e+009 2.95387181e+008 7.34397300e+007 2.23570481e+007 8.23486242e+006 3.44605063e+006 1.76100351e+006 1.08019746e+006 7.28178668e+005 5.43947060e+005 3.15053471e+005 1.54565294e+005 4.83091860e+004 1.24240751e+004 7.65536654e+002 2.18284503e+001 1.88309577e-001 0.00000000e+000
61414.30037037 0.000000 0.000000 0.000000 8.75500055e+012 4.43507397e+012 2.40763971e+012 1.39984518e+012 8.11399075e+011 1.87662092e+011 2.25706906e+010 2.29865139e+009 2.95387181e+008 7.34397300e+007 2.23570481e+007 8.23486242e+006 3.44605063e+006 1.76100351e+006 1.08019746e+006 7.28178668e+005 5.43947060e+005 3.15053471e+005 1.54565294e+005 4.83091860e+004 1.24240751e+004 7.65536654e+002 2.18284503e+001 1.88309577e-001 0.00000000e+000
61414.46237269 0.000000 0.000000 0.000000 9.57017333e+012 4.86851747e+012 2.69469406e+012 1.57491837e+012 9.09391026e+011 2.06604226e+011 2.39860441e+010 2.34408989e+009 2.97591466e+008 7.38436697e+007 2.24280391e+007 8.25004476e+006 3.45045265e+006 1.76291770e+006 1.08106579e+006 7.28591670e+005 5.44158485e+005 3.15107535e+005 1.54578722e+005 4.83103968e+004 1.24240751e+004 7.65536654e+002 2.18284503e+001 1.88309577e-001 0.00000000e+000
61414.62437500 0.000000 0.000000 0.000000 1.01671321e+013 5.19246074e+012 2.92094022e+012 1.72565893e+012 1.00142367e+012 2.29857280e+011 2.76260248e+010 2.79209210e+009 3.61524594e+008 9.04759093e+007 2.76407440e+007 1.02029671e+007 4.27807196e+006 2.19573592e+006 1.35450477e+006 9.12643142e+005 6.79217081e+005 3.90892624e+005 1.90466328e+005 5.90499354e+004 1.50179662e+004 9.15545788e+002 2.49269254e+001 2.07992502e-001 0.00000000e+000
61414.78637731 0.000000 0.000000 0.000000 1.01724138e+013 5.19433035e+012 2.92125927e+012 1.72572145e+012 1.00144153e+012 2.29858548e+011 2.76260306e+010 2.79209211e+009 3.61524594e+008 9.04759093e+007 2.76407440e+007 1.02029671e+007 4.27807196e+006 2.19573592e+006 1.35450477e+006 9.12643142e+005 6.79217081e+005 3.90892624e+005 1.90466328e+005 5.90499354e+004 1.50179662e+004 9.15545788e+002 2.49269254e+001 2.07992502e-001 0.00000000e+000
61414.94837963 0.000000 0.000000 0.000000 1.01724138e+013 5.19433035e+012 2.92125927e+012 1.72572145e+012 1.00144153e+012 2.29858548e+011 2.76260306e+010 2.79209211e+009 3.61524594e+008 9.04759093e+007 2.76407440e+007 1.02029671e+007 4.27807196e+006 2.19573592e+006 1.35450477e+006 9.12643142e+005 6.79217081e+005 3.90892624e+005 1.90466328e+005 5.90499354e+004 1.50179662e+004 9.15545788e+002 2.49269254e+001 2.07992502e-001 0.00000000e+000
61415.11038194 0.000000 0.000000 0.000000 1.01724138e+013 5.19433035e+012 2.92125927e+012 1.72572145e+012 1.00144153e+012 2.29858548e+011 2.76260306e+010 2.79209211e+009 3.61524594e+008 9.04759093e+007 2.76407440e+007 1.02029671e+007 4.27807196e+006 2.19573592e+006 1.35450477e+006 9.12643142e+005 6.79217081e+005 3.90892624e+005 1.90466328e+005 5.90499354e+004 1.50179662e+004 9.15545788e+002 2.49269254e+001 2.07992502e-001 0.00000000e+000
61415.27238426 0.000000 0.000000 0.000000 1.01724138e+013 5.19433035e+012 2.92125927e+012 1.72572145e+012 1.00144153e+012 2.29858548e+011 2.76260306e+010 2.79209211e+009 3.61524594e+008 9.04759093e+007 2.76407440e+007 1.02029671e+007 4.27807196e+006 2.19573592e+006 1.35450477e+006 9.12643142e+005 6.79217081e+005 3.90892624e+005 1.90466328e+005 5.90499354e+004 1.50179662e+004 9.15545788e+002 2.49269254e+001 2.07992502e-001 0.00000000e+000
61415.43438657 0.000000 0.000000 0.000000 1.01724138e+013 5.19433035e+012 2.92125927e+012 1.72572145e+012 1.00144153e+012 2.29858548e+011 2.76260306e+010 2.79209211e+009 3.61524594e+008 9.04759093e+007 2.76407440e+007 1.02029671e+007 4.27807196e+006 2.19573592e+006 1.35450477e+006 9.12643142e+005 6.79217081e+005 3.90892624e+005 1.90466328e+005 5.90499354e+004 1.50179662e+004 9.15545788e+002 2.49269254e+001 2.07992502e-001 0.00000000e+000
61415.59638889 0.000000 0.000000 0.000000 1.01724138e+013 5.19433035e+012 2.92125927e+012 1.72572145e+012 1.00144153e+012 2.29858548e+011 2.76260306e+010 2.79209211e+009 3.61524594e+008 9.04759093e+007 2.76407440e+007 1.02029671e+007 4.27807196e+006 2.19573592e+006 1.35450477e+006 9.12643142e+005 6.79217081e+005 3.90892624e+005 1.90466328e+005 5.90499354e+004 1.50179662e+004 9.15545788e+002 2.49269254e+001 2.07992502e-001 0.00000000e+000
61415.75839120 0.000000 0.000000 0.000000 1.01725373e+013 5.19436258e+012 2.92126087e+012 1.72572155e+012 1.00144155e+012 2.29858548e+011 2.76260306e+010 2.79209211e+009 3.61524594e+008 9.04759093e+007 2.76407440e+007 1.02029671e+007 4.27807196e+006 2.19573592e+006 1.35450477e+006 9.12643142e+005 6.79217081e+005 3.90892624e+005 1.90466328e+005 5.90499354e+004 1.50179662e+004 9.15545788e+002 2.49269254e+001 2.07992502e-001 0.00000000e+000
61415.92039352 0.000000 0.000000 0.000000 1.03614161e+013 5.26196686e+012 2.93619677e+012 1.72917168e+012 1.00253118e+012 2.30025911e+011 2.76274028e+010 2.79209840e+009 3.61524629e+008 9.04759094e+007 2.76407440e+007 1.02029671e+007 4.27807196e+006 2.19573592e+006 1.35450477e+006 9.12643142e+005 6.79217081e+005 3.90892624e+005 1.90466328e+005 5.90499354e+004 1.50179662e+004 9.15545788e+002 2.49269254e+001 2.07992502e-001 0.00000000e+000
61416.08239583 0.000000 0.000000 0.000000 1.08838086e+013 5.55356579e+012 3.14994995e+012 1.85602645e+012 1.07119823e+012 2.44917228e+011 2.94989697e+010 2.98976955e+009 3.90692696e+008 9.84207974e+007 3.01716999e+007 1.11897845e+007 4.71234516e+006 2.43214411e+006 1.51098041e+006 1.01825780e+006 7.53338249e+005 4.27763282e+005 2.05823660e+005 6.33548931e+004 1.61127749e+004 9.86856302e+002 2.67027424e+001 2.15788862e-001 0.00000000e+000
61416.24439815 0.000000 0.000000 0.000000 1.08888979e+013 5.55533105e+012 3.15024094e+012 1.85608146e+012 1.07121344e+012 2.44918233e+011 2.94989741e+010 2.98976956e+009 3.90692696e+008 9.84207974e+007 3.01716999e+007 1.11897845e+007 4.71234516e+006 2.43214411e+006 1.51098041e+006 1.01825780e+006 7.53338249e+005 4.27763282e+005 2.05823660e+005 6.33548931e+004 1.61127749e+004 9.86856302e+002 2.67027424e+001 2.15788862e-001 0.00000000e+000
61416.40640046 0.000000 0.000000 0.000000 1.08888979e+013 5.55533105e+012 3.15024094e+012 1.85608146e+012 1.07121344e+012 2.44918233e+011 2.94989741e+010 2.98976956e+009 3.90692696e+008 9.84207974e+007 3.01716999e+007 1.11897845e+007 4.71234516e+006 2.43214411e+006 1.51098041e+006 1.01825780e+006 7.53338249e+005 4.27763282e+005 2.05823660e+005 6.33548931e+004 1.61127749e+004 9.86856302e+002 2.67027424e+001 2.15788862e-001 0.00000000e+000
61416.56840278 0.000000 0.000000 0.000000 1.08888979e+013 5.55533105e+012 3.15024094e+012 1.85608146e+012 1.07121344e+012 2.44918233e+011 2.94989741e+010 2.98976956e+009 3.90692696e+008 9.84207974e+007 3.01716999e+007 1.11897845e+007 4.71234516e+006 2.43214411e+006 1.51098041e+006 1.01825780e+006 7.53338249e+005 4.27763282e+005 2.05823660e+005 6.33548931e+004 1.61127749e+004 9.86856302e+002 2.67027424e+001 2.15788862e-001 0.00000000e+000
61416.73040509 0.000000 0.000000 0.000000 1.08888979e+013 5.55533105e+012 3.15024094e+012 1.85608146e+012 1.07121344e+012 2.44918233e+011 2.94989741e+010 2.98976956e+009 3.90692696e+008 9.84207974e+007 3.01716999e+007 1.11897845e+007 4.71234516e+006 2.43214411e+006 1.51098041e+006 1.01825780e+006 7.53338249e+005 4.27763282e+005 2.05823660e+005 6.33548931e+004 1.61127749e+004 9.86856302e+002 2.67027424e+001 2.15788862e-001 0.00000000e+000
61416.89240741 0.000000 0.000000 0.000000 1.08888979e+013 5.55533105e+012 3.15024094e+012 1.85608146e+012 1.07121344e+012 2.44918233e+011 2.94989741e+010 2.98976956e+009 3.90692696e+008 9.84207974e+007 3.01716999e+007 1.11897845e+007 4.71234516e+006 2.43214411e+006 1.51098041e+006 1.01825780e+006 7.53338249e+005 4.27763282e+005 2.05823660e+005 6.33548931e+004 1.61127749e+004 9.86856302e+002 2.67027424e+001 2.15788862e-001 0.00000000e+000
61417.05440972 0.000000 0.000000 0.000000 1.08888979e+013 5.55533105e+012 3.15024094e+012 1.85608146e+012 1.07121344e+012 2.44918233e+011 2.94989741e+010 2.98976956e+009 3.90692696e+008 9.84207974e+007 3.01716999e+007 1.11897845e+007 4.71234516e+006 2.43214411e+006 1.51098041e+006 1.01825780e+006 7.53338249e+005 4.27763282e+005 2.05823660e+005 6.33548931e+004 1.61127749e+004 9.86856302e+002 2.67027424e+001 2.15788862e-001 0.00000000e+000
61417.21641204 0.000000 0.000000 0.000000 1.08888979e+013 5.55533105e+012 3.15024094e+012 1.85608146e+012 1.07121344e+012 2.44918233e+011 2.94989741e+010 2.98976956e+009 3.90692696e+008 9.84207974e+007 3.01716999e+007 1.11897845e+007 4.71234516e+006 2.43214411e+006 1.51098041e+006 1.01825780e+006 7.53338249e+005 4.27763282e+005 2.05823660e+005 6.33548931e+004 1.61127749e+004 9.86856302e+002 2.67027424e+001 2.15788862e-001 0.00000000e+000
61417.37841435 0.000000 0.000000 0.000000 1.08888979e+013 5.55533105e+012 3.15024094e+012 1.85608146e+012 1.07121344e+012 2.44918233e+011 2.94989741e+010 2.98976956e+009 3.90692696e+008 9.84207974e+007 3.01716999e+007 1.11897845e+007 4.71234516e+006 2.43214411e+006 1.51098041e+006 1.01825780e+006 7.53338249e+005 4.27763282e+005 2.05823660e+005 6.33548931e+004 1.61127749e+004 9.86856302e+002 2.67027424e+001 2.15788862e-001 0.00000000e+000
61417.54041667 0.000000 0.000000 0.000000 1.08888979e+013 5.55533105e+012 3.15024094e+012 1.85608146e+012 1.07121344e+012 2.44918233e+011 2.94989741e+010 2.98976956e+009 3.90692696e+008 9.84207974e+007 3.01716999e+007 1.11897845e+007 4.71234516e+006 2.43214411e+006 1.51098041e+006 1.01825780e+006 7.53338249e+005 4.27763282e+005 2.05823660e+005 6.33548931e+004 1.61127749e+004 9.86856302e+002 2.67027424e+001 2.15788862e-001 0.00000000e+000
61417.70241898 0.000000 0.000000 0.000000 1.08888979e+013 5.55533105e+012 3.15024094e+012 1.85608146e+012 1.07121344e+012 2.44918233e+011 2.94989741e+010 2.98976956e+009 3.90692696e+008 9.84207974e+007 3.01716999e+007 1.11897845e+007 4.71234516e+006 2.43214411e+006 1.51098041e+006 1.01825780e+006 7.53338249e+005 4.27763282e+005 2.05823660e+005 6.33548931e+004 1.61127749e+004 9.86856302e+002 2.67027424e+001 2.15788862e-001 0.00000000e+000
61417.86442130 0.000000 0.000000 0.000000 1.08888979e+013 5.55533105e+012 3.15024094e+012 1.85608146e+012 1.07121344e+012 2.44918233e+011 2.94989741e+010 2.98976956e+009 3.90692696e+008 9.84207974e+007 3.01716999e+007 1.11897845e+007 4.71234516e+006 2.43214411e+006 1.51098041e+006 1.01825780e+006 7.53338249e+005 4.27763282e+005 2.05823660e+005 6.33548931e+004 1.61127749e+004 9.86856302e+002 2.67027424e+001 2.15788862e-001 0.00000000e+000
61418.02642361 0.000000 0.000000 0.000000 1.08888979e+013 5.55533105e+012 3.15024094e+012 1.85608146e+012 1.07121344e+012 2.44918233e+011 2.94989741e+010 2.98976956e+009 3.90692696e+008 9.84207974e+007 3.01716999e+007 1.11897845e+007 4.71234516e+006 2.43214411e+006 1.51098041e+006 1.01825780e+006 7.53338249e+005 4.27763282e+005 2.05823660e+005 6.33548931e+004 1.61127749e+004 9.86856302e+002 2.67027424e+001 2.15788862e-001 0.00000000e+000
61418.18842593 0.000000 0.000000 0.000000 1.08888978e+013 5.55533100e+012 3.15024094e+012 1.85608146e+012 1.07121344e+012 2.44918233e+011 2.94989741e+010 2.98976956e+009 3.90692696e+008 9.84207974e+007 3.01716999e+007 1.11897845e+007 4.71234516e+006 2.43214411e+006 1.51098041e+006 1.01825780e+006 7.53338249e+005 4.27763282e+005 2.05823660e+005 6.33548931e+004 1.61127749e+004 9.86856302e+002 2.67027424e+001 2.15788862e-001 0.00000000e+000
61418.35042824 0.000000 0.000000 0.000000 1.09529662e+013 5.57505647e+012 3.15342793e+012 1.85681935e+012 1.07149912e+012 2.44965266e+011 2.94993274e+010 2.98977048e+009 3.90692698e+008 9.84207974e+007 3.01716999e+007 1.11897845e+007 4.71234516e+006 2.43214411e+006 1.51098041e+006 1.01825780e+006 7.53338249e+005 4.27763282e+005 2.05823660e+005 6.33548931e+004 1.61127749e+004 9.86856302e+002 2.67027424e+001 2.15788862e-001 0.00000000e+000
61418.51243056 0.000000 0.000000 0.000000 1.20119119e+013 6.14336400e+012 3.49194026e+012 2.03783710e+012 1.16628878e+012 2.65612098e+011 3.18915202e+010 3.27054011e+009 4.33566491e+008 1.10433674e+008 3.40811195e+007 1.26984984e+007 5.36473473e+006 2.77284936e+006 1.72047630e+006 1.15982111e+006 8.58835347e+005 4.88591281e+005 2.35143779e+005 7.21365831e+004 1.82090722e+004 1.10017083e+003 2.97145095e+001 2.40259151e-001 0.00000000e+000
61418.67443287 0.000000 0.000000 0.000000 1.20340134e+013 6.15061467e+012 3.49313254e+012 2.03811085e+012 1.16639245e+012 2.65626098e+011 3.18916138e+010 3.27054033e+009 4.33566492e+008 1.10433674e+008 3.40811195e+007 1.26984984e+007 5.36473473e+006 2.77284936e+006 1.72047630e+006 1.15982111e+006 8.58835347e+005 4.88591281e+005 2.35143779e+005 7.21365831e+004 1.82090722e+004 1.10017083e+003 2.97145095e+001 2.40259151e-001 0.00000000e+000
61418.83643519 0.000000 0.000000 0.000000 1.20340134e+013 6.15061467e+012 3.49313254e+012 2.03811085e+012 1.16639245e+012 2.65626098e+011 3.18916138e+010 3.27054033e+009 4.33566492e+008 1.10433674e+008 3.40811195e+007 1.26984984e+007 5.36473473e+006 2.77284936e+006 1.72047630e+006 1.15982111e+006 8.58835347e+005 4.88591281e+005 2.35143779e+005 7.21365831e+004 1.82090722e+004 1.10017083e+003 2.97145095e+001 2.40259151e-001 0.00000000e+000
61418.99843750 0.000000 0.000000 0.000000 1.20340134e+013 6.15061467e+012 3.49313254e+012 2.03811085e+012 1.16639245e+012 2.65626098e+011 3.18916138e+010 3.27054033e+009 4.33566492e+008 1.10433674e+008 3.40811195e+007 1.26984984e+007 5.36473473e+006 2.77284936e+006 1.72047630e+006 1.15982111e+006 8.58835347e+005 4.88591281e+005 2.35143779e+005 7.21365831e+004 1.82090722e+004 1.10017083e+003 2.97145095e+001 2.40259151e-001 0.00000000e+000
61419.16043981 0.000000 0.000000 0.000000 1.20340134e+013 6.15061467e+012 3.49313254e+012 2.03811085e+012 1.16639245e+012 2.65626098e+011 3.18916138e+010 3.27054033e+009 4.33566492e+008 1.10433674e+008 3.40811195e+007 1.26984984e+007 5.36473473e+006 2.77284936e+006 1.72047630e+006 1.15982111e+006 8.58835347e+005 4.88591281e+005 2.35143779e+005 7.21365831e+004 1.82090722e+004 1.10017083e+003 2.97145095e+001 2.40259151e-001 0.00000000e+000
61419.32244213 0.000000 0.000000 0.000000 1.20340134e+013 6.15061467e+012 3.49313254e+012 2.03811085e+012 1.16639245e+012 2.65626098e+011 3.18916138e+010 3.27054033e+009 4.33566492e+008 1.10433674e+008 3.40811195e+007 1.26984984e+007 5.36473473e+006 2.77284936e+006 1.72047630e+006 1.15982111e+006 8.58835347e+005 4.88591281e+005 2.35143779e+005 7.21365831e+004 1.82090722e+004 1.10017083e+003 2.97145095e+001 2.40259151e-001 0.00000000e+000
61419.48444444 0.000000 0.000000 0.000000 1.20340134e+013 6.15061467e+012 3.49313254e+012 2.03811085e+012 1.16639245e+012 2.65626098e+011 3.18916138e+010 3.27054033e+009 4.33566492e+008 1.10433674e+008 3.40811195e+007 1.26984984e+007 5.36473473e+006 2.77284936e+006 1.72047630e+006 1.15982111e+006 8.58835347e+005 4.88591281e+005 2.35143779e+005 7.21365831e+004 1.82090722e+004 1.10017083e+003 2.97145095e+001 2.40259151e-001 0.00000000e+000
61419.64644676 0.000000 0.000000 0.000000 1.20340134e+013 6.15061467e+012 3.49313254e+012 2.03811085e+012 1.16639245e+012 2.65626098e+011 3.18916138e+010 3.27054033e+009 4.33566492e+008 1.10433674e+008 3.40811195e+007 1.26984984e+007 5.36473473e+006 2.77284936e+006 1.72047630e+006 1.15982111e+006 8.58835347e+005 4.88591281e+005 2.35143779e+005 7.21365831e+004 1.82090722e+004 1.10017083e+003 2.97145095e+001 2.40259151e-001 0.00000000e+000
61419.80844907 0.000000 0.000000 0.000000 1.20340134e+013 6.15061467e+012 3.49313254e+012 2.03811085e+012 1.16639245e+012 2.65626098e+011 3.18916138e+010 3.27054033e+009 4.33566492e+008 1.10433674e+008 3.40811195e+007 1.26984984e+007 5.36473473e+006 2.77284936e+006 1.72047630e+006 1.15982111e+006 8.58835347e+005 4.88591281e+005 2.35143779e+005 7.21365831e+004 1.82090722e+004 1.10017083e+003 2.97145095e+001 2.40259151e-001 0.00000000e+000
61419.97045139 0.000000 0.000000 0.000000 1.20340134e+013 6.15061467e+012 3.49313254e+012 2.03811085e+012 1.16639245e+012 2.65626098e+011 3.18916138e+010 3.27054033e+009 4.33566492e+008 1.10433674e+008 3.40811195e+007 1.26984984e+007 5.36473473e+006 2.77284936e+006 1.72047630e+006 1.15982111e+006 8.58835347e+005 4.88591281e+005 2.35143779e+005 7.21365831e+004 1.82090722e+004 1.10017083e+003 2.97145095e+001 2.40259151e-001 0.00000000e+000
61420.13245370 0.000000 0.000000 0.000000 1.20340134e+013 6.15061467e+012 3.49313254e+012 2.03811085e+012 1.16639245e+012 2.65626098e+011 3.18916138e+010 3.27054033e+009 4.33566492e+008 1.10433674e+008 3.40811195e+007 1.26984984e+007 5.36473473e+006 2.77284936e+006 1.72047630e+006 1.15982111e+006 8.58835347e+005 4.88591281e+005 2.35143779e+005 7.21365831e+004 1.82090722e+004 1.10017083e+003 2.97145095e+001 2.40259151e-001 0.00000000e+000
61420.29445602 0.000000 0.000000 0.000000 1.20340134e+013 6.15061467e+012 3.49313254e+012 2.03811085e+012 1.16639245e+012 2.65626098e+011 3.18916138e+010 3.27054033e+009 4.33566492e+008 1.10433674e+008 3.40811195e+007 1.26984984e+007 5.36473473e+006 2.77284936e+006 1.72047630e+006 1.15982111e+006 8.58835347e+005 4.88591281e+005 2.35143779e+005 7.21365831e+004 1.82090722e+004 1.10017083e+003 2.97145095e+001 2.40259151e-001 0.00000000e+000
61420.45645833 0.000000 0.000000 0.000000 1.20340134e+013 6.15061467e+012 3.49313254e+012 2.03811085e+012 1.16639245e+012 2.65626098e+011 3.18916138e+010 3.27054033e+009 4.33566492e+008 1.10433674e+008 3.40811195e+007 1.26984984e+007 5.36473473e+006 2.77284936e+006 1.72047630e+006 1.15982111e+006 8.58835347e+005 4.88591281e+005 2.35143779e+005 7.21365831e+004 1.82090722e+004 1.10017083e+003 2.97145095e+001 2.40259151e-001 0.00000000e+000
61420.55915852 0.000000 0.000000 0.000000 1.20340134e+013 6.15061467e+012 3.49313254e+012 2.03811085e+012 1.16639245e+012 2.65626098e+011 3.18916138e+010 3.27054033e+009 4.33566492e+008 1.10433674e+008 3.40811195e+007 1.26984984e+007 5.36473473e+006 2.77284936e+006 1.72047630e+006 1.15982111e+006 8.58835347e+005 4.88591281e+005 2.35143779e+005 7.21365831e+004 1.82090722e+004 1.10017083e+003 2.97145095e+001 2.40259151e-001 0.00000000e+000
