# Ae9Ap9 Model output file: MoonBEAM_trajectory_trade/Rp18408_COM_8per90prop30inc_Tran.AP9.output_mc_fluenceIntv_037.txt
# Ae9Ap9 Software Version:  1.50.001
#
# Model type:               AP9
# Particle species:         H+
# Flux type:                1PtDiff
# Flux direction:           Omnidirectional
# Energy levels (MeV):       0.1 0.2 0.4 0.6 0.8 1 2 4 6 8 10 15 20 30 50 60 80 100 150 200 300 400 700 1200 2000
#
# Accumulation mode:        Interval, length = 13997 seconds (0.162002 days)
#
# Time format:              Modified Julian Date
# Coordinate system:        GEI (Geocentric Equatorial Inertial) Cartesian in km
# Data Delimiter:           space
#
# datetime(mjd),posx(km),posy(km),posz(km),fluence,fluence,fluence,fluence,fluence,fluence,fluence,fluence,fluence,fluence,fluence,fluence,fluence,fluence,fluence,fluence,fluence,fluence,fluence,fluence,fluence,fluence,fluence,fluence,fluence(#/cm^2/MeV)
61411.87033565 0.000000 0.000000 0.000000 2.06741723e+012 1.17169246e+012 5.85413055e+011 2.93631830e+011 1.51268460e+011 3.34210707e+010 3.10620404e+009 2.60584176e+008 3.21338679e+007 7.94541469e+006 2.66804696e+006 1.06477974e+006 4.72784690e+005 2.40084404e+005 1.62467587e+005 1.11179526e+005 8.63473791e+004 5.00307539e+004 2.48598840e+004 8.73882434e+003 2.54100768e+003 1.45475208e+002 1.95043471e+000 3.98277826e-003 0.00000000e+000
61412.03233796 0.000000 0.000000 0.000000 2.32719406e+012 1.23405120e+012 5.91223663e+011 2.94703794e+011 1.51658512e+011 3.34879155e+010 3.10667708e+009 2.60585691e+008 3.21338744e+007 7.94541469e+006 2.66804696e+006 1.06477974e+006 4.72784690e+005 2.40084404e+005 1.62467587e+005 1.11179526e+005 8.63473791e+004 5.00307539e+004 2.48598840e+004 8.73882434e+003 2.54100768e+003 1.45475208e+002 1.95043471e+000 3.98277826e-003 0.00000000e+000
61412.19434028 0.000000 0.000000 0.000000 3.20471453e+012 1.65336349e+012 7.21038417e+011 3.33096667e+011 1.64971864e+011 3.56756250e+010 3.29714343e+009 2.73177467e+008 3.37310618e+007 8.54801294e+006 2.94295738e+006 1.19583832e+006 5.32526182e+005 2.70626040e+005 1.82602724e+005 1.24163780e+005 9.52754667e+004 5.40307660e+004 2.63346336e+004 9.10672376e+003 2.63510424e+003 1.48425307e+002 1.96460635e+000 3.98277826e-003 0.00000000e+000
61412.35634259 0.000000 0.000000 0.000000 3.46636938e+012 1.72950488e+012 7.31075174e+011 3.34756202e+011 1.65408589e+011 3.57351095e+010 3.29765143e+009 2.73180655e+008 3.37310856e+007 8.54801301e+006 2.94295738e+006 1.19583832e+006 5.32526182e+005 2.70626040e+005 1.82602724e+005 1.24163780e+005 9.52754667e+004 5.40307660e+004 2.63346336e+004 9.10672376e+003 2.63510424e+003 1.48425307e+002 1.96460635e+000 3.98277826e-003 0.00000000e+000
61412.51834491 0.000000 0.000000 0.000000 3.49762156e+012 1.73812543e+012 7.32347089e+011 3.35039619e+011 1.65507183e+011 3.57452204e+010 3.29770070e+009 2.73180737e+008 3.37310856e+007 8.54801301e+006 2.94295738e+006 1.19583832e+006 5.32526182e+005 2.70626040e+005 1.82602724e+005 1.24163780e+005 9.52754667e+004 5.40307660e+004 2.63346336e+004 9.10672376e+003 2.63510424e+003 1.48425307e+002 1.96460635e+000 3.98277826e-003 0.00000000e+000
61412.68034722 0.000000 0.000000 0.000000 4.67202283e+012 2.33186784e+012 1.00396421e+012 4.54907890e+011 2.19217493e+011 4.29847559e+010 3.54533606e+009 2.75300430e+008 3.38020778e+007 8.55628417e+006 2.94446880e+006 1.19659530e+006 5.33060628e+005 2.70899478e+005 1.82749885e+005 1.24224908e+005 9.53011827e+004 5.40355405e+004 2.63348932e+004 9.10667123e+003 2.63510424e+003 1.48425307e+002 1.96460635e+000 3.98277826e-003 0.00000000e+000
61412.84234954 0.000000 0.000000 0.000000 5.82418103e+012 3.10977658e+012 1.51719404e+012 7.61078622e+011 3.93754597e+011 8.86667628e+010 9.21424783e+009 8.79164439e+008 1.38050290e+008 4.20341685e+007 1.50243674e+007 5.75401060e+006 2.44032654e+006 1.23708860e+006 8.15937478e+005 5.51518838e+005 4.35261861e+005 2.69152388e+005 1.45577187e+005 5.76619925e+004 1.91608016e+004 1.50200786e+003 3.53017513e+001 2.84447692e-001 0.00000000e+000
61413.00435185 0.000000 0.000000 0.000000 5.86067053e+012 3.11931913e+012 1.51840508e+012 7.61349521e+011 3.93855113e+011 8.86807770e+010 9.21433123e+009 8.79164617e+008 1.38050291e+008 4.20341685e+007 1.50243674e+007 5.75401060e+006 2.44032654e+006 1.23708860e+006 8.15937478e+005 5.51518838e+005 4.35261861e+005 2.69152388e+005 1.45577187e+005 5.76619925e+004 1.91608016e+004 1.50200786e+003 3.53017513e+001 2.84447692e-001 0.00000000e+000
61413.16635417 0.000000 0.000000 0.000000 5.86183535e+012 3.11967266e+012 1.51844700e+012 7.61354544e+011 3.93855739e+011 8.86807957e+010 9.21433131e+009 8.79164618e+008 1.38050291e+008 4.20341685e+007 1.50243674e+007 5.75401060e+006 2.44032654e+006 1.23708860e+006 8.15937478e+005 5.51518838e+005 4.35261861e+005 2.69152388e+005 1.45577187e+005 5.76619925e+004 1.91608016e+004 1.50200786e+003 3.53017513e+001 2.84447692e-001 0.00000000e+000
61413.32835648 0.000000 0.000000 0.000000 5.88302449e+012 3.12550782e+012 1.51930519e+012 7.61551854e+011 3.93925621e+011 8.86888734e+010 9.21437246e+009 8.79164682e+008 1.38050291e+008 4.20341685e+007 1.50243674e+007 5.75401060e+006 2.44032654e+006 1.23708860e+006 8.15937478e+005 5.51518838e+005 4.35261861e+005 2.69152388e+005 1.45577187e+005 5.76619925e+004 1.91608016e+004 1.50200786e+003 3.53017513e+001 2.84447692e-001 0.00000000e+000
61413.49035880 0.000000 0.000000 0.000000 6.69569010e+012 3.61955229e+012 1.80614220e+012 9.06013474e+011 4.66454730e+011 1.04793756e+011 1.12404553e+010 1.07392393e+009 1.70501835e+008 5.25852694e+007 1.90650801e+007 7.39544005e+006 3.16530949e+006 1.60821889e+006 1.06321552e+006 7.20005233e+005 5.68299094e+005 3.50256678e+005 1.88379664e+005 7.41619529e+004 2.44830296e+004 1.89630649e+003 4.32322843e+001 3.31339736e-001 0.00000000e+000
61413.65236111 0.000000 0.000000 0.000000 7.19120605e+012 3.89590771e+012 1.96360495e+012 9.84541433e+011 5.05002138e+011 1.11437189e+011 1.16204149e+010 1.08247385e+009 1.70818954e+008 5.26354108e+007 1.90744346e+007 7.39847999e+006 3.16685389e+006 1.60928531e+006 1.06385980e+006 7.20282052e+005 5.68415453e+005 3.50285774e+005 1.88384583e+005 7.41623717e+004 2.44830296e+004 1.89630649e+003 4.32322843e+001 3.31339736e-001 0.00000000e+000
61413.81436343 0.000000 0.000000 0.000000 7.19191946e+012 3.89612538e+012 1.96363520e+012 9.84546775e+011 5.05003493e+011 1.11437240e+011 1.16204151e+010 1.08247385e+009 1.70818954e+008 5.26354108e+007 1.90744346e+007 7.39847999e+006 3.16685389e+006 1.60928531e+006 1.06385980e+006 7.20282052e+005 5.68415453e+005 3.50285774e+005 1.88384583e+005 7.41623717e+004 2.44830296e+004 1.89630649e+003 4.32322843e+001 3.31339736e-001 0.00000000e+000
61413.97636574 0.000000 0.000000 0.000000 7.19191946e+012 3.89612538e+012 1.96363520e+012 9.84546775e+011 5.05003493e+011 1.11437240e+011 1.16204151e+010 1.08247385e+009 1.70818954e+008 5.26354108e+007 1.90744346e+007 7.39847999e+006 3.16685389e+006 1.60928531e+006 1.06385980e+006 7.20282052e+005 5.68415453e+005 3.50285774e+005 1.88384583e+005 7.41623717e+004 2.44830296e+004 1.89630649e+003 4.32322843e+001 3.31339736e-001 0.00000000e+000
61414.13836806 0.000000 0.000000 0.000000 7.19191946e+012 3.89612538e+012 1.96363520e+012 9.84546775e+011 5.05003493e+011 1.11437240e+011 1.16204151e+010 1.08247385e+009 1.70818954e+008 5.26354108e+007 1.90744346e+007 7.39847999e+006 3.16685389e+006 1.60928531e+006 1.06385980e+006 7.20282052e+005 5.68415453e+005 3.50285774e+005 1.88384583e+005 7.41623717e+004 2.44830296e+004 1.89630649e+003 4.32322843e+001 3.31339736e-001 0.00000000e+000
61414.30037037 0.000000 0.000000 0.000000 7.19361910e+012 3.89667716e+012 1.96371621e+012 9.84561596e+011 5.05007233e+011 1.11437387e+011 1.16204157e+010 1.08247385e+009 1.70818954e+008 5.26354108e+007 1.90744346e+007 7.39847999e+006 3.16685389e+006 1.60928531e+006 1.06385980e+006 7.20282052e+005 5.68415453e+005 3.50285774e+005 1.88384583e+005 7.41623717e+004 2.44830296e+004 1.89630649e+003 4.32322843e+001 3.31339736e-001 0.00000000e+000
61414.46237269 0.000000 0.000000 0.000000 7.72753214e+012 4.21456406e+012 2.17429586e+012 1.09932556e+012 5.63602187e+011 1.22035557e+011 1.23662028e+010 1.10367256e+009 1.71603496e+008 5.27612491e+007 1.90994150e+007 7.40605725e+006 3.17072565e+006 1.61195078e+006 1.06575815e+006 7.21142292e+005 5.68793190e+005 3.50364888e+005 1.88397150e+005 7.41632927e+004 2.44830296e+004 1.89630649e+003 4.32322843e+001 3.31339736e-001 0.00000000e+000
61414.62437500 0.000000 0.000000 0.000000 8.11432874e+012 4.46641956e+012 2.35416790e+012 1.20703824e+012 6.23880240e+011 1.36791909e+011 1.44802573e+010 1.31460620e+009 2.06532389e+008 6.37035209e+007 2.32081261e+007 9.06628588e+006 3.90757094e+006 1.99324585e+006 1.32300386e+006 8.96960689e+005 7.07229038e+005 4.34040643e+005 2.32045891e+005 9.08799954e+004 2.97592236e+004 2.26761507e+003 4.97347668e+001 3.64878596e-001 0.00000000e+000
61414.78637731 0.000000 0.000000 0.000000 8.11609705e+012 4.46695672e+012 2.35425002e+012 1.20705483e+012 6.23885394e+011 1.36792223e+011 1.44802585e+010 1.31460620e+009 2.06532389e+008 6.37035209e+007 2.32081261e+007 9.06628588e+006 3.90757094e+006 1.99324585e+006 1.32300386e+006 8.96960689e+005 7.07229038e+005 4.34040643e+005 2.32045891e+005 9.08799954e+004 2.97592236e+004 2.26761507e+003 4.97347668e+001 3.64878596e-001 0.00000000e+000
61414.94837963 0.000000 0.000000 0.000000 8.11609705e+012 4.46695672e+012 2.35425002e+012 1.20705483e+012 6.23885394e+011 1.36792223e+011 1.44802585e+010 1.31460620e+009 2.06532389e+008 6.37035209e+007 2.32081261e+007 9.06628588e+006 3.90757094e+006 1.99324585e+006 1.32300386e+006 8.96960689e+005 7.07229038e+005 4.34040643e+005 2.32045891e+005 9.08799954e+004 2.97592236e+004 2.26761507e+003 4.97347668e+001 3.64878596e-001 0.00000000e+000
61415.11038194 0.000000 0.000000 0.000000 8.11609705e+012 4.46695672e+012 2.35425002e+012 1.20705483e+012 6.23885394e+011 1.36792223e+011 1.44802585e+010 1.31460620e+009 2.06532389e+008 6.37035209e+007 2.32081261e+007 9.06628588e+006 3.90757094e+006 1.99324585e+006 1.32300386e+006 8.96960689e+005 7.07229038e+005 4.34040643e+005 2.32045891e+005 9.08799954e+004 2.97592236e+004 2.26761507e+003 4.97347668e+001 3.64878596e-001 0.00000000e+000
61415.27238426 0.000000 0.000000 0.000000 8.11609705e+012 4.46695672e+012 2.35425002e+012 1.20705483e+012 6.23885394e+011 1.36792223e+011 1.44802585e+010 1.31460620e+009 2.06532389e+008 6.37035209e+007 2.32081261e+007 9.06628588e+006 3.90757094e+006 1.99324585e+006 1.32300386e+006 8.96960689e+005 7.07229038e+005 4.34040643e+005 2.32045891e+005 9.08799954e+004 2.97592236e+004 2.26761507e+003 4.97347668e+001 3.64878596e-001 0.00000000e+000
61415.43438657 0.000000 0.000000 0.000000 8.11609705e+012 4.46695672e+012 2.35425002e+012 1.20705483e+012 6.23885394e+011 1.36792223e+011 1.44802585e+010 1.31460620e+009 2.06532389e+008 6.37035209e+007 2.32081261e+007 9.06628588e+006 3.90757094e+006 1.99324585e+006 1.32300386e+006 8.96960689e+005 7.07229038e+005 4.34040643e+005 2.32045891e+005 9.08799954e+004 2.97592236e+004 2.26761507e+003 4.97347668e+001 3.64878596e-001 0.00000000e+000
61415.59638889 0.000000 0.000000 0.000000 8.11609705e+012 4.46695672e+012 2.35425002e+012 1.20705483e+012 6.23885394e+011 1.36792223e+011 1.44802585e+010 1.31460620e+009 2.06532389e+008 6.37035209e+007 2.32081261e+007 9.06628588e+006 3.90757094e+006 1.99324585e+006 1.32300386e+006 8.96960689e+005 7.07229038e+005 4.34040643e+005 2.32045891e+005 9.08799954e+004 2.97592236e+004 2.26761507e+003 4.97347668e+001 3.64878596e-001 0.00000000e+000
61415.75839120 0.000000 0.000000 0.000000 8.11613461e+012 4.46696607e+012 2.35425048e+012 1.20705485e+012 6.23885398e+011 1.36792223e+011 1.44802585e+010 1.31460620e+009 2.06532389e+008 6.37035209e+007 2.32081261e+007 9.06628588e+006 3.90757094e+006 1.99324585e+006 1.32300386e+006 8.96960689e+005 7.07229038e+005 4.34040643e+005 2.32045891e+005 9.08799954e+004 2.97592236e+004 2.26761507e+003 4.97347668e+001 3.64878596e-001 0.00000000e+000
61415.92039352 0.000000 0.000000 0.000000 8.18291642e+012 4.49001200e+012 2.35881305e+012 1.20800922e+012 6.24166760e+011 1.36833579e+011 1.44806013e+010 1.31460860e+009 2.06532409e+008 6.37035209e+007 2.32081261e+007 9.06628588e+006 3.90757094e+006 1.99324585e+006 1.32300386e+006 8.96960689e+005 7.07229038e+005 4.34040643e+005 2.32045891e+005 9.08799954e+004 2.97592236e+004 2.26761507e+003 4.97347668e+001 3.64878596e-001 0.00000000e+000
61416.08239583 0.000000 0.000000 0.000000 8.44236601e+012 4.67184687e+012 2.50294753e+012 1.29047572e+012 6.67508272e+011 1.46050473e+011 1.57239573e+010 1.40892972e+009 2.21243644e+008 6.83589064e+007 2.51016372e+007 9.91666506e+006 4.31302448e+006 2.21323422e+006 1.48247062e+006 1.00953992e+006 7.95900030e+005 4.85208393e+005 2.57143243e+005 1.00685509e+005 3.32115960e+004 2.55342945e+003 5.50962657e+001 3.78226452e-001 0.00000000e+000
61416.24439815 0.000000 0.000000 0.000000 8.44394241e+012 4.67233004e+012 2.50302109e+012 1.29049036e+012 6.67512724e+011 1.46050727e+011 1.57239583e+010 1.40892972e+009 2.21243644e+008 6.83589064e+007 2.51016372e+007 9.91666506e+006 4.31302448e+006 2.21323422e+006 1.48247062e+006 1.00953992e+006 7.95900030e+005 4.85208393e+005 2.57143243e+005 1.00685509e+005 3.32115960e+004 2.55342945e+003 5.50962657e+001 3.78226452e-001 0.00000000e+000
61416.40640046 0.000000 0.000000 0.000000 8.44394241e+012 4.67233004e+012 2.50302109e+012 1.29049036e+012 6.67512724e+011 1.46050727e+011 1.57239583e+010 1.40892972e+009 2.21243644e+008 6.83589064e+007 2.51016372e+007 9.91666506e+006 4.31302448e+006 2.21323422e+006 1.48247062e+006 1.00953992e+006 7.95900030e+005 4.85208393e+005 2.57143243e+005 1.00685509e+005 3.32115960e+004 2.55342945e+003 5.50962657e+001 3.78226452e-001 0.00000000e+000
61416.56840278 0.000000 0.000000 0.000000 8.44394241e+012 4.67233004e+012 2.50302109e+012 1.29049036e+012 6.67512724e+011 1.46050727e+011 1.57239583e+010 1.40892972e+009 2.21243644e+008 6.83589064e+007 2.51016372e+007 9.91666506e+006 4.31302448e+006 2.21323422e+006 1.48247062e+006 1.00953992e+006 7.95900030e+005 4.85208393e+005 2.57143243e+005 1.00685509e+005 3.32115960e+004 2.55342945e+003 5.50962657e+001 3.78226452e-001 0.00000000e+000
61416.73040509 0.000000 0.000000 0.000000 8.44394241e+012 4.67233004e+012 2.50302109e+012 1.29049036e+012 6.67512724e+011 1.46050727e+011 1.57239583e+010 1.40892972e+009 2.21243644e+008 6.83589064e+007 2.51016372e+007 9.91666506e+006 4.31302448e+006 2.21323422e+006 1.48247062e+006 1.00953992e+006 7.95900030e+005 4.85208393e+005 2.57143243e+005 1.00685509e+005 3.32115960e+004 2.55342945e+003 5.50962657e+001 3.78226452e-001 0.00000000e+000
61416.89240741 0.000000 0.000000 0.000000 8.44394241e+012 4.67233004e+012 2.50302109e+012 1.29049036e+012 6.67512724e+011 1.46050727e+011 1.57239583e+010 1.40892972e+009 2.21243644e+008 6.83589064e+007 2.51016372e+007 9.91666506e+006 4.31302448e+006 2.21323422e+006 1.48247062e+006 1.00953992e+006 7.95900030e+005 4.85208393e+005 2.57143243e+005 1.00685509e+005 3.32115960e+004 2.55342945e+003 5.50962657e+001 3.78226452e-001 0.00000000e+000
61417.05440972 0.000000 0.000000 0.000000 8.44394241e+012 4.67233004e+012 2.50302109e+012 1.29049036e+012 6.67512724e+011 1.46050727e+011 1.57239583e+010 1.40892972e+009 2.21243644e+008 6.83589064e+007 2.51016372e+007 9.91666506e+006 4.31302448e+006 2.21323422e+006 1.48247062e+006 1.00953992e+006 7.95900030e+005 4.85208393e+005 2.57143243e+005 1.00685509e+005 3.32115960e+004 2.55342945e+003 5.50962657e+001 3.78226452e-001 0.00000000e+000
61417.21641204 0.000000 0.000000 0.000000 8.44394241e+012 4.67233004e+012 2.50302109e+012 1.29049036e+012 6.67512724e+011 1.46050727e+011 1.57239583e+010 1.40892972e+009 2.21243644e+008 6.83589064e+007 2.51016372e+007 9.91666506e+006 4.31302448e+006 2.21323422e+006 1.48247062e+006 1.00953992e+006 7.95900030e+005 4.85208393e+005 2.57143243e+005 1.00685509e+005 3.32115960e+004 2.55342945e+003 5.50962657e+001 3.78226452e-001 0.00000000e+000
61417.37841435 0.000000 0.000000 0.000000 8.44394241e+012 4.67233004e+012 2.50302109e+012 1.29049036e+012 6.67512724e+011 1.46050727e+011 1.57239583e+010 1.40892972e+009 2.21243644e+008 6.83589064e+007 2.51016372e+007 9.91666506e+006 4.31302448e+006 2.21323422e+006 1.48247062e+006 1.00953992e+006 7.95900030e+005 4.85208393e+005 2.57143243e+005 1.00685509e+005 3.32115960e+004 2.55342945e+003 5.50962657e+001 3.78226452e-001 0.00000000e+000
61417.54041667 0.000000 0.000000 0.000000 8.44394241e+012 4.67233004e+012 2.50302109e+012 1.29049036e+012 6.67512724e+011 1.46050727e+011 1.57239583e+010 1.40892972e+009 2.21243644e+008 6.83589064e+007 2.51016372e+007 9.91666506e+006 4.31302448e+006 2.21323422e+006 1.48247062e+006 1.00953992e+006 7.95900030e+005 4.85208393e+005 2.57143243e+005 1.00685509e+005 3.32115960e+004 2.55342945e+003 5.50962657e+001 3.78226452e-001 0.00000000e+000
61417.70241898 0.000000 0.000000 0.000000 8.44394241e+012 4.67233004e+012 2.50302109e+012 1.29049036e+012 6.67512724e+011 1.46050727e+011 1.57239583e+010 1.40892972e+009 2.21243644e+008 6.83589064e+007 2.51016372e+007 9.91666506e+006 4.31302448e+006 2.21323422e+006 1.48247062e+006 1.00953992e+006 7.95900030e+005 4.85208393e+005 2.57143243e+005 1.00685509e+005 3.32115960e+004 2.55342945e+003 5.50962657e+001 3.78226452e-001 0.00000000e+000
61417.86442130 0.000000 0.000000 0.000000 8.44394241e+012 4.67233004e+012 2.50302109e+012 1.29049036e+012 6.67512724e+011 1.46050727e+011 1.57239583e+010 1.40892972e+009 2.21243644e+008 6.83589064e+007 2.51016372e+007 9.91666506e+006 4.31302448e+006 2.21323422e+006 1.48247062e+006 1.00953992e+006 7.95900030e+005 4.85208393e+005 2.57143243e+005 1.00685509e+005 3.32115960e+004 2.55342945e+003 5.50962657e+001 3.78226452e-001 0.00000000e+000
61418.02642361 0.000000 0.000000 0.000000 8.44394241e+012 4.67233004e+012 2.50302109e+012 1.29049036e+012 6.67512724e+011 1.46050727e+011 1.57239583e+010 1.40892972e+009 2.21243644e+008 6.83589064e+007 2.51016372e+007 9.91666506e+006 4.31302448e+006 2.21323422e+006 1.48247062e+006 1.00953992e+006 7.95900030e+005 4.85208393e+005 2.57143243e+005 1.00685509e+005 3.32115960e+004 2.55342945e+003 5.50962657e+001 3.78226452e-001 0.00000000e+000
61418.18842593 0.000000 0.000000 0.000000 8.44394234e+012 4.67233002e+012 2.50302109e+012 1.29049036e+012 6.67512724e+011 1.46050727e+011 1.57239583e+010 1.40892972e+009 2.21243644e+008 6.83589064e+007 2.51016372e+007 9.91666506e+006 4.31302448e+006 2.21323422e+006 1.48247062e+006 1.00953992e+006 7.95900030e+005 4.85208393e+005 2.57143243e+005 1.00685509e+005 3.32115960e+004 2.55342945e+003 5.50962657e+001 3.78226452e-001 0.00000000e+000
61418.35042824 0.000000 0.000000 0.000000 8.46893352e+012 4.67908709e+012 2.50389847e+012 1.29068611e+012 6.67587303e+011 1.46062239e+011 1.57240352e+010 1.40892995e+009 2.21243645e+008 6.83589064e+007 2.51016372e+007 9.91666506e+006 4.31302448e+006 2.21323422e+006 1.48247062e+006 1.00953992e+006 7.95900030e+005 4.85208393e+005 2.57143243e+005 1.00685509e+005 3.32115960e+004 2.55342945e+003 5.50962657e+001 3.78226452e-001 0.00000000e+000
61418.51243056 0.000000 0.000000 0.000000 9.07580741e+012 5.04636934e+012 2.72683592e+012 1.40993844e+012 7.30008805e+011 1.59278765e+011 1.72685968e+010 1.53698208e+009 2.42439355e+008 7.55455997e+007 2.79406067e+007 1.11235344e+007 4.86534295e+006 2.49986154e+006 1.67410661e+006 1.14134222e+006 9.00496345e+005 5.48865268e+005 2.90216804e+005 1.13164248e+005 3.71955078e+004 2.81835765e+003 6.03338964e+001 4.08344218e-001 0.00000000e+000
61418.67443287 0.000000 0.000000 0.000000 9.08439713e+012 5.04866166e+012 2.72715688e+012 1.41001362e+012 7.30037240e+011 1.59282433e+011 1.72686185e+010 1.53698213e+009 2.42439355e+008 7.55455997e+007 2.79406067e+007 1.11235344e+007 4.86534295e+006 2.49986154e+006 1.67410661e+006 1.14134222e+006 9.00496345e+005 5.48865268e+005 2.90216804e+005 1.13164248e+005 3.71955078e+004 2.81835765e+003 6.03338964e+001 4.08344218e-001 0.00000000e+000
61418.83643519 0.000000 0.000000 0.000000 9.08439713e+012 5.04866166e+012 2.72715688e+012 1.41001362e+012 7.30037240e+011 1.59282433e+011 1.72686185e+010 1.53698213e+009 2.42439355e+008 7.55455997e+007 2.79406067e+007 1.11235344e+007 4.86534295e+006 2.49986154e+006 1.67410661e+006 1.14134222e+006 9.00496345e+005 5.48865268e+005 2.90216804e+005 1.13164248e+005 3.71955078e+004 2.81835765e+003 6.03338964e+001 4.08344218e-001 0.00000000e+000
61418.99843750 0.000000 0.000000 0.000000 9.08439713e+012 5.04866166e+012 2.72715688e+012 1.41001362e+012 7.30037240e+011 1.59282433e+011 1.72686185e+010 1.53698213e+009 2.42439355e+008 7.55455997e+007 2.79406067e+007 1.11235344e+007 4.86534295e+006 2.49986154e+006 1.67410661e+006 1.14134222e+006 9.00496345e+005 5.48865268e+005 2.90216804e+005 1.13164248e+005 3.71955078e+004 2.81835765e+003 6.03338964e+001 4.08344218e-001 0.00000000e+000
61419.16043981 0.000000 0.000000 0.000000 9.08439713e+012 5.04866166e+012 2.72715688e+012 1.41001362e+012 7.30037240e+011 1.59282433e+011 1.72686185e+010 1.53698213e+009 2.42439355e+008 7.55455997e+007 2.79406067e+007 1.11235344e+007 4.86534295e+006 2.49986154e+006 1.67410661e+006 1.14134222e+006 9.00496345e+005 5.48865268e+005 2.90216804e+005 1.13164248e+005 3.71955078e+004 2.81835765e+003 6.03338964e+001 4.08344218e-001 0.00000000e+000
61419.32244213 0.000000 0.000000 0.000000 9.08439713e+012 5.04866166e+012 2.72715688e+012 1.41001362e+012 7.30037240e+011 1.59282433e+011 1.72686185e+010 1.53698213e+009 2.42439355e+008 7.55455997e+007 2.79406067e+007 1.11235344e+007 4.86534295e+006 2.49986154e+006 1.67410661e+006 1.14134222e+006 9.00496345e+005 5.48865268e+005 2.90216804e+005 1.13164248e+005 3.71955078e+004 2.81835765e+003 6.03338964e+001 4.08344218e-001 0.00000000e+000
61419.48444444 0.000000 0.000000 0.000000 9.08439713e+012 5.04866166e+012 2.72715688e+012 1.41001362e+012 7.30037240e+011 1.59282433e+011 1.72686185e+010 1.53698213e+009 2.42439355e+008 7.55455997e+007 2.79406067e+007 1.11235344e+007 4.86534295e+006 2.49986154e+006 1.67410661e+006 1.14134222e+006 9.00496345e+005 5.48865268e+005 2.90216804e+005 1.13164248e+005 3.71955078e+004 2.81835765e+003 6.03338964e+001 4.08344218e-001 0.00000000e+000
61419.64644676 0.000000 0.000000 0.000000 9.08439713e+012 5.04866166e+012 2.72715688e+012 1.41001362e+012 7.30037240e+011 1.59282433e+011 1.72686185e+010 1.53698213e+009 2.42439355e+008 7.55455997e+007 2.79406067e+007 1.11235344e+007 4.86534295e+006 2.49986154e+006 1.67410661e+006 1.14134222e+006 9.00496345e+005 5.48865268e+005 2.90216804e+005 1.13164248e+005 3.71955078e+004 2.81835765e+003 6.03338964e+001 4.08344218e-001 0.00000000e+000
61419.80844907 0.000000 0.000000 0.000000 9.08439713e+012 5.04866166e+012 2.72715688e+012 1.41001362e+012 7.30037240e+011 1.59282433e+011 1.72686185e+010 1.53698213e+009 2.42439355e+008 7.55455997e+007 2.79406067e+007 1.11235344e+007 4.86534295e+006 2.49986154e+006 1.67410661e+006 1.14134222e+006 9.00496345e+005 5.48865268e+005 2.90216804e+005 1.13164248e+005 3.71955078e+004 2.81835765e+003 6.03338964e+001 4.08344218e-001 0.00000000e+000
61419.97045139 0.000000 0.000000 0.000000 9.08439713e+012 5.04866166e+012 2.72715688e+012 1.41001362e+012 7.30037240e+011 1.59282433e+011 1.72686185e+010 1.53698213e+009 2.42439355e+008 7.55455997e+007 2.79406067e+007 1.11235344e+007 4.86534295e+006 2.49986154e+006 1.67410661e+006 1.14134222e+006 9.00496345e+005 5.48865268e+005 2.90216804e+005 1.13164248e+005 3.71955078e+004 2.81835765e+003 6.03338964e+001 4.08344218e-001 0.00000000e+000
61420.13245370 0.000000 0.000000 0.000000 9.08439713e+012 5.04866166e+012 2.72715688e+012 1.41001362e+012 7.30037240e+011 1.59282433e+011 1.72686185e+010 1.53698213e+009 2.42439355e+008 7.55455997e+007 2.79406067e+007 1.11235344e+007 4.86534295e+006 2.49986154e+006 1.67410661e+006 1.14134222e+006 9.00496345e+005 5.48865268e+005 2.90216804e+005 1.13164248e+005 3.71955078e+004 2.81835765e+003 6.03338964e+001 4.08344218e-001 0.00000000e+000
61420.29445602 0.000000 0.000000 0.000000 9.08439713e+012 5.04866166e+012 2.72715688e+012 1.41001362e+012 7.30037240e+011 1.59282433e+011 1.72686185e+010 1.53698213e+009 2.42439355e+008 7.55455997e+007 2.79406067e+007 1.11235344e+007 4.86534295e+006 2.49986154e+006 1.67410661e+006 1.14134222e+006 9.00496345e+005 5.48865268e+005 2.90216804e+005 1.13164248e+005 3.71955078e+004 2.81835765e+003 6.03338964e+001 4.08344218e-001 0.00000000e+000
61420.45645833 0.000000 0.000000 0.000000 9.08439713e+012 5.04866166e+012 2.72715688e+012 1.41001362e+012 7.30037240e+011 1.59282433e+011 1.72686185e+010 1.53698213e+009 2.42439355e+008 7.55455997e+007 2.79406067e+007 1.11235344e+007 4.86534295e+006 2.49986154e+006 1.67410661e+006 1.14134222e+006 9.00496345e+005 5.48865268e+005 2.90216804e+005 1.13164248e+005 3.71955078e+004 2.81835765e+003 6.03338964e+001 4.08344218e-001 0.00000000e+000
61420.55915852 0.000000 0.000000 0.000000 9.08439713e+012 5.04866166e+012 2.72715688e+012 1.41001362e+012 7.30037240e+011 1.59282433e+011 1.72686185e+010 1.53698213e+009 2.42439355e+008 7.55455997e+007 2.79406067e+007 1.11235344e+007 4.86534295e+006 2.49986154e+006 1.67410661e+006 1.14134222e+006 9.00496345e+005 5.48865268e+005 2.90216804e+005 1.13164248e+005 3.71955078e+004 2.81835765e+003 6.03338964e+001 4.08344218e-001 0.00000000e+000
