# Ae9Ap9 Model output file: MoonBEAM_trajectory_trade/Rp18408_COM_8per90prop30inc_Tran.AP9.output_mc_fluenceIntv_050.txt
# Ae9Ap9 Software Version:  1.50.001
#
# Model type:               AP9
# Particle species:         H+
# Flux type:                1PtDiff
# Flux direction:           Omnidirectional
# Energy levels (MeV):       0.1 0.2 0.4 0.6 0.8 1 2 4 6 8 10 15 20 30 50 60 80 100 150 200 300 400 700 1200 2000
#
# Accumulation mode:        Interval, length = 13997 seconds (0.162002 days)
#
# Time format:              Modified Julian Date
# Coordinate system:        GEI (Geocentric Equatorial Inertial) Cartesian in km
# Data Delimiter:           space
#
# datetime(mjd),posx(km),posy(km),posz(km),fluence,fluence,fluence,fluence,fluence,fluence,fluence,fluence,fluence,fluence,fluence,fluence,fluence,fluence,fluence,fluence,fluence,fluence,fluence,fluence,fluence,fluence,fluence,fluence,fluence(#/cm^2/MeV)
61411.87033565 0.000000 0.000000 0.000000 1.14944531e+012 9.82391554e+011 6.96068611e+011 3.57058324e+011 1.74883522e+011 3.90498202e+010 3.63872296e+009 4.63485144e+008 7.46760379e+007 1.99024336e+007 5.79762080e+006 1.85889498e+006 6.38829175e+005 3.03728667e+005 2.01050686e+005 1.38748746e+005 1.17574157e+005 8.45530091e+004 5.65475213e+004 2.58125887e+004 8.82108334e+003 7.43395977e+002 1.47769507e+001 3.47293145e-002 0.00000000e+000
61412.03233796 0.000000 0.000000 0.000000 1.19808595e+012 9.94832738e+011 6.97392043e+011 3.57353104e+011 1.75038643e+011 3.90877275e+010 3.63908272e+009 4.63486344e+008 7.46760447e+007 1.99024336e+007 5.79762080e+006 1.85889498e+006 6.38829175e+005 3.03728667e+005 2.01050686e+005 1.38748746e+005 1.17574157e+005 8.45530091e+004 5.65475213e+004 2.58125887e+004 8.82108334e+003 7.43395977e+002 1.47769507e+001 3.47293145e-002 0.00000000e+000
61412.19434028 0.000000 0.000000 0.000000 1.59525862e+012 1.27733970e+012 8.21516226e+011 3.93171305e+011 1.86559555e+011 4.08996108e+010 3.77282866e+009 4.81274940e+008 7.79569410e+007 2.10306133e+007 6.21930532e+006 2.03616384e+006 7.11896694e+005 3.40111037e+005 2.26641446e+005 1.56651567e+005 1.31694335e+005 9.19371370e+004 5.95640558e+004 2.66356823e+004 9.08859763e+003 7.58481562e+002 1.48613998e+001 3.47293145e-002 0.00000000e+000
61412.35634259 0.000000 0.000000 0.000000 1.66951681e+012 1.30519813e+012 8.26330306e+011 3.93937729e+011 1.86750183e+011 4.09292433e+010 3.77315473e+009 4.81276920e+008 7.79569559e+007 2.10306133e+007 6.21930532e+006 2.03616384e+006 7.11896694e+005 3.40111037e+005 2.26641446e+005 1.56651567e+005 1.31694335e+005 9.19371370e+004 5.95640558e+004 2.66356823e+004 9.08859763e+003 7.58481562e+002 1.48613998e+001 3.47293145e-002 0.00000000e+000
61412.51834491 0.000000 0.000000 0.000000 1.67302307e+012 1.30639402e+012 8.26561711e+011 3.94007022e+011 1.86781861e+011 4.09328424e+010 3.77317360e+009 4.81276956e+008 7.79569559e+007 2.10306133e+007 6.21930532e+006 2.03616384e+006 7.11896694e+005 3.40111037e+005 2.26641446e+005 1.56651567e+005 1.31694335e+005 9.19371370e+004 5.95640558e+004 2.66356823e+004 9.08859763e+003 7.58481562e+002 1.48613998e+001 3.47293145e-002 0.00000000e+000
61412.68034722 0.000000 0.000000 0.000000 2.43513950e+012 1.91214755e+012 1.21079966e+012 5.50233820e+011 2.47799347e+011 4.86669459e+010 3.99150212e+009 4.83630888e+008 7.80525583e+007 2.10427423e+007 6.22118607e+006 2.03657522e+006 7.12048144e+005 3.40164710e+005 2.26662115e+005 1.56659141e+005 1.31696573e+005 9.19376869e+004 5.95640313e+004 2.66356529e+004 9.08859763e+003 7.58481562e+002 1.48613998e+001 3.47293145e-002 0.00000000e+000
61412.84234954 0.000000 0.000000 0.000000 3.47273742e+012 2.97598819e+012 2.06032410e+012 1.00252840e+012 4.75108062e+011 1.06406948e+011 1.00573437e+010 1.46233732e+009 2.88376229e+008 8.77817336e+007 2.71082061e+007 8.88222140e+006 3.13086526e+006 1.55201317e+006 1.02257436e+006 6.94983591e+005 5.97799082e+005 4.43005027e+005 3.10296374e+005 1.57998288e+005 6.51385823e+004 9.39588494e+003 4.18473468e+002 3.96322379e+000 0.00000000e+000
61413.00435185 0.000000 0.000000 0.000000 3.47942937e+012 2.97792956e+012 2.06061015e+012 1.00260895e+012 4.75149705e+011 1.06414643e+011 1.00574023e+010 1.46233746e+009 2.88376229e+008 8.77817336e+007 2.71082061e+007 8.88222140e+006 3.13086526e+006 1.55201317e+006 1.02257436e+006 6.94983591e+005 5.97799082e+005 4.43005027e+005 3.10296374e+005 1.57998288e+005 6.51385823e+004 9.39588494e+003 4.18473468e+002 3.96322379e+000 0.00000000e+000
61413.16635417 0.000000 0.000000 0.000000 3.47969902e+012 2.97801588e+012 2.06061984e+012 1.00261000e+012 4.75149820e+011 1.06414646e+011 1.00574024e+010 1.46233746e+009 2.88376229e+008 8.77817336e+007 2.71082061e+007 8.88222140e+006 3.13086526e+006 1.55201317e+006 1.02257436e+006 6.94983591e+005 5.97799082e+005 4.43005027e+005 3.10296374e+005 1.57998288e+005 6.51385823e+004 9.39588494e+003 4.18473468e+002 3.96322379e+000 0.00000000e+000
61413.32835648 0.000000 0.000000 0.000000 3.48342311e+012 2.97924418e+012 2.06083729e+012 1.00267263e+012 4.75179225e+011 1.06418839e+011 1.00574285e+010 1.46233751e+009 2.88376229e+008 8.77817336e+007 2.71082061e+007 8.88222140e+006 3.13086526e+006 1.55201317e+006 1.02257436e+006 6.94983591e+005 5.97799082e+005 4.43005027e+005 3.10296374e+005 1.57998288e+005 6.51385823e+004 9.39588494e+003 4.18473468e+002 3.96322379e+000 0.00000000e+000
61413.49035880 0.000000 0.000000 0.000000 4.31031850e+012 3.73211064e+012 2.55881272e+012 1.21132489e+012 5.65261580e+011 1.25834552e+011 1.19494252e+010 1.76624785e+009 3.56526901e+008 1.10473617e+008 3.46835997e+007 1.15283186e+007 4.09713142e+006 2.03159131e+006 1.33440695e+006 9.08004066e+005 7.80189826e+005 5.77037241e+005 4.01540225e+005 2.03021010e+005 8.33892251e+004 1.17089146e+004 5.05350563e+002 4.72016268e+000 0.00000000e+000
61413.65236111 0.000000 0.000000 0.000000 4.79931304e+012 4.16076612e+012 2.83986206e+012 1.32592745e+012 6.12658298e+011 1.33592323e+011 1.23063839e+010 1.77833813e+009 3.57133311e+008 1.10581714e+008 3.46979014e+007 1.15305656e+007 4.09772569e+006 2.03186343e+006 1.33455442e+006 9.08077103e+005 7.80225624e+005 5.77046748e+005 4.01542850e+005 2.03021385e+005 8.33892251e+004 1.17089146e+004 5.05350563e+002 4.72016268e+000 0.00000000e+000
61413.81436343 0.000000 0.000000 0.000000 4.79946843e+012 4.16082097e+012 2.83987039e+012 1.32592903e+012 6.12658710e+011 1.33592339e+011 1.23063840e+010 1.77833813e+009 3.57133311e+008 1.10581714e+008 3.46979014e+007 1.15305656e+007 4.09772569e+006 2.03186343e+006 1.33455442e+006 9.08077103e+005 7.80225624e+005 5.77046748e+005 4.01542850e+005 2.03021385e+005 8.33892251e+004 1.17089146e+004 5.05350563e+002 4.72016268e+000 0.00000000e+000
61413.97636574 0.000000 0.000000 0.000000 4.79946843e+012 4.16082097e+012 2.83987039e+012 1.32592903e+012 6.12658710e+011 1.33592339e+011 1.23063840e+010 1.77833813e+009 3.57133311e+008 1.10581714e+008 3.46979014e+007 1.15305656e+007 4.09772569e+006 2.03186343e+006 1.33455442e+006 9.08077103e+005 7.80225624e+005 5.77046748e+005 4.01542850e+005 2.03021385e+005 8.33892251e+004 1.17089146e+004 5.05350563e+002 4.72016268e+000 0.00000000e+000
61414.13836806 0.000000 0.000000 0.000000 4.79946843e+012 4.16082097e+012 2.83987039e+012 1.32592903e+012 6.12658710e+011 1.33592339e+011 1.23063840e+010 1.77833813e+009 3.57133311e+008 1.10581714e+008 3.46979014e+007 1.15305656e+007 4.09772569e+006 2.03186343e+006 1.33455442e+006 9.08077103e+005 7.80225624e+005 5.77046748e+005 4.01542850e+005 2.03021385e+005 8.33892251e+004 1.17089146e+004 5.05350563e+002 4.72016268e+000 0.00000000e+000
61414.30037037 0.000000 0.000000 0.000000 4.79998622e+012 4.16100790e+012 2.83989923e+012 1.32593442e+012 6.12660080e+011 1.33592394e+011 1.23063843e+010 1.77833813e+009 3.57133311e+008 1.10581714e+008 3.46979014e+007 1.15305656e+007 4.09772569e+006 2.03186343e+006 1.33455442e+006 9.08077103e+005 7.80225624e+005 5.77046748e+005 4.01542850e+005 2.03021385e+005 8.33892251e+004 1.17089146e+004 5.05350563e+002 4.72016268e+000 0.00000000e+000
61414.46237269 0.000000 0.000000 0.000000 5.59012492e+012 4.86637718e+012 3.30324655e+012 1.50887315e+012 6.87476592e+011 1.46328839e+011 1.29653090e+010 1.80938370e+009 3.58972774e+008 1.10943613e+008 3.47576838e+007 1.15415830e+007 4.10096481e+006 2.03331076e+006 1.33530165e+006 9.08458036e+005 7.80413642e+005 5.77088353e+005 4.01552538e+005 2.03022543e+005 8.33892251e+004 1.17089146e+004 5.05350563e+002 4.72016268e+000 0.00000000e+000
61414.62437500 0.000000 0.000000 0.000000 6.22017846e+012 5.46445185e+012 3.72262432e+012 1.69293959e+012 7.70482127e+011 1.65665970e+011 1.49466460e+010 2.13758942e+009 4.33971208e+008 1.35573237e+008 4.29393920e+007 1.44055301e+007 5.13726350e+006 2.53188446e+006 1.64598513e+006 1.11920099e+006 9.58896776e+005 7.07502651e+005 4.89308520e+005 2.45441823e+005 9.99967537e+004 1.36530285e+004 5.79971010e+002 5.37227467e+000 0.00000000e+000
61414.78637731 0.000000 0.000000 0.000000 6.22070754e+012 5.46464084e+012 3.72265608e+012 1.69294664e+012 7.70484545e+011 1.65666139e+011 1.49466469e+010 2.13758942e+009 4.33971208e+008 1.35573237e+008 4.29393920e+007 1.44055301e+007 5.13726350e+006 2.53188446e+006 1.64598513e+006 1.11920099e+006 9.58896776e+005 7.07502651e+005 4.89308520e+005 2.45441823e+005 9.99967537e+004 1.36530285e+004 5.79971010e+002 5.37227467e+000 0.00000000e+000
61414.94837963 0.000000 0.000000 0.000000 6.22070754e+012 5.46464084e+012 3.72265608e+012 1.69294664e+012 7.70484545e+011 1.65666139e+011 1.49466469e+010 2.13758942e+009 4.33971208e+008 1.35573237e+008 4.29393920e+007 1.44055301e+007 5.13726350e+006 2.53188446e+006 1.64598513e+006 1.11920099e+006 9.58896776e+005 7.07502651e+005 4.89308520e+005 2.45441823e+005 9.99967537e+004 1.36530285e+004 5.79971010e+002 5.37227467e+000 0.00000000e+000
61415.11038194 0.000000 0.000000 0.000000 6.22070754e+012 5.46464084e+012 3.72265608e+012 1.69294664e+012 7.70484545e+011 1.65666139e+011 1.49466469e+010 2.13758942e+009 4.33971208e+008 1.35573237e+008 4.29393920e+007 1.44055301e+007 5.13726350e+006 2.53188446e+006 1.64598513e+006 1.11920099e+006 9.58896776e+005 7.07502651e+005 4.89308520e+005 2.45441823e+005 9.99967537e+004 1.36530285e+004 5.79971010e+002 5.37227467e+000 0.00000000e+000
61415.27238426 0.000000 0.000000 0.000000 6.22070754e+012 5.46464084e+012 3.72265608e+012 1.69294664e+012 7.70484545e+011 1.65666139e+011 1.49466469e+010 2.13758942e+009 4.33971208e+008 1.35573237e+008 4.29393920e+007 1.44055301e+007 5.13726350e+006 2.53188446e+006 1.64598513e+006 1.11920099e+006 9.58896776e+005 7.07502651e+005 4.89308520e+005 2.45441823e+005 9.99967537e+004 1.36530285e+004 5.79971010e+002 5.37227467e+000 0.00000000e+000
61415.43438657 0.000000 0.000000 0.000000 6.22070754e+012 5.46464084e+012 3.72265608e+012 1.69294664e+012 7.70484545e+011 1.65666139e+011 1.49466469e+010 2.13758942e+009 4.33971208e+008 1.35573237e+008 4.29393920e+007 1.44055301e+007 5.13726350e+006 2.53188446e+006 1.64598513e+006 1.11920099e+006 9.58896776e+005 7.07502651e+005 4.89308520e+005 2.45441823e+005 9.99967537e+004 1.36530285e+004 5.79971010e+002 5.37227467e+000 0.00000000e+000
61415.59638889 0.000000 0.000000 0.000000 6.22070754e+012 5.46464084e+012 3.72265608e+012 1.69294664e+012 7.70484545e+011 1.65666139e+011 1.49466469e+010 2.13758942e+009 4.33971208e+008 1.35573237e+008 4.29393920e+007 1.44055301e+007 5.13726350e+006 2.53188446e+006 1.64598513e+006 1.11920099e+006 9.58896776e+005 7.07502651e+005 4.89308520e+005 2.45441823e+005 9.99967537e+004 1.36530285e+004 5.79971010e+002 5.37227467e+000 0.00000000e+000
61415.75839120 0.000000 0.000000 0.000000 6.22073242e+012 5.46464656e+012 3.72265634e+012 1.69294665e+012 7.70484546e+011 1.65666139e+011 1.49466469e+010 2.13758942e+009 4.33971208e+008 1.35573237e+008 4.29393920e+007 1.44055301e+007 5.13726350e+006 2.53188446e+006 1.64598513e+006 1.11920099e+006 9.58896776e+005 7.07502651e+005 4.89308520e+005 2.45441823e+005 9.99967537e+004 1.36530285e+004 5.79971010e+002 5.37227467e+000 0.00000000e+000
61415.92039352 0.000000 0.000000 0.000000 6.29291749e+012 5.49014047e+012 3.72666607e+012 1.69363035e+012 7.70677419e+011 1.65701263e+011 1.49471111e+010 2.13759120e+009 4.33971218e+008 1.35573237e+008 4.29393920e+007 1.44055301e+007 5.13726350e+006 2.53188446e+006 1.64598513e+006 1.11920099e+006 9.58896776e+005 7.07502651e+005 4.89308520e+005 2.45441823e+005 9.99967537e+004 1.36530285e+004 5.79971010e+002 5.37227467e+000 0.00000000e+000
61416.08239583 0.000000 0.000000 0.000000 7.07901453e+012 6.22190467e+012 4.16002669e+012 1.84562975e+012 8.31055877e+011 1.77769810e+011 1.59332377e+010 2.28089002e+009 4.68408479e+008 1.47487547e+008 4.71601495e+007 1.59742260e+007 5.72223348e+006 2.81002220e+006 1.81699074e+006 1.23548086e+006 1.05506986e+006 7.75071783e+005 5.30723649e+005 2.63953773e+005 1.07222013e+005 1.44738359e+004 6.21560283e+002 5.62921781e+000 0.00000000e+000
61416.24439815 0.000000 0.000000 0.000000 7.07982488e+012 6.22218682e+012 4.16007152e+012 1.84563912e+012 8.31058980e+011 1.77770029e+011 1.59332389e+010 2.28089002e+009 4.68408479e+008 1.47487547e+008 4.71601495e+007 1.59742260e+007 5.72223348e+006 2.81002220e+006 1.81699074e+006 1.23548086e+006 1.05506986e+006 7.75071783e+005 5.30723649e+005 2.63953773e+005 1.07222013e+005 1.44738359e+004 6.21560283e+002 5.62921781e+000 0.00000000e+000
61416.40640046 0.000000 0.000000 0.000000 7.07982488e+012 6.22218682e+012 4.16007152e+012 1.84563912e+012 8.31058980e+011 1.77770029e+011 1.59332389e+010 2.28089002e+009 4.68408479e+008 1.47487547e+008 4.71601495e+007 1.59742260e+007 5.72223348e+006 2.81002220e+006 1.81699074e+006 1.23548086e+006 1.05506986e+006 7.75071783e+005 5.30723649e+005 2.63953773e+005 1.07222013e+005 1.44738359e+004 6.21560283e+002 5.62921781e+000 0.00000000e+000
61416.56840278 0.000000 0.000000 0.000000 7.07982488e+012 6.22218682e+012 4.16007152e+012 1.84563912e+012 8.31058980e+011 1.77770029e+011 1.59332389e+010 2.28089002e+009 4.68408479e+008 1.47487547e+008 4.71601495e+007 1.59742260e+007 5.72223348e+006 2.81002220e+006 1.81699074e+006 1.23548086e+006 1.05506986e+006 7.75071783e+005 5.30723649e+005 2.63953773e+005 1.07222013e+005 1.44738359e+004 6.21560283e+002 5.62921781e+000 0.00000000e+000
61416.73040509 0.000000 0.000000 0.000000 7.07982488e+012 6.22218682e+012 4.16007152e+012 1.84563912e+012 8.31058980e+011 1.77770029e+011 1.59332389e+010 2.28089002e+009 4.68408479e+008 1.47487547e+008 4.71601495e+007 1.59742260e+007 5.72223348e+006 2.81002220e+006 1.81699074e+006 1.23548086e+006 1.05506986e+006 7.75071783e+005 5.30723649e+005 2.63953773e+005 1.07222013e+005 1.44738359e+004 6.21560283e+002 5.62921781e+000 0.00000000e+000
61416.89240741 0.000000 0.000000 0.000000 7.07982488e+012 6.22218682e+012 4.16007152e+012 1.84563912e+012 8.31058980e+011 1.77770029e+011 1.59332389e+010 2.28089002e+009 4.68408479e+008 1.47487547e+008 4.71601495e+007 1.59742260e+007 5.72223348e+006 2.81002220e+006 1.81699074e+006 1.23548086e+006 1.05506986e+006 7.75071783e+005 5.30723649e+005 2.63953773e+005 1.07222013e+005 1.44738359e+004 6.21560283e+002 5.62921781e+000 0.00000000e+000
61417.05440972 0.000000 0.000000 0.000000 7.07982488e+012 6.22218682e+012 4.16007152e+012 1.84563912e+012 8.31058980e+011 1.77770029e+011 1.59332389e+010 2.28089002e+009 4.68408479e+008 1.47487547e+008 4.71601495e+007 1.59742260e+007 5.72223348e+006 2.81002220e+006 1.81699074e+006 1.23548086e+006 1.05506986e+006 7.75071783e+005 5.30723649e+005 2.63953773e+005 1.07222013e+005 1.44738359e+004 6.21560283e+002 5.62921781e+000 0.00000000e+000
61417.21641204 0.000000 0.000000 0.000000 7.07982488e+012 6.22218682e+012 4.16007152e+012 1.84563912e+012 8.31058980e+011 1.77770029e+011 1.59332389e+010 2.28089002e+009 4.68408479e+008 1.47487547e+008 4.71601495e+007 1.59742260e+007 5.72223348e+006 2.81002220e+006 1.81699074e+006 1.23548086e+006 1.05506986e+006 7.75071783e+005 5.30723649e+005 2.63953773e+005 1.07222013e+005 1.44738359e+004 6.21560283e+002 5.62921781e+000 0.00000000e+000
61417.37841435 0.000000 0.000000 0.000000 7.07982488e+012 6.22218682e+012 4.16007152e+012 1.84563912e+012 8.31058980e+011 1.77770029e+011 1.59332389e+010 2.28089002e+009 4.68408479e+008 1.47487547e+008 4.71601495e+007 1.59742260e+007 5.72223348e+006 2.81002220e+006 1.81699074e+006 1.23548086e+006 1.05506986e+006 7.75071783e+005 5.30723649e+005 2.63953773e+005 1.07222013e+005 1.44738359e+004 6.21560283e+002 5.62921781e+000 0.00000000e+000
61417.54041667 0.000000 0.000000 0.000000 7.07982488e+012 6.22218682e+012 4.16007152e+012 1.84563912e+012 8.31058980e+011 1.77770029e+011 1.59332389e+010 2.28089002e+009 4.68408479e+008 1.47487547e+008 4.71601495e+007 1.59742260e+007 5.72223348e+006 2.81002220e+006 1.81699074e+006 1.23548086e+006 1.05506986e+006 7.75071783e+005 5.30723649e+005 2.63953773e+005 1.07222013e+005 1.44738359e+004 6.21560283e+002 5.62921781e+000 0.00000000e+000
61417.70241898 0.000000 0.000000 0.000000 7.07982488e+012 6.22218682e+012 4.16007152e+012 1.84563912e+012 8.31058980e+011 1.77770029e+011 1.59332389e+010 2.28089002e+009 4.68408479e+008 1.47487547e+008 4.71601495e+007 1.59742260e+007 5.72223348e+006 2.81002220e+006 1.81699074e+006 1.23548086e+006 1.05506986e+006 7.75071783e+005 5.30723649e+005 2.63953773e+005 1.07222013e+005 1.44738359e+004 6.21560283e+002 5.62921781e+000 0.00000000e+000
61417.86442130 0.000000 0.000000 0.000000 7.07982488e+012 6.22218682e+012 4.16007152e+012 1.84563912e+012 8.31058980e+011 1.77770029e+011 1.59332389e+010 2.28089002e+009 4.68408479e+008 1.47487547e+008 4.71601495e+007 1.59742260e+007 5.72223348e+006 2.81002220e+006 1.81699074e+006 1.23548086e+006 1.05506986e+006 7.75071783e+005 5.30723649e+005 2.63953773e+005 1.07222013e+005 1.44738359e+004 6.21560283e+002 5.62921781e+000 0.00000000e+000
61418.02642361 0.000000 0.000000 0.000000 7.07982488e+012 6.22218682e+012 4.16007152e+012 1.84563912e+012 8.31058980e+011 1.77770029e+011 1.59332389e+010 2.28089002e+009 4.68408479e+008 1.47487547e+008 4.71601495e+007 1.59742260e+007 5.72223348e+006 2.81002220e+006 1.81699074e+006 1.23548086e+006 1.05506986e+006 7.75071783e+005 5.30723649e+005 2.63953773e+005 1.07222013e+005 1.44738359e+004 6.21560283e+002 5.62921781e+000 0.00000000e+000
61418.18842593 0.000000 0.000000 0.000000 7.07982482e+012 6.22218679e+012 4.16007152e+012 1.84563912e+012 8.31058980e+011 1.77770029e+011 1.59332389e+010 2.28089002e+009 4.68408479e+008 1.47487547e+008 4.71601495e+007 1.59742260e+007 5.72223348e+006 2.81002220e+006 1.81699074e+006 1.23548086e+006 1.05506986e+006 7.75071783e+005 5.30723649e+005 2.63953773e+005 1.07222013e+005 1.44738359e+004 6.21560283e+002 5.62921781e+000 0.00000000e+000
61418.35042824 0.000000 0.000000 0.000000 7.11443759e+012 6.23239455e+012 4.16148732e+012 1.84595597e+012 8.31190967e+011 1.77799700e+011 1.59336209e+010 2.28089089e+009 4.68408481e+008 1.47487547e+008 4.71601495e+007 1.59742260e+007 5.72223348e+006 2.81002220e+006 1.81699074e+006 1.23548086e+006 1.05506986e+006 7.75071783e+005 5.30723649e+005 2.63953773e+005 1.07222013e+005 1.44738359e+004 6.21560283e+002 5.62921781e+000 0.00000000e+000
61418.51243056 0.000000 0.000000 0.000000 8.72521998e+012 7.70767848e+012 5.08972913e+012 2.17137385e+012 9.63192894e+011 2.05036161e+011 1.81127550e+010 2.57604299e+009 5.37978452e+008 1.71674573e+008 5.55765199e+007 1.90728973e+007 6.84611608e+006 3.29940210e+006 2.07565241e+006 1.40596106e+006 1.19397076e+006 8.74731276e+005 5.94650798e+005 2.93098559e+005 1.18225339e+005 1.56116290e+004 6.80459086e+002 6.28980054e+000 0.00000000e+000
61418.67443287 0.000000 0.000000 0.000000 8.73615451e+012 7.71102548e+012 5.09022619e+012 2.17148965e+012 9.63241147e+011 2.05045302e+011 1.81128519e+010 2.57604318e+009 5.37978453e+008 1.71674573e+008 5.55765199e+007 1.90728973e+007 6.84611608e+006 3.29940210e+006 2.07565241e+006 1.40596106e+006 1.19397076e+006 8.74731276e+005 5.94650798e+005 2.93098559e+005 1.18225339e+005 1.56116290e+004 6.80459086e+002 6.28980054e+000 0.00000000e+000
61418.83643519 0.000000 0.000000 0.000000 8.73615451e+012 7.71102548e+012 5.09022619e+012 2.17148965e+012 9.63241147e+011 2.05045302e+011 1.81128519e+010 2.57604318e+009 5.37978453e+008 1.71674573e+008 5.55765199e+007 1.90728973e+007 6.84611608e+006 3.29940210e+006 2.07565241e+006 1.40596106e+006 1.19397076e+006 8.74731276e+005 5.94650798e+005 2.93098559e+005 1.18225339e+005 1.56116290e+004 6.80459086e+002 6.28980054e+000 0.00000000e+000
61418.99843750 0.000000 0.000000 0.000000 8.73615451e+012 7.71102548e+012 5.09022619e+012 2.17148965e+012 9.63241147e+011 2.05045302e+011 1.81128519e+010 2.57604318e+009 5.37978453e+008 1.71674573e+008 5.55765199e+007 1.90728973e+007 6.84611608e+006 3.29940210e+006 2.07565241e+006 1.40596106e+006 1.19397076e+006 8.74731276e+005 5.94650798e+005 2.93098559e+005 1.18225339e+005 1.56116290e+004 6.80459086e+002 6.28980054e+000 0.00000000e+000
61419.16043981 0.000000 0.000000 0.000000 8.73615451e+012 7.71102548e+012 5.09022619e+012 2.17148965e+012 9.63241147e+011 2.05045302e+011 1.81128519e+010 2.57604318e+009 5.37978453e+008 1.71674573e+008 5.55765199e+007 1.90728973e+007 6.84611608e+006 3.29940210e+006 2.07565241e+006 1.40596106e+006 1.19397076e+006 8.74731276e+005 5.94650798e+005 2.93098559e+005 1.18225339e+005 1.56116290e+004 6.80459086e+002 6.28980054e+000 0.00000000e+000
61419.32244213 0.000000 0.000000 0.000000 8.73615451e+012 7.71102548e+012 5.09022619e+012 2.17148965e+012 9.63241147e+011 2.05045302e+011 1.81128519e+010 2.57604318e+009 5.37978453e+008 1.71674573e+008 5.55765199e+007 1.90728973e+007 6.84611608e+006 3.29940210e+006 2.07565241e+006 1.40596106e+006 1.19397076e+006 8.74731276e+005 5.94650798e+005 2.93098559e+005 1.18225339e+005 1.56116290e+004 6.80459086e+002 6.28980054e+000 0.00000000e+000
61419.48444444 0.000000 0.000000 0.000000 8.73615451e+012 7.71102548e+012 5.09022619e+012 2.17148965e+012 9.63241147e+011 2.05045302e+011 1.81128519e+010 2.57604318e+009 5.37978453e+008 1.71674573e+008 5.55765199e+007 1.90728973e+007 6.84611608e+006 3.29940210e+006 2.07565241e+006 1.40596106e+006 1.19397076e+006 8.74731276e+005 5.94650798e+005 2.93098559e+005 1.18225339e+005 1.56116290e+004 6.80459086e+002 6.28980054e+000 0.00000000e+000
61419.64644676 0.000000 0.000000 0.000000 8.73615451e+012 7.71102548e+012 5.09022619e+012 2.17148965e+012 9.63241147e+011 2.05045302e+011 1.81128519e+010 2.57604318e+009 5.37978453e+008 1.71674573e+008 5.55765199e+007 1.90728973e+007 6.84611608e+006 3.29940210e+006 2.07565241e+006 1.40596106e+006 1.19397076e+006 8.74731276e+005 5.94650798e+005 2.93098559e+005 1.18225339e+005 1.56116290e+004 6.80459086e+002 6.28980054e+000 0.00000000e+000
61419.80844907 0.000000 0.000000 0.000000 8.73615451e+012 7.71102548e+012 5.09022619e+012 2.17148965e+012 9.63241147e+011 2.05045302e+011 1.81128519e+010 2.57604318e+009 5.37978453e+008 1.71674573e+008 5.55765199e+007 1.90728973e+007 6.84611608e+006 3.29940210e+006 2.07565241e+006 1.40596106e+006 1.19397076e+006 8.74731276e+005 5.94650798e+005 2.93098559e+005 1.18225339e+005 1.56116290e+004 6.80459086e+002 6.28980054e+000 0.00000000e+000
61419.97045139 0.000000 0.000000 0.000000 8.73615451e+012 7.71102548e+012 5.09022619e+012 2.17148965e+012 9.63241147e+011 2.05045302e+011 1.81128519e+010 2.57604318e+009 5.37978453e+008 1.71674573e+008 5.55765199e+007 1.90728973e+007 6.84611608e+006 3.29940210e+006 2.07565241e+006 1.40596106e+006 1.19397076e+006 8.74731276e+005 5.94650798e+005 2.93098559e+005 1.18225339e+005 1.56116290e+004 6.80459086e+002 6.28980054e+000 0.00000000e+000
61420.13245370 0.000000 0.000000 0.000000 8.73615451e+012 7.71102548e+012 5.09022619e+012 2.17148965e+012 9.63241147e+011 2.05045302e+011 1.81128519e+010 2.57604318e+009 5.37978453e+008 1.71674573e+008 5.55765199e+007 1.90728973e+007 6.84611608e+006 3.29940210e+006 2.07565241e+006 1.40596106e+006 1.19397076e+006 8.74731276e+005 5.94650798e+005 2.93098559e+005 1.18225339e+005 1.56116290e+004 6.80459086e+002 6.28980054e+000 0.00000000e+000
61420.29445602 0.000000 0.000000 0.000000 8.73615451e+012 7.71102548e+012 5.09022619e+012 2.17148965e+012 9.63241147e+011 2.05045302e+011 1.81128519e+010 2.57604318e+009 5.37978453e+008 1.71674573e+008 5.55765199e+007 1.90728973e+007 6.84611608e+006 3.29940210e+006 2.07565241e+006 1.40596106e+006 1.19397076e+006 8.74731276e+005 5.94650798e+005 2.93098559e+005 1.18225339e+005 1.56116290e+004 6.80459086e+002 6.28980054e+000 0.00000000e+000
61420.45645833 0.000000 0.000000 0.000000 8.73615451e+012 7.71102548e+012 5.09022619e+012 2.17148965e+012 9.63241147e+011 2.05045302e+011 1.81128519e+010 2.57604318e+009 5.37978453e+008 1.71674573e+008 5.55765199e+007 1.90728973e+007 6.84611608e+006 3.29940210e+006 2.07565241e+006 1.40596106e+006 1.19397076e+006 8.74731276e+005 5.94650798e+005 2.93098559e+005 1.18225339e+005 1.56116290e+004 6.80459086e+002 6.28980054e+000 0.00000000e+000
61420.55915852 0.000000 0.000000 0.000000 8.73615451e+012 7.71102548e+012 5.09022619e+012 2.17148965e+012 9.63241147e+011 2.05045302e+011 1.81128519e+010 2.57604318e+009 5.37978453e+008 1.71674573e+008 5.55765199e+007 1.90728973e+007 6.84611608e+006 3.29940210e+006 2.07565241e+006 1.40596106e+006 1.19397076e+006 8.74731276e+005 5.94650798e+005 2.93098559e+005 1.18225339e+005 1.56116290e+004 6.80459086e+002 6.28980054e+000 0.00000000e+000
