# Ae9Ap9 Model output file: MoonBEAM_trajectory_trade/Rp18408_COM_8per90prop30inc_Sci.AP9.output_mc_fluenceIntv_041.txt
# Ae9Ap9 Software Version:  1.50.001
#
# Model type:               AP9
# Particle species:         H+
# Flux type:                1PtDiff
# Flux direction:           Omnidirectional
# Energy levels (MeV):       0.1 0.2 0.4 0.6 0.8 1 2 4 6 8 10 15 20 30 50 60 80 100 150 200 300 400 700 1200 2000
#
# Accumulation mode:        Interval, length = 16589 seconds (0.192002 days)
#
# Time format:              Modified Julian Date
# Coordinate system:        GEI (Geocentric Equatorial Inertial) Cartesian in km
# Data Delimiter:           space
#
# datetime(mjd),posx(km),posy(km),posz(km),fluence,fluence,fluence,fluence,fluence,fluence,fluence,fluence,fluence,fluence,fluence,fluence,fluence,fluence,fluence,fluence,fluence,fluence,fluence,fluence,fluence,fluence,fluence,fluence,fluence(#/cm^2/MeV)
61429.66149804 0.000000 0.000000 0.000000 0.00000000e+000 0.00000000e+000 0.00000000e+000 0.00000000e+000 0.00000000e+000 0.00000000e+000 0.00000000e+000 0.00000000e+000 0.00000000e+000 0.00000000e+000 0.00000000e+000 0.00000000e+000 0.00000000e+000 0.00000000e+000 0.00000000e+000 0.00000000e+000 0.00000000e+000 0.00000000e+000 0.00000000e+000 0.00000000e+000 0.00000000e+000 0.00000000e+000 0.00000000e+000 0.00000000e+000 0.00000000e+000
61429.85350036 0.000000 0.000000 0.000000 0.00000000e+000 0.00000000e+000 0.00000000e+000 0.00000000e+000 0.00000000e+000 0.00000000e+000 0.00000000e+000 0.00000000e+000 0.00000000e+000 0.00000000e+000 0.00000000e+000 0.00000000e+000 0.00000000e+000 0.00000000e+000 0.00000000e+000 0.00000000e+000 0.00000000e+000 0.00000000e+000 0.00000000e+000 0.00000000e+000 0.00000000e+000 0.00000000e+000 0.00000000e+000 0.00000000e+000 0.00000000e+000
61430.04550267 0.000000 0.000000 0.000000 0.00000000e+000 0.00000000e+000 0.00000000e+000 0.00000000e+000 0.00000000e+000 0.00000000e+000 0.00000000e+000 0.00000000e+000 0.00000000e+000 0.00000000e+000 0.00000000e+000 0.00000000e+000 0.00000000e+000 0.00000000e+000 0.00000000e+000 0.00000000e+000 0.00000000e+000 0.00000000e+000 0.00000000e+000 0.00000000e+000 0.00000000e+000 0.00000000e+000 0.00000000e+000 0.00000000e+000 0.00000000e+000
61430.23750499 0.000000 0.000000 0.000000 0.00000000e+000 0.00000000e+000 0.00000000e+000 0.00000000e+000 0.00000000e+000 0.00000000e+000 0.00000000e+000 0.00000000e+000 0.00000000e+000 0.00000000e+000 0.00000000e+000 0.00000000e+000 0.00000000e+000 0.00000000e+000 0.00000000e+000 0.00000000e+000 0.00000000e+000 0.00000000e+000 0.00000000e+000 0.00000000e+000 0.00000000e+000 0.00000000e+000 0.00000000e+000 0.00000000e+000 0.00000000e+000
61430.42950730 0.000000 0.000000 0.000000 0.00000000e+000 0.00000000e+000 0.00000000e+000 0.00000000e+000 0.00000000e+000 0.00000000e+000 0.00000000e+000 0.00000000e+000 0.00000000e+000 0.00000000e+000 0.00000000e+000 0.00000000e+000 0.00000000e+000 0.00000000e+000 0.00000000e+000 0.00000000e+000 0.00000000e+000 0.00000000e+000 0.00000000e+000 0.00000000e+000 0.00000000e+000 0.00000000e+000 0.00000000e+000 0.00000000e+000 0.00000000e+000
61430.62150962 0.000000 0.000000 0.000000 0.00000000e+000 0.00000000e+000 0.00000000e+000 0.00000000e+000 0.00000000e+000 0.00000000e+000 0.00000000e+000 0.00000000e+000 0.00000000e+000 0.00000000e+000 0.00000000e+000 0.00000000e+000 0.00000000e+000 0.00000000e+000 0.00000000e+000 0.00000000e+000 0.00000000e+000 0.00000000e+000 0.00000000e+000 0.00000000e+000 0.00000000e+000 0.00000000e+000 0.00000000e+000 0.00000000e+000 0.00000000e+000
61430.81351193 0.000000 0.000000 0.000000 0.00000000e+000 0.00000000e+000 0.00000000e+000 0.00000000e+000 0.00000000e+000 0.00000000e+000 0.00000000e+000 0.00000000e+000 0.00000000e+000 0.00000000e+000 0.00000000e+000 0.00000000e+000 0.00000000e+000 0.00000000e+000 0.00000000e+000 0.00000000e+000 0.00000000e+000 0.00000000e+000 0.00000000e+000 0.00000000e+000 0.00000000e+000 0.00000000e+000 0.00000000e+000 0.00000000e+000 0.00000000e+000
61431.00551425 0.000000 0.000000 0.000000 0.00000000e+000 0.00000000e+000 0.00000000e+000 0.00000000e+000 0.00000000e+000 0.00000000e+000 0.00000000e+000 0.00000000e+000 0.00000000e+000 0.00000000e+000 0.00000000e+000 0.00000000e+000 0.00000000e+000 0.00000000e+000 0.00000000e+000 0.00000000e+000 0.00000000e+000 0.00000000e+000 0.00000000e+000 0.00000000e+000 0.00000000e+000 0.00000000e+000 0.00000000e+000 0.00000000e+000 0.00000000e+000
61431.19751656 0.000000 0.000000 0.000000 0.00000000e+000 0.00000000e+000 0.00000000e+000 0.00000000e+000 0.00000000e+000 0.00000000e+000 0.00000000e+000 0.00000000e+000 0.00000000e+000 0.00000000e+000 0.00000000e+000 0.00000000e+000 0.00000000e+000 0.00000000e+000 0.00000000e+000 0.00000000e+000 0.00000000e+000 0.00000000e+000 0.00000000e+000 0.00000000e+000 0.00000000e+000 0.00000000e+000 0.00000000e+000 0.00000000e+000 0.00000000e+000
61431.38951888 0.000000 0.000000 0.000000 0.00000000e+000 0.00000000e+000 0.00000000e+000 0.00000000e+000 0.00000000e+000 0.00000000e+000 0.00000000e+000 0.00000000e+000 0.00000000e+000 0.00000000e+000 0.00000000e+000 0.00000000e+000 0.00000000e+000 0.00000000e+000 0.00000000e+000 0.00000000e+000 0.00000000e+000 0.00000000e+000 0.00000000e+000 0.00000000e+000 0.00000000e+000 0.00000000e+000 0.00000000e+000 0.00000000e+000 0.00000000e+000
61431.58152119 0.000000 0.000000 0.000000 7.58387135e+007 2.13648756e+007 2.70059344e+006 5.12592716e+005 1.43901786e+005 1.00097761e+004 6.09517069e+001 -8.18689991e-002 0.00000000e+000 0.00000000e+000 0.00000000e+000 0.00000000e+000 0.00000000e+000 0.00000000e+000 0.00000000e+000 0.00000000e+000 0.00000000e+000 0.00000000e+000 0.00000000e+000 0.00000000e+000 0.00000000e+000 0.00000000e+000 0.00000000e+000 0.00000000e+000 0.00000000e+000
61431.77352351 0.000000 0.000000 0.000000 1.87901848e+012 1.09343554e+012 4.36342253e+011 2.06321084e+011 1.18250321e+011 3.08353184e+010 2.60774084e+009 1.90440045e+008 2.82251751e+007 6.53484263e+006 1.43323706e+006 4.29284055e+005 7.77648027e+004 1.36161901e+004 3.04681499e+003 8.84361123e+002 2.88385545e+002 5.23995762e+001 9.34542611e+000 1.49912954e+000 2.51164739e-001 4.53413494e-003 0.00000000e+000 0.00000000e+000 0.00000000e+000
61431.96552582 0.000000 0.000000 0.000000 2.41165708e+012 1.27575649e+012 4.64510091e+011 2.11839477e+011 1.19866762e+011 3.10005605e+010 2.61527604e+009 1.90556925e+008 2.82280068e+007 6.53503360e+006 1.43326200e+006 4.29284107e+005 7.77648027e+004 1.36161901e+004 3.04681499e+003 8.84361123e+002 2.88385545e+002 5.23995762e+001 9.34542611e+000 1.49912954e+000 2.51164739e-001 4.53413494e-003 0.00000000e+000 0.00000000e+000 0.00000000e+000
61432.15752814 0.000000 0.000000 0.000000 2.41165708e+012 1.27575649e+012 4.64510091e+011 2.11839477e+011 1.19866762e+011 3.10005605e+010 2.61527604e+009 1.90556925e+008 2.82280068e+007 6.53503360e+006 1.43326200e+006 4.29284107e+005 7.77648027e+004 1.36161901e+004 3.04681499e+003 8.84361123e+002 2.88385545e+002 5.23995762e+001 9.34542611e+000 1.49912954e+000 2.51164739e-001 4.53413494e-003 0.00000000e+000 0.00000000e+000 0.00000000e+000
61432.34953045 0.000000 0.000000 0.000000 2.41165708e+012 1.27575649e+012 4.64510091e+011 2.11839477e+011 1.19866762e+011 3.10005605e+010 2.61527604e+009 1.90556925e+008 2.82280068e+007 6.53503360e+006 1.43326200e+006 4.29284107e+005 7.77648027e+004 1.36161901e+004 3.04681499e+003 8.84361123e+002 2.88385545e+002 5.23995762e+001 9.34542611e+000 1.49912954e+000 2.51164739e-001 4.53413494e-003 0.00000000e+000 0.00000000e+000 0.00000000e+000
61432.54153277 0.000000 0.000000 0.000000 2.41165708e+012 1.27575649e+012 4.64510091e+011 2.11839477e+011 1.19866762e+011 3.10005605e+010 2.61527604e+009 1.90556925e+008 2.82280068e+007 6.53503360e+006 1.43326200e+006 4.29284107e+005 7.77648027e+004 1.36161901e+004 3.04681499e+003 8.84361123e+002 2.88385545e+002 5.23995762e+001 9.34542611e+000 1.49912954e+000 2.51164739e-001 4.53413494e-003 0.00000000e+000 0.00000000e+000 0.00000000e+000
61432.73353508 0.000000 0.000000 0.000000 2.41165708e+012 1.27575649e+012 4.64510091e+011 2.11839477e+011 1.19866762e+011 3.10005605e+010 2.61527604e+009 1.90556925e+008 2.82280068e+007 6.53503360e+006 1.43326200e+006 4.29284107e+005 7.77648027e+004 1.36161901e+004 3.04681499e+003 8.84361123e+002 2.88385545e+002 5.23995762e+001 9.34542611e+000 1.49912954e+000 2.51164739e-001 4.53413494e-003 0.00000000e+000 0.00000000e+000 0.00000000e+000
61432.92553740 0.000000 0.000000 0.000000 2.41165708e+012 1.27575649e+012 4.64510091e+011 2.11839477e+011 1.19866762e+011 3.10005605e+010 2.61527604e+009 1.90556925e+008 2.82280068e+007 6.53503360e+006 1.43326200e+006 4.29284107e+005 7.77648027e+004 1.36161901e+004 3.04681499e+003 8.84361123e+002 2.88385545e+002 5.23995762e+001 9.34542611e+000 1.49912954e+000 2.51164739e-001 4.53413494e-003 0.00000000e+000 0.00000000e+000 0.00000000e+000
61433.11753971 0.000000 0.000000 0.000000 2.41165708e+012 1.27575649e+012 4.64510091e+011 2.11839477e+011 1.19866762e+011 3.10005605e+010 2.61527604e+009 1.90556925e+008 2.82280068e+007 6.53503360e+006 1.43326200e+006 4.29284107e+005 7.77648027e+004 1.36161901e+004 3.04681499e+003 8.84361123e+002 2.88385545e+002 5.23995762e+001 9.34542611e+000 1.49912954e+000 2.51164739e-001 4.53413494e-003 0.00000000e+000 0.00000000e+000 0.00000000e+000
61433.30954203 0.000000 0.000000 0.000000 2.41165708e+012 1.27575649e+012 4.64510091e+011 2.11839477e+011 1.19866762e+011 3.10005605e+010 2.61527604e+009 1.90556925e+008 2.82280068e+007 6.53503360e+006 1.43326200e+006 4.29284107e+005 7.77648027e+004 1.36161901e+004 3.04681499e+003 8.84361123e+002 2.88385545e+002 5.23995762e+001 9.34542611e+000 1.49912954e+000 2.51164739e-001 4.53413494e-003 0.00000000e+000 0.00000000e+000 0.00000000e+000
61433.50154434 0.000000 0.000000 0.000000 2.41165708e+012 1.27575649e+012 4.64510091e+011 2.11839477e+011 1.19866762e+011 3.10005605e+010 2.61527604e+009 1.90556925e+008 2.82280068e+007 6.53503360e+006 1.43326200e+006 4.29284107e+005 7.77648027e+004 1.36161901e+004 3.04681499e+003 8.84361123e+002 2.88385545e+002 5.23995762e+001 9.34542611e+000 1.49912954e+000 2.51164739e-001 4.53413494e-003 0.00000000e+000 0.00000000e+000 0.00000000e+000
61433.69354666 0.000000 0.000000 0.000000 2.41165708e+012 1.27575649e+012 4.64510091e+011 2.11839477e+011 1.19866762e+011 3.10005605e+010 2.61527604e+009 1.90556925e+008 2.82280068e+007 6.53503360e+006 1.43326200e+006 4.29284107e+005 7.77648027e+004 1.36161901e+004 3.04681499e+003 8.84361123e+002 2.88385545e+002 5.23995762e+001 9.34542611e+000 1.49912954e+000 2.51164739e-001 4.53413494e-003 0.00000000e+000 0.00000000e+000 0.00000000e+000
61433.88554897 0.000000 0.000000 0.000000 2.41165708e+012 1.27575649e+012 4.64510091e+011 2.11839477e+011 1.19866762e+011 3.10005605e+010 2.61527604e+009 1.90556925e+008 2.82280068e+007 6.53503360e+006 1.43326200e+006 4.29284107e+005 7.77648027e+004 1.36161901e+004 3.04681499e+003 8.84361123e+002 2.88385545e+002 5.23995762e+001 9.34542611e+000 1.49912954e+000 2.51164739e-001 4.53413494e-003 0.00000000e+000 0.00000000e+000 0.00000000e+000
61433.90511367 0.000000 0.000000 0.000000 2.41165708e+012 1.27575649e+012 4.64510091e+011 2.11839477e+011 1.19866762e+011 3.10005605e+010 2.61527604e+009 1.90556925e+008 2.82280068e+007 6.53503360e+006 1.43326200e+006 4.29284107e+005 7.77648027e+004 1.36161901e+004 3.04681499e+003 8.84361123e+002 2.88385545e+002 5.23995762e+001 9.34542611e+000 1.49912954e+000 2.51164739e-001 4.53413494e-003 0.00000000e+000 0.00000000e+000 0.00000000e+000
