# Ae9Ap9 Model output file: MoonBEAM_trajectory_trade/Rp18408_COM_8per90prop30inc_Sci.AP9.output_mc_fluenceIntv_023.txt
# Ae9Ap9 Software Version:  1.50.001
#
# Model type:               AP9
# Particle species:         H+
# Flux type:                1PtDiff
# Flux direction:           Omnidirectional
# Energy levels (MeV):       0.1 0.2 0.4 0.6 0.8 1 2 4 6 8 10 15 20 30 50 60 80 100 150 200 300 400 700 1200 2000
#
# Accumulation mode:        Interval, length = 16589 seconds (0.192002 days)
#
# Time format:              Modified Julian Date
# Coordinate system:        GEI (Geocentric Equatorial Inertial) Cartesian in km
# Data Delimiter:           space
#
# datetime(mjd),posx(km),posy(km),posz(km),fluence,fluence,fluence,fluence,fluence,fluence,fluence,fluence,fluence,fluence,fluence,fluence,fluence,fluence,fluence,fluence,fluence,fluence,fluence,fluence,fluence,fluence,fluence,fluence,fluence(#/cm^2/MeV)
61429.66149804 0.000000 0.000000 0.000000 0.00000000e+000 0.00000000e+000 0.00000000e+000 0.00000000e+000 0.00000000e+000 0.00000000e+000 0.00000000e+000 0.00000000e+000 0.00000000e+000 0.00000000e+000 0.00000000e+000 0.00000000e+000 0.00000000e+000 0.00000000e+000 0.00000000e+000 0.00000000e+000 0.00000000e+000 0.00000000e+000 0.00000000e+000 0.00000000e+000 0.00000000e+000 0.00000000e+000 0.00000000e+000 0.00000000e+000 0.00000000e+000
61429.85350036 0.000000 0.000000 0.000000 0.00000000e+000 0.00000000e+000 0.00000000e+000 0.00000000e+000 0.00000000e+000 0.00000000e+000 0.00000000e+000 0.00000000e+000 0.00000000e+000 0.00000000e+000 0.00000000e+000 0.00000000e+000 0.00000000e+000 0.00000000e+000 0.00000000e+000 0.00000000e+000 0.00000000e+000 0.00000000e+000 0.00000000e+000 0.00000000e+000 0.00000000e+000 0.00000000e+000 0.00000000e+000 0.00000000e+000 0.00000000e+000
61430.04550267 0.000000 0.000000 0.000000 0.00000000e+000 0.00000000e+000 0.00000000e+000 0.00000000e+000 0.00000000e+000 0.00000000e+000 0.00000000e+000 0.00000000e+000 0.00000000e+000 0.00000000e+000 0.00000000e+000 0.00000000e+000 0.00000000e+000 0.00000000e+000 0.00000000e+000 0.00000000e+000 0.00000000e+000 0.00000000e+000 0.00000000e+000 0.00000000e+000 0.00000000e+000 0.00000000e+000 0.00000000e+000 0.00000000e+000 0.00000000e+000
61430.23750499 0.000000 0.000000 0.000000 0.00000000e+000 0.00000000e+000 0.00000000e+000 0.00000000e+000 0.00000000e+000 0.00000000e+000 0.00000000e+000 0.00000000e+000 0.00000000e+000 0.00000000e+000 0.00000000e+000 0.00000000e+000 0.00000000e+000 0.00000000e+000 0.00000000e+000 0.00000000e+000 0.00000000e+000 0.00000000e+000 0.00000000e+000 0.00000000e+000 0.00000000e+000 0.00000000e+000 0.00000000e+000 0.00000000e+000 0.00000000e+000
61430.42950730 0.000000 0.000000 0.000000 0.00000000e+000 0.00000000e+000 0.00000000e+000 0.00000000e+000 0.00000000e+000 0.00000000e+000 0.00000000e+000 0.00000000e+000 0.00000000e+000 0.00000000e+000 0.00000000e+000 0.00000000e+000 0.00000000e+000 0.00000000e+000 0.00000000e+000 0.00000000e+000 0.00000000e+000 0.00000000e+000 0.00000000e+000 0.00000000e+000 0.00000000e+000 0.00000000e+000 0.00000000e+000 0.00000000e+000 0.00000000e+000
61430.62150962 0.000000 0.000000 0.000000 0.00000000e+000 0.00000000e+000 0.00000000e+000 0.00000000e+000 0.00000000e+000 0.00000000e+000 0.00000000e+000 0.00000000e+000 0.00000000e+000 0.00000000e+000 0.00000000e+000 0.00000000e+000 0.00000000e+000 0.00000000e+000 0.00000000e+000 0.00000000e+000 0.00000000e+000 0.00000000e+000 0.00000000e+000 0.00000000e+000 0.00000000e+000 0.00000000e+000 0.00000000e+000 0.00000000e+000 0.00000000e+000
61430.81351193 0.000000 0.000000 0.000000 0.00000000e+000 0.00000000e+000 0.00000000e+000 0.00000000e+000 0.00000000e+000 0.00000000e+000 0.00000000e+000 0.00000000e+000 0.00000000e+000 0.00000000e+000 0.00000000e+000 0.00000000e+000 0.00000000e+000 0.00000000e+000 0.00000000e+000 0.00000000e+000 0.00000000e+000 0.00000000e+000 0.00000000e+000 0.00000000e+000 0.00000000e+000 0.00000000e+000 0.00000000e+000 0.00000000e+000 0.00000000e+000
61431.00551425 0.000000 0.000000 0.000000 0.00000000e+000 0.00000000e+000 0.00000000e+000 0.00000000e+000 0.00000000e+000 0.00000000e+000 0.00000000e+000 0.00000000e+000 0.00000000e+000 0.00000000e+000 0.00000000e+000 0.00000000e+000 0.00000000e+000 0.00000000e+000 0.00000000e+000 0.00000000e+000 0.00000000e+000 0.00000000e+000 0.00000000e+000 0.00000000e+000 0.00000000e+000 0.00000000e+000 0.00000000e+000 0.00000000e+000 0.00000000e+000
61431.19751656 0.000000 0.000000 0.000000 0.00000000e+000 0.00000000e+000 0.00000000e+000 0.00000000e+000 0.00000000e+000 0.00000000e+000 0.00000000e+000 0.00000000e+000 0.00000000e+000 0.00000000e+000 0.00000000e+000 0.00000000e+000 0.00000000e+000 0.00000000e+000 0.00000000e+000 0.00000000e+000 0.00000000e+000 0.00000000e+000 0.00000000e+000 0.00000000e+000 0.00000000e+000 0.00000000e+000 0.00000000e+000 0.00000000e+000 0.00000000e+000
61431.38951888 0.000000 0.000000 0.000000 0.00000000e+000 0.00000000e+000 0.00000000e+000 0.00000000e+000 0.00000000e+000 0.00000000e+000 0.00000000e+000 0.00000000e+000 0.00000000e+000 0.00000000e+000 0.00000000e+000 0.00000000e+000 0.00000000e+000 0.00000000e+000 0.00000000e+000 0.00000000e+000 0.00000000e+000 0.00000000e+000 0.00000000e+000 0.00000000e+000 0.00000000e+000 0.00000000e+000 0.00000000e+000 0.00000000e+000 0.00000000e+000
61431.58152119 0.000000 0.000000 0.000000 8.19581308e+007 2.77521928e+007 4.71925367e+006 7.37814531e+005 1.36946997e+005 4.53128756e+003 2.09069663e+001 -3.74767499e-002 0.00000000e+000 0.00000000e+000 0.00000000e+000 0.00000000e+000 0.00000000e+000 0.00000000e+000 0.00000000e+000 0.00000000e+000 0.00000000e+000 0.00000000e+000 0.00000000e+000 0.00000000e+000 0.00000000e+000 0.00000000e+000 0.00000000e+000 0.00000000e+000 0.00000000e+000
61431.77352351 0.000000 0.000000 0.000000 1.73727406e+012 1.13669867e+012 5.43465384e+011 2.81959302e+011 1.59950711e+011 4.33156053e+010 3.87216150e+009 2.33650277e+008 1.57055742e+007 2.59822819e+006 3.84014323e+005 8.82655702e+004 1.58859325e+004 5.42494231e+003 3.37440431e+003 1.85929551e+003 1.13004417e+003 4.26643494e+002 1.14229260e+002 1.90075267e+001 2.88272598e+000 3.96460807e-002 0.00000000e+000 0.00000000e+000 0.00000000e+000
61431.96552582 0.000000 0.000000 0.000000 1.98410201e+012 1.22462137e+012 5.66967147e+011 2.89129740e+011 1.62531779e+011 4.36749193e+010 3.88734752e+009 2.33842021e+008 1.57105102e+007 2.59867268e+006 3.84071580e+005 8.82656397e+004 1.58859325e+004 5.42494231e+003 3.37440431e+003 1.85929551e+003 1.13004417e+003 4.26643494e+002 1.14229260e+002 1.90075267e+001 2.88272598e+000 3.96460807e-002 0.00000000e+000 0.00000000e+000 0.00000000e+000
61432.15752814 0.000000 0.000000 0.000000 1.98410201e+012 1.22462137e+012 5.66967147e+011 2.89129740e+011 1.62531779e+011 4.36749193e+010 3.88734752e+009 2.33842021e+008 1.57105102e+007 2.59867268e+006 3.84071580e+005 8.82656397e+004 1.58859325e+004 5.42494231e+003 3.37440431e+003 1.85929551e+003 1.13004417e+003 4.26643494e+002 1.14229260e+002 1.90075267e+001 2.88272598e+000 3.96460807e-002 0.00000000e+000 0.00000000e+000 0.00000000e+000
61432.34953045 0.000000 0.000000 0.000000 1.98410201e+012 1.22462137e+012 5.66967147e+011 2.89129740e+011 1.62531779e+011 4.36749193e+010 3.88734752e+009 2.33842021e+008 1.57105102e+007 2.59867268e+006 3.84071580e+005 8.82656397e+004 1.58859325e+004 5.42494231e+003 3.37440431e+003 1.85929551e+003 1.13004417e+003 4.26643494e+002 1.14229260e+002 1.90075267e+001 2.88272598e+000 3.96460807e-002 0.00000000e+000 0.00000000e+000 0.00000000e+000
61432.54153277 0.000000 0.000000 0.000000 1.98410201e+012 1.22462137e+012 5.66967147e+011 2.89129740e+011 1.62531779e+011 4.36749193e+010 3.88734752e+009 2.33842021e+008 1.57105102e+007 2.59867268e+006 3.84071580e+005 8.82656397e+004 1.58859325e+004 5.42494231e+003 3.37440431e+003 1.85929551e+003 1.13004417e+003 4.26643494e+002 1.14229260e+002 1.90075267e+001 2.88272598e+000 3.96460807e-002 0.00000000e+000 0.00000000e+000 0.00000000e+000
61432.73353508 0.000000 0.000000 0.000000 1.98410201e+012 1.22462137e+012 5.66967147e+011 2.89129740e+011 1.62531779e+011 4.36749193e+010 3.88734752e+009 2.33842021e+008 1.57105102e+007 2.59867268e+006 3.84071580e+005 8.82656397e+004 1.58859325e+004 5.42494231e+003 3.37440431e+003 1.85929551e+003 1.13004417e+003 4.26643494e+002 1.14229260e+002 1.90075267e+001 2.88272598e+000 3.96460807e-002 0.00000000e+000 0.00000000e+000 0.00000000e+000
61432.92553740 0.000000 0.000000 0.000000 1.98410201e+012 1.22462137e+012 5.66967147e+011 2.89129740e+011 1.62531779e+011 4.36749193e+010 3.88734752e+009 2.33842021e+008 1.57105102e+007 2.59867268e+006 3.84071580e+005 8.82656397e+004 1.58859325e+004 5.42494231e+003 3.37440431e+003 1.85929551e+003 1.13004417e+003 4.26643494e+002 1.14229260e+002 1.90075267e+001 2.88272598e+000 3.96460807e-002 0.00000000e+000 0.00000000e+000 0.00000000e+000
61433.11753971 0.000000 0.000000 0.000000 1.98410201e+012 1.22462137e+012 5.66967147e+011 2.89129740e+011 1.62531779e+011 4.36749193e+010 3.88734752e+009 2.33842021e+008 1.57105102e+007 2.59867268e+006 3.84071580e+005 8.82656397e+004 1.58859325e+004 5.42494231e+003 3.37440431e+003 1.85929551e+003 1.13004417e+003 4.26643494e+002 1.14229260e+002 1.90075267e+001 2.88272598e+000 3.96460807e-002 0.00000000e+000 0.00000000e+000 0.00000000e+000
61433.30954203 0.000000 0.000000 0.000000 1.98410201e+012 1.22462137e+012 5.66967147e+011 2.89129740e+011 1.62531779e+011 4.36749193e+010 3.88734752e+009 2.33842021e+008 1.57105102e+007 2.59867268e+006 3.84071580e+005 8.82656397e+004 1.58859325e+004 5.42494231e+003 3.37440431e+003 1.85929551e+003 1.13004417e+003 4.26643494e+002 1.14229260e+002 1.90075267e+001 2.88272598e+000 3.96460807e-002 0.00000000e+000 0.00000000e+000 0.00000000e+000
61433.50154434 0.000000 0.000000 0.000000 1.98410201e+012 1.22462137e+012 5.66967147e+011 2.89129740e+011 1.62531779e+011 4.36749193e+010 3.88734752e+009 2.33842021e+008 1.57105102e+007 2.59867268e+006 3.84071580e+005 8.82656397e+004 1.58859325e+004 5.42494231e+003 3.37440431e+003 1.85929551e+003 1.13004417e+003 4.26643494e+002 1.14229260e+002 1.90075267e+001 2.88272598e+000 3.96460807e-002 0.00000000e+000 0.00000000e+000 0.00000000e+000
61433.69354666 0.000000 0.000000 0.000000 1.98410201e+012 1.22462137e+012 5.66967147e+011 2.89129740e+011 1.62531779e+011 4.36749193e+010 3.88734752e+009 2.33842021e+008 1.57105102e+007 2.59867268e+006 3.84071580e+005 8.82656397e+004 1.58859325e+004 5.42494231e+003 3.37440431e+003 1.85929551e+003 1.13004417e+003 4.26643494e+002 1.14229260e+002 1.90075267e+001 2.88272598e+000 3.96460807e-002 0.00000000e+000 0.00000000e+000 0.00000000e+000
61433.88554897 0.000000 0.000000 0.000000 1.98410201e+012 1.22462137e+012 5.66967147e+011 2.89129740e+011 1.62531779e+011 4.36749193e+010 3.88734752e+009 2.33842021e+008 1.57105102e+007 2.59867268e+006 3.84071580e+005 8.82656397e+004 1.58859325e+004 5.42494231e+003 3.37440431e+003 1.85929551e+003 1.13004417e+003 4.26643494e+002 1.14229260e+002 1.90075267e+001 2.88272598e+000 3.96460807e-002 0.00000000e+000 0.00000000e+000 0.00000000e+000
61433.90511367 0.000000 0.000000 0.000000 1.98410201e+012 1.22462137e+012 5.66967147e+011 2.89129740e+011 1.62531779e+011 4.36749193e+010 3.88734752e+009 2.33842021e+008 1.57105102e+007 2.59867268e+006 3.84071580e+005 8.82656397e+004 1.58859325e+004 5.42494231e+003 3.37440431e+003 1.85929551e+003 1.13004417e+003 4.26643494e+002 1.14229260e+002 1.90075267e+001 2.88272598e+000 3.96460807e-002 0.00000000e+000 0.00000000e+000 0.00000000e+000
