# Ae9Ap9 Model output file: MoonBEAM_trajectory_trade/Rp18408_COM_8per90prop30inc_Sci.AP9.output_mc_fluenceIntv_011.txt
# Ae9Ap9 Software Version:  1.50.001
#
# Model type:               AP9
# Particle species:         H+
# Flux type:                1PtDiff
# Flux direction:           Omnidirectional
# Energy levels (MeV):       0.1 0.2 0.4 0.6 0.8 1 2 4 6 8 10 15 20 30 50 60 80 100 150 200 300 400 700 1200 2000
#
# Accumulation mode:        Interval, length = 16589 seconds (0.192002 days)
#
# Time format:              Modified Julian Date
# Coordinate system:        GEI (Geocentric Equatorial Inertial) Cartesian in km
# Data Delimiter:           space
#
# datetime(mjd),posx(km),posy(km),posz(km),fluence,fluence,fluence,fluence,fluence,fluence,fluence,fluence,fluence,fluence,fluence,fluence,fluence,fluence,fluence,fluence,fluence,fluence,fluence,fluence,fluence,fluence,fluence,fluence,fluence(#/cm^2/MeV)
61429.66149804 0.000000 0.000000 0.000000 0.00000000e+000 0.00000000e+000 0.00000000e+000 0.00000000e+000 0.00000000e+000 0.00000000e+000 0.00000000e+000 0.00000000e+000 0.00000000e+000 0.00000000e+000 0.00000000e+000 0.00000000e+000 0.00000000e+000 0.00000000e+000 0.00000000e+000 0.00000000e+000 0.00000000e+000 0.00000000e+000 0.00000000e+000 0.00000000e+000 0.00000000e+000 0.00000000e+000 0.00000000e+000 0.00000000e+000 0.00000000e+000
61429.85350036 0.000000 0.000000 0.000000 0.00000000e+000 0.00000000e+000 0.00000000e+000 0.00000000e+000 0.00000000e+000 0.00000000e+000 0.00000000e+000 0.00000000e+000 0.00000000e+000 0.00000000e+000 0.00000000e+000 0.00000000e+000 0.00000000e+000 0.00000000e+000 0.00000000e+000 0.00000000e+000 0.00000000e+000 0.00000000e+000 0.00000000e+000 0.00000000e+000 0.00000000e+000 0.00000000e+000 0.00000000e+000 0.00000000e+000 0.00000000e+000
61430.04550267 0.000000 0.000000 0.000000 0.00000000e+000 0.00000000e+000 0.00000000e+000 0.00000000e+000 0.00000000e+000 0.00000000e+000 0.00000000e+000 0.00000000e+000 0.00000000e+000 0.00000000e+000 0.00000000e+000 0.00000000e+000 0.00000000e+000 0.00000000e+000 0.00000000e+000 0.00000000e+000 0.00000000e+000 0.00000000e+000 0.00000000e+000 0.00000000e+000 0.00000000e+000 0.00000000e+000 0.00000000e+000 0.00000000e+000 0.00000000e+000
61430.23750499 0.000000 0.000000 0.000000 0.00000000e+000 0.00000000e+000 0.00000000e+000 0.00000000e+000 0.00000000e+000 0.00000000e+000 0.00000000e+000 0.00000000e+000 0.00000000e+000 0.00000000e+000 0.00000000e+000 0.00000000e+000 0.00000000e+000 0.00000000e+000 0.00000000e+000 0.00000000e+000 0.00000000e+000 0.00000000e+000 0.00000000e+000 0.00000000e+000 0.00000000e+000 0.00000000e+000 0.00000000e+000 0.00000000e+000 0.00000000e+000
61430.42950730 0.000000 0.000000 0.000000 0.00000000e+000 0.00000000e+000 0.00000000e+000 0.00000000e+000 0.00000000e+000 0.00000000e+000 0.00000000e+000 0.00000000e+000 0.00000000e+000 0.00000000e+000 0.00000000e+000 0.00000000e+000 0.00000000e+000 0.00000000e+000 0.00000000e+000 0.00000000e+000 0.00000000e+000 0.00000000e+000 0.00000000e+000 0.00000000e+000 0.00000000e+000 0.00000000e+000 0.00000000e+000 0.00000000e+000 0.00000000e+000
61430.62150962 0.000000 0.000000 0.000000 0.00000000e+000 0.00000000e+000 0.00000000e+000 0.00000000e+000 0.00000000e+000 0.00000000e+000 0.00000000e+000 0.00000000e+000 0.00000000e+000 0.00000000e+000 0.00000000e+000 0.00000000e+000 0.00000000e+000 0.00000000e+000 0.00000000e+000 0.00000000e+000 0.00000000e+000 0.00000000e+000 0.00000000e+000 0.00000000e+000 0.00000000e+000 0.00000000e+000 0.00000000e+000 0.00000000e+000 0.00000000e+000
61430.81351193 0.000000 0.000000 0.000000 0.00000000e+000 0.00000000e+000 0.00000000e+000 0.00000000e+000 0.00000000e+000 0.00000000e+000 0.00000000e+000 0.00000000e+000 0.00000000e+000 0.00000000e+000 0.00000000e+000 0.00000000e+000 0.00000000e+000 0.00000000e+000 0.00000000e+000 0.00000000e+000 0.00000000e+000 0.00000000e+000 0.00000000e+000 0.00000000e+000 0.00000000e+000 0.00000000e+000 0.00000000e+000 0.00000000e+000 0.00000000e+000
61431.00551425 0.000000 0.000000 0.000000 0.00000000e+000 0.00000000e+000 0.00000000e+000 0.00000000e+000 0.00000000e+000 0.00000000e+000 0.00000000e+000 0.00000000e+000 0.00000000e+000 0.00000000e+000 0.00000000e+000 0.00000000e+000 0.00000000e+000 0.00000000e+000 0.00000000e+000 0.00000000e+000 0.00000000e+000 0.00000000e+000 0.00000000e+000 0.00000000e+000 0.00000000e+000 0.00000000e+000 0.00000000e+000 0.00000000e+000 0.00000000e+000
61431.19751656 0.000000 0.000000 0.000000 0.00000000e+000 0.00000000e+000 0.00000000e+000 0.00000000e+000 0.00000000e+000 0.00000000e+000 0.00000000e+000 0.00000000e+000 0.00000000e+000 0.00000000e+000 0.00000000e+000 0.00000000e+000 0.00000000e+000 0.00000000e+000 0.00000000e+000 0.00000000e+000 0.00000000e+000 0.00000000e+000 0.00000000e+000 0.00000000e+000 0.00000000e+000 0.00000000e+000 0.00000000e+000 0.00000000e+000 0.00000000e+000
61431.38951888 0.000000 0.000000 0.000000 0.00000000e+000 0.00000000e+000 0.00000000e+000 0.00000000e+000 0.00000000e+000 0.00000000e+000 0.00000000e+000 0.00000000e+000 0.00000000e+000 0.00000000e+000 0.00000000e+000 0.00000000e+000 0.00000000e+000 0.00000000e+000 0.00000000e+000 0.00000000e+000 0.00000000e+000 0.00000000e+000 0.00000000e+000 0.00000000e+000 0.00000000e+000 0.00000000e+000 0.00000000e+000 0.00000000e+000 0.00000000e+000
61431.58152119 0.000000 0.000000 0.000000 7.42280802e+007 2.12248976e+007 3.12690800e+006 7.82459380e+005 2.44514458e+005 7.88245310e+003 6.19026595e+001 -1.22848667e-001 0.00000000e+000 0.00000000e+000 0.00000000e+000 0.00000000e+000 0.00000000e+000 0.00000000e+000 0.00000000e+000 0.00000000e+000 0.00000000e+000 0.00000000e+000 0.00000000e+000 0.00000000e+000 0.00000000e+000 0.00000000e+000 0.00000000e+000 0.00000000e+000 0.00000000e+000
61431.77352351 0.000000 0.000000 0.000000 5.21910257e+011 3.99527368e+011 3.19721632e+011 2.24657565e+011 1.40590485e+011 3.75125459e+010 3.07859205e+009 3.16418191e+008 4.92569058e+007 7.98401562e+006 1.03103445e+006 1.70218131e+005 2.17048740e+004 4.01084798e+003 1.63857942e+003 8.12111158e+002 4.81259871e+002 2.14510184e+002 8.67624272e+001 2.01294224e+001 4.28899868e+000 8.31377345e-002 0.00000000e+000 0.00000000e+000 0.00000000e+000
61431.96552582 0.000000 0.000000 0.000000 6.54066130e+011 4.61984679e+011 3.42563584e+011 2.32020920e+011 1.43338482e+011 3.78538759e+010 3.10312961e+009 3.16980032e+008 4.92729785e+007 7.98514371e+006 1.03112951e+006 1.70218182e+005 2.17048740e+004 4.01084798e+003 1.63857942e+003 8.12111158e+002 4.81259871e+002 2.14510184e+002 8.67624272e+001 2.01294224e+001 4.28899868e+000 8.31377345e-002 0.00000000e+000 0.00000000e+000 0.00000000e+000
61432.15752814 0.000000 0.000000 0.000000 6.54066130e+011 4.61984679e+011 3.42563584e+011 2.32020920e+011 1.43338482e+011 3.78538759e+010 3.10312961e+009 3.16980032e+008 4.92729785e+007 7.98514371e+006 1.03112951e+006 1.70218182e+005 2.17048740e+004 4.01084798e+003 1.63857942e+003 8.12111158e+002 4.81259871e+002 2.14510184e+002 8.67624272e+001 2.01294224e+001 4.28899868e+000 8.31377345e-002 0.00000000e+000 0.00000000e+000 0.00000000e+000
61432.34953045 0.000000 0.000000 0.000000 6.54066130e+011 4.61984679e+011 3.42563584e+011 2.32020920e+011 1.43338482e+011 3.78538759e+010 3.10312961e+009 3.16980032e+008 4.92729785e+007 7.98514371e+006 1.03112951e+006 1.70218182e+005 2.17048740e+004 4.01084798e+003 1.63857942e+003 8.12111158e+002 4.81259871e+002 2.14510184e+002 8.67624272e+001 2.01294224e+001 4.28899868e+000 8.31377345e-002 0.00000000e+000 0.00000000e+000 0.00000000e+000
61432.54153277 0.000000 0.000000 0.000000 6.54066130e+011 4.61984679e+011 3.42563584e+011 2.32020920e+011 1.43338482e+011 3.78538759e+010 3.10312961e+009 3.16980032e+008 4.92729785e+007 7.98514371e+006 1.03112951e+006 1.70218182e+005 2.17048740e+004 4.01084798e+003 1.63857942e+003 8.12111158e+002 4.81259871e+002 2.14510184e+002 8.67624272e+001 2.01294224e+001 4.28899868e+000 8.31377345e-002 0.00000000e+000 0.00000000e+000 0.00000000e+000
61432.73353508 0.000000 0.000000 0.000000 6.54066130e+011 4.61984679e+011 3.42563584e+011 2.32020920e+011 1.43338482e+011 3.78538759e+010 3.10312961e+009 3.16980032e+008 4.92729785e+007 7.98514371e+006 1.03112951e+006 1.70218182e+005 2.17048740e+004 4.01084798e+003 1.63857942e+003 8.12111158e+002 4.81259871e+002 2.14510184e+002 8.67624272e+001 2.01294224e+001 4.28899868e+000 8.31377345e-002 0.00000000e+000 0.00000000e+000 0.00000000e+000
61432.92553740 0.000000 0.000000 0.000000 6.54066130e+011 4.61984679e+011 3.42563584e+011 2.32020920e+011 1.43338482e+011 3.78538759e+010 3.10312961e+009 3.16980032e+008 4.92729785e+007 7.98514371e+006 1.03112951e+006 1.70218182e+005 2.17048740e+004 4.01084798e+003 1.63857942e+003 8.12111158e+002 4.81259871e+002 2.14510184e+002 8.67624272e+001 2.01294224e+001 4.28899868e+000 8.31377345e-002 0.00000000e+000 0.00000000e+000 0.00000000e+000
61433.11753971 0.000000 0.000000 0.000000 6.54066130e+011 4.61984679e+011 3.42563584e+011 2.32020920e+011 1.43338482e+011 3.78538759e+010 3.10312961e+009 3.16980032e+008 4.92729785e+007 7.98514371e+006 1.03112951e+006 1.70218182e+005 2.17048740e+004 4.01084798e+003 1.63857942e+003 8.12111158e+002 4.81259871e+002 2.14510184e+002 8.67624272e+001 2.01294224e+001 4.28899868e+000 8.31377345e-002 0.00000000e+000 0.00000000e+000 0.00000000e+000
61433.30954203 0.000000 0.000000 0.000000 6.54066130e+011 4.61984679e+011 3.42563584e+011 2.32020920e+011 1.43338482e+011 3.78538759e+010 3.10312961e+009 3.16980032e+008 4.92729785e+007 7.98514371e+006 1.03112951e+006 1.70218182e+005 2.17048740e+004 4.01084798e+003 1.63857942e+003 8.12111158e+002 4.81259871e+002 2.14510184e+002 8.67624272e+001 2.01294224e+001 4.28899868e+000 8.31377345e-002 0.00000000e+000 0.00000000e+000 0.00000000e+000
61433.50154434 0.000000 0.000000 0.000000 6.54066130e+011 4.61984679e+011 3.42563584e+011 2.32020920e+011 1.43338482e+011 3.78538759e+010 3.10312961e+009 3.16980032e+008 4.92729785e+007 7.98514371e+006 1.03112951e+006 1.70218182e+005 2.17048740e+004 4.01084798e+003 1.63857942e+003 8.12111158e+002 4.81259871e+002 2.14510184e+002 8.67624272e+001 2.01294224e+001 4.28899868e+000 8.31377345e-002 0.00000000e+000 0.00000000e+000 0.00000000e+000
61433.69354666 0.000000 0.000000 0.000000 6.54066130e+011 4.61984679e+011 3.42563584e+011 2.32020920e+011 1.43338482e+011 3.78538759e+010 3.10312961e+009 3.16980032e+008 4.92729785e+007 7.98514371e+006 1.03112951e+006 1.70218182e+005 2.17048740e+004 4.01084798e+003 1.63857942e+003 8.12111158e+002 4.81259871e+002 2.14510184e+002 8.67624272e+001 2.01294224e+001 4.28899868e+000 8.31377345e-002 0.00000000e+000 0.00000000e+000 0.00000000e+000
61433.88554897 0.000000 0.000000 0.000000 6.54066130e+011 4.61984679e+011 3.42563584e+011 2.32020920e+011 1.43338482e+011 3.78538759e+010 3.10312961e+009 3.16980032e+008 4.92729785e+007 7.98514371e+006 1.03112951e+006 1.70218182e+005 2.17048740e+004 4.01084798e+003 1.63857942e+003 8.12111158e+002 4.81259871e+002 2.14510184e+002 8.67624272e+001 2.01294224e+001 4.28899868e+000 8.31377345e-002 0.00000000e+000 0.00000000e+000 0.00000000e+000
61433.90511367 0.000000 0.000000 0.000000 6.54066130e+011 4.61984679e+011 3.42563584e+011 2.32020920e+011 1.43338482e+011 3.78538759e+010 3.10312961e+009 3.16980032e+008 4.92729785e+007 7.98514371e+006 1.03112951e+006 1.70218182e+005 2.17048740e+004 4.01084798e+003 1.63857942e+003 8.12111158e+002 4.81259871e+002 2.14510184e+002 8.67624272e+001 2.01294224e+001 4.28899868e+000 8.31377345e-002 0.00000000e+000 0.00000000e+000 0.00000000e+000
