# Ae9Ap9 Model output file: MoonBEAM_trajectory_trade/Rp18408_COM_8per90prop30inc_Sci.AE9.output_mc_fluenceIntv_003.txt
# Ae9Ap9 Software Version:  1.50.001
#
# Model type:               AE9
# Particle species:         e-
# Flux type:                1PtDiff
# Flux direction:           Omnidirectional
# Energy levels (MeV):       0.04 0.07 0.1 0.25 0.5 0.75 1 1.5 2 2.5 3 3.5 4 4.5 5 5.5 6 6.5 7 8.5 10
#
# Accumulation mode:        Interval, length = 16589 seconds (0.192002 days)
#
# Time format:              Modified Julian Date
# Coordinate system:        GEI (Geocentric Equatorial Inertial) Cartesian in km
# Data Delimiter:           space
#
# datetime(mjd),posx(km),posy(km),posz(km),fluence,fluence,fluence,fluence,fluence,fluence,fluence,fluence,fluence,fluence,fluence,fluence,fluence,fluence,fluence,fluence,fluence,fluence,fluence,fluence,fluence(#/cm^2/MeV)
61429.66149804 0.000000 0.000000 0.000000 0.00000000e+000 0.00000000e+000 0.00000000e+000 0.00000000e+000 0.00000000e+000 0.00000000e+000 0.00000000e+000 0.00000000e+000 0.00000000e+000 0.00000000e+000 0.00000000e+000 0.00000000e+000 0.00000000e+000 0.00000000e+000 0.00000000e+000 0.00000000e+000 0.00000000e+000 0.00000000e+000 0.00000000e+000 0.00000000e+000 0.00000000e+000
61429.85350036 0.000000 0.000000 0.000000 0.00000000e+000 0.00000000e+000 0.00000000e+000 0.00000000e+000 0.00000000e+000 0.00000000e+000 0.00000000e+000 0.00000000e+000 0.00000000e+000 0.00000000e+000 0.00000000e+000 0.00000000e+000 0.00000000e+000 0.00000000e+000 0.00000000e+000 0.00000000e+000 0.00000000e+000 0.00000000e+000 0.00000000e+000 0.00000000e+000 0.00000000e+000
61430.04550267 0.000000 0.000000 0.000000 0.00000000e+000 0.00000000e+000 0.00000000e+000 0.00000000e+000 0.00000000e+000 0.00000000e+000 0.00000000e+000 0.00000000e+000 0.00000000e+000 0.00000000e+000 0.00000000e+000 0.00000000e+000 0.00000000e+000 0.00000000e+000 0.00000000e+000 0.00000000e+000 0.00000000e+000 0.00000000e+000 0.00000000e+000 0.00000000e+000 0.00000000e+000
61430.23750499 0.000000 0.000000 0.000000 0.00000000e+000 0.00000000e+000 0.00000000e+000 0.00000000e+000 0.00000000e+000 0.00000000e+000 0.00000000e+000 0.00000000e+000 0.00000000e+000 0.00000000e+000 0.00000000e+000 0.00000000e+000 0.00000000e+000 0.00000000e+000 0.00000000e+000 0.00000000e+000 0.00000000e+000 0.00000000e+000 0.00000000e+000 0.00000000e+000 0.00000000e+000
61430.42950730 0.000000 0.000000 0.000000 0.00000000e+000 0.00000000e+000 0.00000000e+000 0.00000000e+000 0.00000000e+000 0.00000000e+000 0.00000000e+000 0.00000000e+000 0.00000000e+000 0.00000000e+000 0.00000000e+000 0.00000000e+000 0.00000000e+000 0.00000000e+000 0.00000000e+000 0.00000000e+000 0.00000000e+000 0.00000000e+000 0.00000000e+000 0.00000000e+000 0.00000000e+000
61430.62150962 0.000000 0.000000 0.000000 0.00000000e+000 0.00000000e+000 0.00000000e+000 0.00000000e+000 0.00000000e+000 0.00000000e+000 0.00000000e+000 0.00000000e+000 0.00000000e+000 0.00000000e+000 0.00000000e+000 0.00000000e+000 0.00000000e+000 0.00000000e+000 0.00000000e+000 0.00000000e+000 0.00000000e+000 0.00000000e+000 0.00000000e+000 0.00000000e+000 0.00000000e+000
61430.81351193 0.000000 0.000000 0.000000 0.00000000e+000 0.00000000e+000 0.00000000e+000 0.00000000e+000 0.00000000e+000 0.00000000e+000 0.00000000e+000 0.00000000e+000 0.00000000e+000 0.00000000e+000 0.00000000e+000 0.00000000e+000 0.00000000e+000 0.00000000e+000 0.00000000e+000 0.00000000e+000 0.00000000e+000 0.00000000e+000 0.00000000e+000 0.00000000e+000 0.00000000e+000
61431.00551425 0.000000 0.000000 0.000000 0.00000000e+000 0.00000000e+000 0.00000000e+000 0.00000000e+000 0.00000000e+000 0.00000000e+000 0.00000000e+000 0.00000000e+000 0.00000000e+000 0.00000000e+000 0.00000000e+000 0.00000000e+000 0.00000000e+000 0.00000000e+000 0.00000000e+000 0.00000000e+000 0.00000000e+000 0.00000000e+000 0.00000000e+000 0.00000000e+000 0.00000000e+000
61431.19751656 0.000000 0.000000 0.000000 0.00000000e+000 0.00000000e+000 0.00000000e+000 0.00000000e+000 0.00000000e+000 0.00000000e+000 0.00000000e+000 0.00000000e+000 0.00000000e+000 0.00000000e+000 0.00000000e+000 0.00000000e+000 0.00000000e+000 0.00000000e+000 0.00000000e+000 0.00000000e+000 0.00000000e+000 0.00000000e+000 0.00000000e+000 0.00000000e+000 0.00000000e+000
61431.38951888 0.000000 0.000000 0.000000 0.00000000e+000 0.00000000e+000 0.00000000e+000 0.00000000e+000 0.00000000e+000 0.00000000e+000 0.00000000e+000 0.00000000e+000 0.00000000e+000 0.00000000e+000 0.00000000e+000 0.00000000e+000 0.00000000e+000 0.00000000e+000 0.00000000e+000 0.00000000e+000 0.00000000e+000 0.00000000e+000 0.00000000e+000 0.00000000e+000 0.00000000e+000
61431.58152119 0.000000 0.000000 0.000000 1.00101273e+010 9.73436320e+009 3.96446100e+009 1.29882094e+009 2.57475877e+008 3.74561989e+007 9.40599490e+006 3.19057620e+006 1.03190790e+006 3.81591848e+005 1.98601581e+005 1.14836764e+005 7.56795581e+004 4.43300779e+004 2.64690504e+004 1.08676222e+004 1.42315343e+003 1.05844686e+003 6.90146231e+002 -1.07863147e+002 0.00000000e+000
61431.77352351 0.000000 0.000000 0.000000 4.72733601e+012 5.50629697e+012 3.21645221e+012 1.04354480e+012 2.47023963e+011 9.48351274e+010 3.86310075e+010 1.25271354e+010 4.66150706e+009 1.63492819e+009 6.39990463e+008 2.70138372e+008 1.16154059e+008 5.22520682e+007 2.25350535e+007 1.06412593e+007 5.56493114e+006 3.47196903e+006 1.88370781e+006 8.82341971e+005 5.40501302e+005
61431.96552582 0.000000 0.000000 0.000000 5.82569525e+012 6.68732636e+012 3.75199076e+012 1.31238234e+012 3.54048851e+011 1.41015800e+011 5.71554738e+010 1.84533883e+010 6.52269745e+009 2.17034609e+009 8.19960540e+008 3.42828231e+008 1.48597853e+008 6.73910635e+007 2.88592559e+007 1.34006289e+007 6.91680204e+006 4.29976191e+006 2.32336187e+006 1.08125475e+006 6.60619315e+005
61432.15752814 0.000000 0.000000 0.000000 5.82569525e+012 6.68732636e+012 3.75199076e+012 1.31238234e+012 3.54048851e+011 1.41015800e+011 5.71554738e+010 1.84533883e+010 6.52269745e+009 2.17034609e+009 8.19960540e+008 3.42828231e+008 1.48597853e+008 6.73910635e+007 2.88592559e+007 1.34006289e+007 6.91680204e+006 4.29976191e+006 2.32336187e+006 1.08125475e+006 6.60619315e+005
61432.34953045 0.000000 0.000000 0.000000 5.82569525e+012 6.68732636e+012 3.75199076e+012 1.31238234e+012 3.54048851e+011 1.41015800e+011 5.71554738e+010 1.84533883e+010 6.52269745e+009 2.17034609e+009 8.19960540e+008 3.42828231e+008 1.48597853e+008 6.73910635e+007 2.88592559e+007 1.34006289e+007 6.91680204e+006 4.29976191e+006 2.32336187e+006 1.08125475e+006 6.60619315e+005
61432.54153277 0.000000 0.000000 0.000000 5.82569525e+012 6.68732636e+012 3.75199076e+012 1.31238234e+012 3.54048851e+011 1.41015800e+011 5.71554738e+010 1.84533883e+010 6.52269745e+009 2.17034609e+009 8.19960540e+008 3.42828231e+008 1.48597853e+008 6.73910635e+007 2.88592559e+007 1.34006289e+007 6.91680204e+006 4.29976191e+006 2.32336187e+006 1.08125475e+006 6.60619315e+005
61432.73353508 0.000000 0.000000 0.000000 5.82569525e+012 6.68732636e+012 3.75199076e+012 1.31238234e+012 3.54048851e+011 1.41015800e+011 5.71554738e+010 1.84533883e+010 6.52269745e+009 2.17034609e+009 8.19960540e+008 3.42828231e+008 1.48597853e+008 6.73910635e+007 2.88592559e+007 1.34006289e+007 6.91680204e+006 4.29976191e+006 2.32336187e+006 1.08125475e+006 6.60619315e+005
61432.92553740 0.000000 0.000000 0.000000 5.82569525e+012 6.68732636e+012 3.75199076e+012 1.31238234e+012 3.54048851e+011 1.41015800e+011 5.71554738e+010 1.84533883e+010 6.52269745e+009 2.17034609e+009 8.19960540e+008 3.42828231e+008 1.48597853e+008 6.73910635e+007 2.88592559e+007 1.34006289e+007 6.91680204e+006 4.29976191e+006 2.32336187e+006 1.08125475e+006 6.60619315e+005
61433.11753971 0.000000 0.000000 0.000000 5.82569525e+012 6.68732636e+012 3.75199076e+012 1.31238234e+012 3.54048851e+011 1.41015800e+011 5.71554738e+010 1.84533883e+010 6.52269745e+009 2.17034609e+009 8.19960540e+008 3.42828231e+008 1.48597853e+008 6.73910635e+007 2.88592559e+007 1.34006289e+007 6.91680204e+006 4.29976191e+006 2.32336187e+006 1.08125475e+006 6.60619315e+005
61433.30954203 0.000000 0.000000 0.000000 5.82569525e+012 6.68732636e+012 3.75199076e+012 1.31238234e+012 3.54048851e+011 1.41015800e+011 5.71554738e+010 1.84533883e+010 6.52269745e+009 2.17034609e+009 8.19960540e+008 3.42828231e+008 1.48597853e+008 6.73910635e+007 2.88592559e+007 1.34006289e+007 6.91680204e+006 4.29976191e+006 2.32336187e+006 1.08125475e+006 6.60619315e+005
61433.50154434 0.000000 0.000000 0.000000 5.82569525e+012 6.68732636e+012 3.75199076e+012 1.31238234e+012 3.54048851e+011 1.41015800e+011 5.71554738e+010 1.84533883e+010 6.52269745e+009 2.17034609e+009 8.19960540e+008 3.42828231e+008 1.48597853e+008 6.73910635e+007 2.88592559e+007 1.34006289e+007 6.91680204e+006 4.29976191e+006 2.32336187e+006 1.08125475e+006 6.60619315e+005
61433.69354666 0.000000 0.000000 0.000000 5.82569525e+012 6.68732636e+012 3.75199076e+012 1.31238234e+012 3.54048851e+011 1.41015800e+011 5.71554738e+010 1.84533883e+010 6.52269745e+009 2.17034609e+009 8.19960540e+008 3.42828231e+008 1.48597853e+008 6.73910635e+007 2.88592559e+007 1.34006289e+007 6.91680204e+006 4.29976191e+006 2.32336187e+006 1.08125475e+006 6.60619315e+005
61433.88554897 0.000000 0.000000 0.000000 5.82569525e+012 6.68732636e+012 3.75199076e+012 1.31238234e+012 3.54048851e+011 1.41015800e+011 5.71554738e+010 1.84533883e+010 6.52269745e+009 2.17034609e+009 8.19960540e+008 3.42828231e+008 1.48597853e+008 6.73910635e+007 2.88592559e+007 1.34006289e+007 6.91680204e+006 4.29976191e+006 2.32336187e+006 1.08125475e+006 6.60619315e+005
61433.90511367 0.000000 0.000000 0.000000 5.82569525e+012 6.68732636e+012 3.75199076e+012 1.31238234e+012 3.54048851e+011 1.41015800e+011 5.71554738e+010 1.84533883e+010 6.52269745e+009 2.17034609e+009 8.19960540e+008 3.42828231e+008 1.48597853e+008 6.73910635e+007 2.88592559e+007 1.34006289e+007 6.91680204e+006 4.29976191e+006 2.32336187e+006 1.08125475e+006 6.60619315e+005
