# Ae9Ap9 Model output file: MoonBEAM_trajectory_trade/Rp18408_COM_8per90prop30inc_Tran.AE9.output_mc_fluxIntvAvg_050.txt
# Ae9Ap9 Software Version:  1.50.001
#
# Model type:               AE9
# Particle species:         e-
# Flux type:                1PtDiff
# Flux direction:           Omnidirectional
# Energy levels (MeV):       0.04 0.07 0.1 0.25 0.5 0.75 1 1.5 2 2.5 3 3.5 4 4.5 5 5.5 6 6.5 7 8.5 10
#
# Accumulation mode:        Interval, length = 13997 seconds (0.162002 days)
#
# Time format:              Modified Julian Date
# Coordinate system:        GEI (Geocentric Equatorial Inertial) Cartesian in km
# Data Delimiter:           space
#
# datetime(mjd),posx(km),posy(km),posz(km),flux,flux,flux,flux,flux,flux,flux,flux,flux,flux,flux,flux,flux,flux,flux,flux,flux,flux,flux,flux,flux(#/cm^2/s/MeV)
61411.87033565 0.000000 0.000000 0.000000 2.77685811e+009 1.84788581e+009 9.69296503e+008 6.77065860e+008 2.11555352e+008 8.52463475e+007 4.30744892e+007 1.71898503e+007 4.76248805e+006 1.43568751e+006 6.01749037e+005 2.99516244e+005 1.47866036e+005 7.33609404e+004 3.47976078e+004 1.91150294e+004 1.22612726e+004 9.50933574e+003 6.90329267e+003 4.87674597e+003 3.92209488e+003
61412.03233796 0.000000 0.000000 0.000000 6.27519923e+009 3.34941756e+009 7.72246872e+008 1.19044182e+008 2.03398728e+007 5.28256350e+006 1.64772259e+006 4.91383321e+005 1.80200513e+005 7.85008552e+004 3.99183831e+004 1.89407125e+004 8.19459316e+003 3.40317295e+003 1.66944662e+003 1.03063984e+003 7.82933093e+002 6.34250060e+002 4.51967831e+002 3.16690075e+002 2.61495289e+002
61412.19434028 0.000000 0.000000 0.000000 2.25923332e+009 1.46653777e+009 6.08035136e+008 3.31878118e+008 9.81724041e+007 3.62931933e+007 1.73554274e+007 6.89581722e+006 1.88724271e+006 5.41369487e+005 2.05896570e+005 9.90950483e+004 5.20061350e+004 2.80475736e+004 1.34548571e+004 6.68849173e+003 3.96947666e+003 2.97264628e+003 2.28839478e+003 1.77406185e+003 1.50608272e+003
61412.35634259 0.000000 0.000000 0.000000 7.06494785e+009 3.74069646e+009 7.83304601e+008 1.17094706e+008 1.96760055e+007 6.01785706e+006 2.24972656e+006 7.52986196e+005 2.55058247e+005 8.92745382e+004 3.53026154e+004 1.60484535e+004 7.96138782e+003 3.77944767e+003 1.63860873e+003 7.93811344e+002 4.88062232e+002 3.70385212e+002 2.62999893e+002 1.85686766e+002 1.54525795e+002
61412.51834491 0.000000 0.000000 0.000000 8.39760843e+009 4.37878495e+009 7.88728777e+008 4.86607719e+007 2.59594465e+006 4.08124016e+005 9.61256347e+004 2.48185214e+004 6.56469022e+003 2.25247113e+003 1.20698138e+003 7.26508874e+002 4.04794818e+002 1.82905788e+002 8.21960733e+001 4.02903149e+001 2.62250813e+001 1.86543122e+001 1.13852502e+001 5.91320797e+000 3.99829328e+000
61412.68034722 0.000000 0.000000 0.000000 9.61336278e+009 5.28709177e+009 1.48106203e+009 4.35832627e+008 1.15538390e+008 4.54328365e+007 2.09817453e+007 7.48795317e+006 2.23677396e+006 7.18295504e+005 3.02847230e+005 1.52875794e+005 7.68268536e+004 3.86460785e+004 1.78348640e+004 9.02829574e+003 5.32306735e+003 3.86264683e+003 2.66342380e+003 1.67132996e+003 1.22623287e+003
61412.84234954 0.000000 0.000000 0.000000 4.89644707e+009 3.21161886e+009 1.41837154e+009 5.59711530e+008 1.49707962e+008 5.13658925e+007 2.23473336e+007 7.51000139e+006 2.27567168e+006 7.32377135e+005 3.13825868e+005 1.57247312e+005 7.78430439e+004 3.99111913e+004 1.95528862e+004 1.06647986e+004 6.38996729e+003 4.52013260e+003 2.99913831e+003 1.85847422e+003 1.36172598e+003
61413.00435185 0.000000 0.000000 0.000000 5.17619986e+009 2.83100598e+009 5.37242364e+008 3.65777433e+007 2.92507971e+006 5.45754213e+005 1.37348131e+005 3.60237995e+004 1.02594646e+004 3.77418455e+003 1.93691332e+003 1.08317115e+003 5.74191893e+002 2.60150249e+002 1.24468294e+002 6.74266178e+001 4.58132899e+001 3.36799322e+001 2.11599502e+001 1.17769509e+001 8.19446797e+000
61413.16635417 0.000000 0.000000 0.000000 4.68514359e+008 2.90311947e+008 5.96196091e+007 2.93175391e+006 1.18056591e+005 1.35323461e+004 2.89877174e+003 7.90759142e+002 2.20333029e+002 7.74686479e+001 3.73568523e+001 2.02613689e+001 1.17258136e+001 5.95577627e+000 2.90584870e+000 1.26783434e+000 6.53006095e-001 4.51356143e-001 2.56492150e-001 3.24288388e-002 3.64664310e-005
61413.32835648 0.000000 0.000000 0.000000 1.56649649e+009 1.04851257e+009 2.48691634e+008 2.27982898e+007 2.43457337e+006 4.83867449e+005 1.31274222e+005 3.49250365e+004 8.68738746e+003 2.86424879e+003 1.45511209e+003 8.42622843e+002 5.05672557e+002 2.66648397e+002 1.41144327e+002 8.04184760e+001 5.62202813e+001 4.29217388e+001 2.84516828e+001 1.63999577e+001 1.09552107e+001
61413.49035880 0.000000 0.000000 0.000000 1.30772615e+009 1.12784011e+009 5.32544070e+008 2.60385485e+008 6.10154161e+007 2.17423488e+007 9.68025380e+006 3.11708449e+006 7.38647806e+005 2.10028867e+005 8.15423631e+004 3.67557488e+004 1.73290626e+004 8.29693722e+003 3.82178742e+003 1.99711586e+003 1.27595733e+003 9.89961290e+002 7.06373294e+002 5.00300859e+002 4.08010571e+002
61413.65236111 0.000000 0.000000 0.000000 6.00888118e+008 5.80097230e+008 2.70379904e+008 1.60664595e+008 4.11166718e+007 1.48259210e+007 6.46320896e+006 2.01663798e+006 4.49694246e+005 1.23900274e+005 4.67114336e+004 2.11546189e+004 1.04301314e+004 5.21646579e+003 2.52009163e+003 1.36145360e+003 8.97962706e+002 7.07084536e+002 5.11830906e+002 3.70315731e+002 3.04180191e+002
61413.81436343 0.000000 0.000000 0.000000 1.66308273e+007 1.61184405e+007 5.76744992e+006 8.23433800e+005 1.06092243e+005 1.63387312e+004 4.11293102e+003 1.07293991e+003 2.85407314e+002 1.09138414e+002 6.30820380e+001 3.91616664e+001 2.62100900e+001 1.60646952e+001 9.50880169e+000 5.62012517e+000 3.68394938e+000 2.69408715e+000 1.76011632e+000 8.11341441e-001 2.80380858e-001
61413.97636574 0.000000 0.000000 0.000000 0.00000000e+000 0.00000000e+000 0.00000000e+000 0.00000000e+000 0.00000000e+000 0.00000000e+000 0.00000000e+000 0.00000000e+000 0.00000000e+000 0.00000000e+000 0.00000000e+000 0.00000000e+000 0.00000000e+000 0.00000000e+000 0.00000000e+000 0.00000000e+000 0.00000000e+000 0.00000000e+000 0.00000000e+000 0.00000000e+000 0.00000000e+000
61414.13836806 0.000000 0.000000 0.000000 0.00000000e+000 0.00000000e+000 0.00000000e+000 0.00000000e+000 0.00000000e+000 0.00000000e+000 0.00000000e+000 0.00000000e+000 0.00000000e+000 0.00000000e+000 0.00000000e+000 0.00000000e+000 0.00000000e+000 0.00000000e+000 0.00000000e+000 0.00000000e+000 0.00000000e+000 0.00000000e+000 0.00000000e+000 0.00000000e+000 0.00000000e+000
61414.30037037 0.000000 0.000000 0.000000 7.88614146e+007 6.67474022e+007 1.89981134e+007 1.64325542e+006 1.31980573e+005 1.97945910e+004 4.21729815e+003 9.50937909e+002 2.39515630e+002 7.97492130e+001 3.97700522e+001 2.13996667e+001 1.18629563e+001 5.64539069e+000 2.61273429e+000 1.21521380e+000 6.76966034e-001 4.33731057e-001 2.25976647e-001 5.44858003e-002 9.07723637e-003
61414.46237269 0.000000 0.000000 0.000000 5.77005497e+008 5.02810265e+008 1.99053014e+008 9.05165087e+007 3.43772613e+007 1.48089754e+007 7.61425865e+006 3.01470583e+006 8.27242539e+005 2.21812294e+005 7.55424016e+004 3.06851532e+004 1.30496517e+004 5.80510933e+003 2.53289421e+003 1.22465440e+003 6.79175502e+002 4.50836553e+002 2.76061872e+002 1.54579001e+002 1.07624904e+002
61414.62437500 0.000000 0.000000 0.000000 6.77174368e+008 5.93405386e+008 2.69551767e+008 9.93148185e+007 3.02210170e+007 1.15977364e+007 5.89948073e+006 2.38625681e+006 6.68823999e+005 1.77833698e+005 5.96103592e+004 2.41266925e+004 1.03092982e+004 4.64677059e+003 2.03928330e+003 9.76181770e+002 5.26741003e+002 3.39706629e+002 2.04904746e+002 1.11663812e+002 7.60236643e+001
61414.78637731 0.000000 0.000000 0.000000 9.97568716e+007 7.33221311e+007 1.77980610e+007 1.09495262e+006 6.12079311e+004 9.95736894e+003 1.99279003e+003 4.23912377e+002 1.09440765e+002 3.35160018e+001 1.50982013e+001 7.30358442e+000 3.39388868e+000 1.31173640e+000 5.05966851e-001 2.04830843e-001 1.11954656e-001 6.29801830e-002 2.62997864e-002 5.28231328e-003 1.59961034e-003
61414.94837963 0.000000 0.000000 0.000000 0.00000000e+000 0.00000000e+000 0.00000000e+000 0.00000000e+000 0.00000000e+000 0.00000000e+000 0.00000000e+000 0.00000000e+000 0.00000000e+000 0.00000000e+000 0.00000000e+000 0.00000000e+000 0.00000000e+000 0.00000000e+000 0.00000000e+000 0.00000000e+000 0.00000000e+000 0.00000000e+000 0.00000000e+000 0.00000000e+000 0.00000000e+000
61415.11038194 0.000000 0.000000 0.000000 0.00000000e+000 0.00000000e+000 0.00000000e+000 0.00000000e+000 0.00000000e+000 0.00000000e+000 0.00000000e+000 0.00000000e+000 0.00000000e+000 0.00000000e+000 0.00000000e+000 0.00000000e+000 0.00000000e+000 0.00000000e+000 0.00000000e+000 0.00000000e+000 0.00000000e+000 0.00000000e+000 0.00000000e+000 0.00000000e+000 0.00000000e+000
61415.27238426 0.000000 0.000000 0.000000 0.00000000e+000 0.00000000e+000 0.00000000e+000 0.00000000e+000 0.00000000e+000 0.00000000e+000 0.00000000e+000 0.00000000e+000 0.00000000e+000 0.00000000e+000 0.00000000e+000 0.00000000e+000 0.00000000e+000 0.00000000e+000 0.00000000e+000 0.00000000e+000 0.00000000e+000 0.00000000e+000 0.00000000e+000 0.00000000e+000 0.00000000e+000
61415.43438657 0.000000 0.000000 0.000000 0.00000000e+000 0.00000000e+000 0.00000000e+000 0.00000000e+000 0.00000000e+000 0.00000000e+000 0.00000000e+000 0.00000000e+000 0.00000000e+000 0.00000000e+000 0.00000000e+000 0.00000000e+000 0.00000000e+000 0.00000000e+000 0.00000000e+000 0.00000000e+000 0.00000000e+000 0.00000000e+000 0.00000000e+000 0.00000000e+000 0.00000000e+000
61415.59638889 0.000000 0.000000 0.000000 0.00000000e+000 0.00000000e+000 0.00000000e+000 0.00000000e+000 0.00000000e+000 0.00000000e+000 0.00000000e+000 0.00000000e+000 0.00000000e+000 0.00000000e+000 0.00000000e+000 0.00000000e+000 0.00000000e+000 0.00000000e+000 0.00000000e+000 0.00000000e+000 0.00000000e+000 0.00000000e+000 0.00000000e+000 0.00000000e+000 0.00000000e+000
61415.75839120 0.000000 0.000000 0.000000 8.08149169e+005 8.16209126e+005 2.99626465e+005 3.22863168e+004 3.24110500e+003 3.50992994e+002 7.61598150e+001 1.79664951e+001 4.15039865e+000 1.26741420e+000 5.55017725e-001 3.16935793e-001 2.09642386e-001 1.03889964e-001 5.86275795e-002 1.62339030e-002 -3.22426104e-004 -2.33825740e-004 -1.15588360e-004 0.00000000e+000 0.00000000e+000
61415.92039352 0.000000 0.000000 0.000000 7.58942765e+007 7.37081654e+007 3.27345476e+007 9.58323110e+006 3.12078849e+006 8.94819315e+005 3.04384171e+005 8.55794843e+004 1.71703114e+004 4.32866345e+003 1.53242854e+003 6.59339590e+002 3.48193258e+002 1.86616966e+002 1.00433808e+002 5.64992172e+001 3.70759480e+001 2.70429010e+001 1.66923838e+001 9.44621873e+000 6.10974388e+000
61416.08239583 0.000000 0.000000 0.000000 3.05114258e+008 2.87415020e+008 1.39118134e+008 3.75973819e+007 9.40724401e+006 2.87286464e+006 1.13525584e+006 3.91792604e+005 9.87175260e+004 2.65690267e+004 9.14999179e+003 3.45782578e+003 1.44158353e+003 6.58738067e+002 3.16246029e+002 1.60438180e+002 9.16036988e+001 6.04023481e+001 3.50868111e+001 1.97739001e+001 1.41443907e+001
61416.24439815 0.000000 0.000000 0.000000 1.90547395e+007 1.85284976e+007 6.52753556e+006 1.02266081e+006 1.36360452e+005 2.02950191e+004 4.79706971e+003 1.03011409e+003 1.92991728e+002 5.12966552e+001 2.21912643e+001 1.14391830e+001 6.83398495e+000 3.58268874e+000 1.83443840e+000 9.78976935e-001 6.44619014e-001 4.51318978e-001 2.51608889e-001 9.30915951e-002 3.73993235e-002
61416.40640046 0.000000 0.000000 0.000000 0.00000000e+000 0.00000000e+000 0.00000000e+000 0.00000000e+000 0.00000000e+000 0.00000000e+000 0.00000000e+000 0.00000000e+000 0.00000000e+000 0.00000000e+000 0.00000000e+000 0.00000000e+000 0.00000000e+000 0.00000000e+000 0.00000000e+000 0.00000000e+000 0.00000000e+000 0.00000000e+000 0.00000000e+000 0.00000000e+000 0.00000000e+000
61416.56840278 0.000000 0.000000 0.000000 0.00000000e+000 0.00000000e+000 0.00000000e+000 0.00000000e+000 0.00000000e+000 0.00000000e+000 0.00000000e+000 0.00000000e+000 0.00000000e+000 0.00000000e+000 0.00000000e+000 0.00000000e+000 0.00000000e+000 0.00000000e+000 0.00000000e+000 0.00000000e+000 0.00000000e+000 0.00000000e+000 0.00000000e+000 0.00000000e+000 0.00000000e+000
61416.73040509 0.000000 0.000000 0.000000 0.00000000e+000 0.00000000e+000 0.00000000e+000 0.00000000e+000 0.00000000e+000 0.00000000e+000 0.00000000e+000 0.00000000e+000 0.00000000e+000 0.00000000e+000 0.00000000e+000 0.00000000e+000 0.00000000e+000 0.00000000e+000 0.00000000e+000 0.00000000e+000 0.00000000e+000 0.00000000e+000 0.00000000e+000 0.00000000e+000 0.00000000e+000
61416.89240741 0.000000 0.000000 0.000000 0.00000000e+000 0.00000000e+000 0.00000000e+000 0.00000000e+000 0.00000000e+000 0.00000000e+000 0.00000000e+000 0.00000000e+000 0.00000000e+000 0.00000000e+000 0.00000000e+000 0.00000000e+000 0.00000000e+000 0.00000000e+000 0.00000000e+000 0.00000000e+000 0.00000000e+000 0.00000000e+000 0.00000000e+000 0.00000000e+000 0.00000000e+000
61417.05440972 0.000000 0.000000 0.000000 0.00000000e+000 0.00000000e+000 0.00000000e+000 0.00000000e+000 0.00000000e+000 0.00000000e+000 0.00000000e+000 0.00000000e+000 0.00000000e+000 0.00000000e+000 0.00000000e+000 0.00000000e+000 0.00000000e+000 0.00000000e+000 0.00000000e+000 0.00000000e+000 0.00000000e+000 0.00000000e+000 0.00000000e+000 0.00000000e+000 0.00000000e+000
61417.21641204 0.000000 0.000000 0.000000 0.00000000e+000 0.00000000e+000 0.00000000e+000 0.00000000e+000 0.00000000e+000 0.00000000e+000 0.00000000e+000 0.00000000e+000 0.00000000e+000 0.00000000e+000 0.00000000e+000 0.00000000e+000 0.00000000e+000 0.00000000e+000 0.00000000e+000 0.00000000e+000 0.00000000e+000 0.00000000e+000 0.00000000e+000 0.00000000e+000 0.00000000e+000
61417.37841435 0.000000 0.000000 0.000000 0.00000000e+000 0.00000000e+000 0.00000000e+000 0.00000000e+000 0.00000000e+000 0.00000000e+000 0.00000000e+000 0.00000000e+000 0.00000000e+000 0.00000000e+000 0.00000000e+000 0.00000000e+000 0.00000000e+000 0.00000000e+000 0.00000000e+000 0.00000000e+000 0.00000000e+000 0.00000000e+000 0.00000000e+000 0.00000000e+000 0.00000000e+000
61417.54041667 0.000000 0.000000 0.000000 0.00000000e+000 0.00000000e+000 0.00000000e+000 0.00000000e+000 0.00000000e+000 0.00000000e+000 0.00000000e+000 0.00000000e+000 0.00000000e+000 0.00000000e+000 0.00000000e+000 0.00000000e+000 0.00000000e+000 0.00000000e+000 0.00000000e+000 0.00000000e+000 0.00000000e+000 0.00000000e+000 0.00000000e+000 0.00000000e+000 0.00000000e+000
61417.70241898 0.000000 0.000000 0.000000 0.00000000e+000 0.00000000e+000 0.00000000e+000 0.00000000e+000 0.00000000e+000 0.00000000e+000 0.00000000e+000 0.00000000e+000 0.00000000e+000 0.00000000e+000 0.00000000e+000 0.00000000e+000 0.00000000e+000 0.00000000e+000 0.00000000e+000 0.00000000e+000 0.00000000e+000 0.00000000e+000 0.00000000e+000 0.00000000e+000 0.00000000e+000
61417.86442130 0.000000 0.000000 0.000000 0.00000000e+000 0.00000000e+000 0.00000000e+000 0.00000000e+000 0.00000000e+000 0.00000000e+000 0.00000000e+000 0.00000000e+000 0.00000000e+000 0.00000000e+000 0.00000000e+000 0.00000000e+000 0.00000000e+000 0.00000000e+000 0.00000000e+000 0.00000000e+000 0.00000000e+000 0.00000000e+000 0.00000000e+000 0.00000000e+000 0.00000000e+000
61418.02642361 0.000000 0.000000 0.000000 0.00000000e+000 0.00000000e+000 0.00000000e+000 0.00000000e+000 0.00000000e+000 0.00000000e+000 0.00000000e+000 0.00000000e+000 0.00000000e+000 0.00000000e+000 0.00000000e+000 0.00000000e+000 0.00000000e+000 0.00000000e+000 0.00000000e+000 0.00000000e+000 0.00000000e+000 0.00000000e+000 0.00000000e+000 0.00000000e+000 0.00000000e+000
61418.18842593 0.000000 0.000000 0.000000 6.93026289e+003 7.61282428e+003 1.16744826e+003 -1.24373434e+002 -1.58057845e+000 -1.19543209e-001 -1.70659992e-002 -4.23560898e-003 -1.02837406e-003 -2.72692545e-004 -2.68053821e-004 -1.85169085e-005 -8.38156283e-006 0.00000000e+000 0.00000000e+000 0.00000000e+000 0.00000000e+000 0.00000000e+000 0.00000000e+000 0.00000000e+000 0.00000000e+000
61418.35042824 0.000000 0.000000 0.000000 9.08277432e+008 5.82912840e+008 1.32514610e+008 1.15588164e+007 1.07149429e+006 2.04443994e+005 4.56487784e+004 9.21019360e+003 2.13698951e+003 6.00197795e+002 2.03808561e+002 7.16727497e+001 3.05052053e+001 1.25690388e+001 5.20062207e+000 2.23571666e+000 1.15206217e+000 6.43023106e-001 2.71577433e-001 7.85011746e-002 3.70295296e-002
61418.51243056 0.000000 0.000000 0.000000 2.09904352e+009 1.67287870e+009 6.82591500e+008 1.08310604e+008 2.28401743e+007 8.41190750e+006 3.64308076e+006 1.38099440e+006 4.39969880e+005 1.38077915e+005 5.47743348e+004 2.43127724e+004 1.09979906e+004 5.30291622e+003 2.54712062e+003 1.32137560e+003 7.28425579e+002 4.61024232e+002 2.70956972e+002 1.43903583e+002 9.35389079e+001
61418.67443287 0.000000 0.000000 0.000000 6.19567220e+008 4.25322429e+008 9.87476916e+007 8.53940520e+006 5.94852995e+005 9.49110305e+004 2.07085443e+004 4.13100569e+003 8.56210063e+002 1.98063988e+002 6.18660203e+001 2.36172306e+001 1.15914982e+001 5.06527943e+000 2.14783576e+000 9.31190739e-001 5.12595800e-001 2.94908160e-001 1.24618934e-001 3.15514309e-002 1.28665199e-002
61418.83643519 0.000000 0.000000 0.000000 0.00000000e+000 0.00000000e+000 0.00000000e+000 0.00000000e+000 0.00000000e+000 0.00000000e+000 0.00000000e+000 0.00000000e+000 0.00000000e+000 0.00000000e+000 0.00000000e+000 0.00000000e+000 0.00000000e+000 0.00000000e+000 0.00000000e+000 0.00000000e+000 0.00000000e+000 0.00000000e+000 0.00000000e+000 0.00000000e+000 0.00000000e+000
61418.99843750 0.000000 0.000000 0.000000 0.00000000e+000 0.00000000e+000 0.00000000e+000 0.00000000e+000 0.00000000e+000 0.00000000e+000 0.00000000e+000 0.00000000e+000 0.00000000e+000 0.00000000e+000 0.00000000e+000 0.00000000e+000 0.00000000e+000 0.00000000e+000 0.00000000e+000 0.00000000e+000 0.00000000e+000 0.00000000e+000 0.00000000e+000 0.00000000e+000 0.00000000e+000
61419.16043981 0.000000 0.000000 0.000000 0.00000000e+000 0.00000000e+000 0.00000000e+000 0.00000000e+000 0.00000000e+000 0.00000000e+000 0.00000000e+000 0.00000000e+000 0.00000000e+000 0.00000000e+000 0.00000000e+000 0.00000000e+000 0.00000000e+000 0.00000000e+000 0.00000000e+000 0.00000000e+000 0.00000000e+000 0.00000000e+000 0.00000000e+000 0.00000000e+000 0.00000000e+000
61419.32244213 0.000000 0.000000 0.000000 0.00000000e+000 0.00000000e+000 0.00000000e+000 0.00000000e+000 0.00000000e+000 0.00000000e+000 0.00000000e+000 0.00000000e+000 0.00000000e+000 0.00000000e+000 0.00000000e+000 0.00000000e+000 0.00000000e+000 0.00000000e+000 0.00000000e+000 0.00000000e+000 0.00000000e+000 0.00000000e+000 0.00000000e+000 0.00000000e+000 0.00000000e+000
61419.48444444 0.000000 0.000000 0.000000 0.00000000e+000 0.00000000e+000 0.00000000e+000 0.00000000e+000 0.00000000e+000 0.00000000e+000 0.00000000e+000 0.00000000e+000 0.00000000e+000 0.00000000e+000 0.00000000e+000 0.00000000e+000 0.00000000e+000 0.00000000e+000 0.00000000e+000 0.00000000e+000 0.00000000e+000 0.00000000e+000 0.00000000e+000 0.00000000e+000 0.00000000e+000
61419.64644676 0.000000 0.000000 0.000000 0.00000000e+000 0.00000000e+000 0.00000000e+000 0.00000000e+000 0.00000000e+000 0.00000000e+000 0.00000000e+000 0.00000000e+000 0.00000000e+000 0.00000000e+000 0.00000000e+000 0.00000000e+000 0.00000000e+000 0.00000000e+000 0.00000000e+000 0.00000000e+000 0.00000000e+000 0.00000000e+000 0.00000000e+000 0.00000000e+000 0.00000000e+000
61419.80844907 0.000000 0.000000 0.000000 0.00000000e+000 0.00000000e+000 0.00000000e+000 0.00000000e+000 0.00000000e+000 0.00000000e+000 0.00000000e+000 0.00000000e+000 0.00000000e+000 0.00000000e+000 0.00000000e+000 0.00000000e+000 0.00000000e+000 0.00000000e+000 0.00000000e+000 0.00000000e+000 0.00000000e+000 0.00000000e+000 0.00000000e+000 0.00000000e+000 0.00000000e+000
61419.97045139 0.000000 0.000000 0.000000 0.00000000e+000 0.00000000e+000 0.00000000e+000 0.00000000e+000 0.00000000e+000 0.00000000e+000 0.00000000e+000 0.00000000e+000 0.00000000e+000 0.00000000e+000 0.00000000e+000 0.00000000e+000 0.00000000e+000 0.00000000e+000 0.00000000e+000 0.00000000e+000 0.00000000e+000 0.00000000e+000 0.00000000e+000 0.00000000e+000 0.00000000e+000
61420.13245370 0.000000 0.000000 0.000000 0.00000000e+000 0.00000000e+000 0.00000000e+000 0.00000000e+000 0.00000000e+000 0.00000000e+000 0.00000000e+000 0.00000000e+000 0.00000000e+000 0.00000000e+000 0.00000000e+000 0.00000000e+000 0.00000000e+000 0.00000000e+000 0.00000000e+000 0.00000000e+000 0.00000000e+000 0.00000000e+000 0.00000000e+000 0.00000000e+000 0.00000000e+000
61420.29445602 0.000000 0.000000 0.000000 0.00000000e+000 0.00000000e+000 0.00000000e+000 0.00000000e+000 0.00000000e+000 0.00000000e+000 0.00000000e+000 0.00000000e+000 0.00000000e+000 0.00000000e+000 0.00000000e+000 0.00000000e+000 0.00000000e+000 0.00000000e+000 0.00000000e+000 0.00000000e+000 0.00000000e+000 0.00000000e+000 0.00000000e+000 0.00000000e+000 0.00000000e+000
61420.45645833 0.000000 0.000000 0.000000 0.00000000e+000 0.00000000e+000 0.00000000e+000 0.00000000e+000 0.00000000e+000 0.00000000e+000 0.00000000e+000 0.00000000e+000 0.00000000e+000 0.00000000e+000 0.00000000e+000 0.00000000e+000 0.00000000e+000 0.00000000e+000 0.00000000e+000 0.00000000e+000 0.00000000e+000 0.00000000e+000 0.00000000e+000 0.00000000e+000 0.00000000e+000
61420.55915852 0.000000 0.000000 0.000000 0.00000000e+000 0.00000000e+000 0.00000000e+000 0.00000000e+000 0.00000000e+000 0.00000000e+000 0.00000000e+000 0.00000000e+000 0.00000000e+000 0.00000000e+000 0.00000000e+000 0.00000000e+000 0.00000000e+000 0.00000000e+000 0.00000000e+000 0.00000000e+000 0.00000000e+000 0.00000000e+000 0.00000000e+000 0.00000000e+000 0.00000000e+000
