# Ae9Ap9 Model output file: MoonBEAM_trajectory_trade/Rp18408_COM_8per90prop30inc_Sci.AE9.output_mc_flux_004.txt
# Ae9Ap9 Software Version:  1.50.001
#
# Model type:               AE9
# Particle species:         e-
# Flux type:                1PtDiff
# Flux direction:           Omnidirectional
# Energy levels (MeV):       0.04 0.07 0.1 0.25 0.5 0.75 1 1.5 2 2.5 3 3.5 4 4.5 5 5.5 6 6.5 7 8.5 10
#
# Time format:              Modified Julian Date
# Coordinate system:        GEI (Geocentric Equatorial Inertial) Cartesian in km
# Data Delimiter:           space
#
# datetime(mjd),posx(km),posy(km),posz(km),flux,flux,flux,flux,flux,flux,flux,flux,flux,flux,flux,flux,flux,flux,flux,flux,flux,flux,flux,flux,flux(#/cm^2/s/MeV)
61429.46949573 -304181.640280 -80019.908149 -48268.149155 0.00000000e+000 0.00000000e+000 0.00000000e+000 0.00000000e+000 0.00000000e+000 0.00000000e+000 0.00000000e+000 0.00000000e+000 0.00000000e+000 0.00000000e+000 0.00000000e+000 0.00000000e+000 0.00000000e+000 0.00000000e+000 0.00000000e+000 0.00000000e+000 0.00000000e+000 0.00000000e+000 0.00000000e+000 0.00000000e+000 0.00000000e+000
61429.66048586 -288432.736372 -81391.796844 -48968.293303 0.00000000e+000 0.00000000e+000 0.00000000e+000 0.00000000e+000 0.00000000e+000 0.00000000e+000 0.00000000e+000 0.00000000e+000 0.00000000e+000 0.00000000e+000 0.00000000e+000 0.00000000e+000 0.00000000e+000 0.00000000e+000 0.00000000e+000 0.00000000e+000 0.00000000e+000 0.00000000e+000 0.00000000e+000 0.00000000e+000 0.00000000e+000
61429.83554417 -273010.020262 -82357.483670 -49436.342914 0.00000000e+000 0.00000000e+000 0.00000000e+000 0.00000000e+000 0.00000000e+000 0.00000000e+000 0.00000000e+000 0.00000000e+000 0.00000000e+000 0.00000000e+000 0.00000000e+000 0.00000000e+000 0.00000000e+000 0.00000000e+000 0.00000000e+000 0.00000000e+000 0.00000000e+000 0.00000000e+000 0.00000000e+000 0.00000000e+000 0.00000000e+000
61429.99606503 -257962.515504 -82957.629171 -49695.942067 0.00000000e+000 0.00000000e+000 0.00000000e+000 0.00000000e+000 0.00000000e+000 0.00000000e+000 0.00000000e+000 0.00000000e+000 0.00000000e+000 0.00000000e+000 0.00000000e+000 0.00000000e+000 0.00000000e+000 0.00000000e+000 0.00000000e+000 0.00000000e+000 0.00000000e+000 0.00000000e+000 0.00000000e+000 0.00000000e+000 0.00000000e+000
61430.14332375 -243325.313087 -83229.370856 -49768.584099 0.00000000e+000 0.00000000e+000 0.00000000e+000 0.00000000e+000 0.00000000e+000 0.00000000e+000 0.00000000e+000 0.00000000e+000 0.00000000e+000 0.00000000e+000 0.00000000e+000 0.00000000e+000 0.00000000e+000 0.00000000e+000 0.00000000e+000 0.00000000e+000 0.00000000e+000 0.00000000e+000 0.00000000e+000 0.00000000e+000 0.00000000e+000
61430.27841426 -229129.707830 -83206.426949 -49673.748906 0.00000000e+000 0.00000000e+000 0.00000000e+000 0.00000000e+000 0.00000000e+000 0.00000000e+000 0.00000000e+000 0.00000000e+000 0.00000000e+000 0.00000000e+000 0.00000000e+000 0.00000000e+000 0.00000000e+000 0.00000000e+000 0.00000000e+000 0.00000000e+000 0.00000000e+000 0.00000000e+000 0.00000000e+000 0.00000000e+000 0.00000000e+000
61430.40228940 -215403.737884 -82919.837530 -49429.352360 0.00000000e+000 0.00000000e+000 0.00000000e+000 0.00000000e+000 0.00000000e+000 0.00000000e+000 0.00000000e+000 0.00000000e+000 0.00000000e+000 0.00000000e+000 0.00000000e+000 0.00000000e+000 0.00000000e+000 0.00000000e+000 0.00000000e+000 0.00000000e+000 0.00000000e+000 0.00000000e+000 0.00000000e+000 0.00000000e+000 0.00000000e+000
61430.51580883 -202170.399177 -82398.415302 -49052.011790 0.00000000e+000 0.00000000e+000 0.00000000e+000 0.00000000e+000 0.00000000e+000 0.00000000e+000 0.00000000e+000 0.00000000e+000 0.00000000e+000 0.00000000e+000 0.00000000e+000 0.00000000e+000 0.00000000e+000 0.00000000e+000 0.00000000e+000 0.00000000e+000 0.00000000e+000 0.00000000e+000 0.00000000e+000 0.00000000e+000 0.00000000e+000
61430.61977333 -189445.885593 -81668.859664 -48557.111969 0.00000000e+000 0.00000000e+000 0.00000000e+000 0.00000000e+000 0.00000000e+000 0.00000000e+000 0.00000000e+000 0.00000000e+000 0.00000000e+000 0.00000000e+000 0.00000000e+000 0.00000000e+000 0.00000000e+000 0.00000000e+000 0.00000000e+000 0.00000000e+000 0.00000000e+000 0.00000000e+000 0.00000000e+000 0.00000000e+000 0.00000000e+000
61430.71493913 -177239.203290 -80755.717461 -47958.784592 0.00000000e+000 0.00000000e+000 0.00000000e+000 0.00000000e+000 0.00000000e+000 0.00000000e+000 0.00000000e+000 0.00000000e+000 0.00000000e+000 0.00000000e+000 0.00000000e+000 0.00000000e+000 0.00000000e+000 0.00000000e+000 0.00000000e+000 0.00000000e+000 0.00000000e+000 0.00000000e+000 0.00000000e+000 0.00000000e+000 0.00000000e+000
61430.80201861 -165553.095089 -79681.378917 -47269.910770 0.00000000e+000 0.00000000e+000 0.00000000e+000 0.00000000e+000 0.00000000e+000 0.00000000e+000 0.00000000e+000 0.00000000e+000 0.00000000e+000 0.00000000e+000 0.00000000e+000 0.00000000e+000 0.00000000e+000 0.00000000e+000 0.00000000e+000 0.00000000e+000 0.00000000e+000 0.00000000e+000 0.00000000e+000 0.00000000e+000 0.00000000e+000
61430.88167676 -154385.502613 -78466.176697 -46502.183187 0.00000000e+000 0.00000000e+000 0.00000000e+000 0.00000000e+000 0.00000000e+000 0.00000000e+000 0.00000000e+000 0.00000000e+000 0.00000000e+000 0.00000000e+000 0.00000000e+000 0.00000000e+000 0.00000000e+000 0.00000000e+000 0.00000000e+000 0.00000000e+000 0.00000000e+000 0.00000000e+000 0.00000000e+000 0.00000000e+000 0.00000000e+000
61430.95453120 -143730.591781 -77128.516026 -45666.182304 0.00000000e+000 0.00000000e+000 0.00000000e+000 0.00000000e+000 0.00000000e+000 0.00000000e+000 0.00000000e+000 0.00000000e+000 0.00000000e+000 0.00000000e+000 0.00000000e+000 0.00000000e+000 0.00000000e+000 0.00000000e+000 0.00000000e+000 0.00000000e+000 0.00000000e+000 0.00000000e+000 0.00000000e+000 0.00000000e+000 0.00000000e+000
61431.02115235 -133579.751094 -75685.045112 -44771.475483 0.00000000e+000 0.00000000e+000 0.00000000e+000 0.00000000e+000 0.00000000e+000 0.00000000e+000 0.00000000e+000 0.00000000e+000 0.00000000e+000 0.00000000e+000 0.00000000e+000 0.00000000e+000 0.00000000e+000 0.00000000e+000 0.00000000e+000 0.00000000e+000 0.00000000e+000 0.00000000e+000 0.00000000e+000 0.00000000e+000 0.00000000e+000
61431.08206661 -123922.090855 -74150.787180 -43826.691445 0.00000000e+000 0.00000000e+000 0.00000000e+000 0.00000000e+000 0.00000000e+000 0.00000000e+000 0.00000000e+000 0.00000000e+000 0.00000000e+000 0.00000000e+000 0.00000000e+000 0.00000000e+000 0.00000000e+000 0.00000000e+000 0.00000000e+000 0.00000000e+000 0.00000000e+000 0.00000000e+000 0.00000000e+000 0.00000000e+000 0.00000000e+000
61431.13775961 -114744.842966 -72539.255136 -42839.584784 0.00000000e+000 0.00000000e+000 0.00000000e+000 0.00000000e+000 0.00000000e+000 0.00000000e+000 0.00000000e+000 0.00000000e+000 0.00000000e+000 0.00000000e+000 0.00000000e+000 0.00000000e+000 0.00000000e+000 0.00000000e+000 0.00000000e+000 0.00000000e+000 0.00000000e+000 0.00000000e+000 0.00000000e+000 0.00000000e+000 0.00000000e+000
61431.18867788 -106033.925911 -70862.596598 -41817.119832 0.00000000e+000 0.00000000e+000 0.00000000e+000 0.00000000e+000 0.00000000e+000 0.00000000e+000 0.00000000e+000 0.00000000e+000 0.00000000e+000 0.00000000e+000 0.00000000e+000 0.00000000e+000 0.00000000e+000 0.00000000e+000 0.00000000e+000 0.00000000e+000 0.00000000e+000 0.00000000e+000 0.00000000e+000 0.00000000e+000 0.00000000e+000
61431.23513819 -97791.164519 -69135.393878 -40767.771557 0.00000000e+000 0.00000000e+000 0.00000000e+000 0.00000000e+000 0.00000000e+000 0.00000000e+000 0.00000000e+000 0.00000000e+000 0.00000000e+000 0.00000000e+000 0.00000000e+000 0.00000000e+000 0.00000000e+000 0.00000000e+000 0.00000000e+000 0.00000000e+000 0.00000000e+000 0.00000000e+000 0.00000000e+000 0.00000000e+000 0.00000000e+000
61431.27743281 -90018.360808 -67372.421130 -39700.132733 0.00000000e+000 0.00000000e+000 0.00000000e+000 0.00000000e+000 0.00000000e+000 0.00000000e+000 0.00000000e+000 0.00000000e+000 0.00000000e+000 0.00000000e+000 0.00000000e+000 0.00000000e+000 0.00000000e+000 0.00000000e+000 0.00000000e+000 0.00000000e+000 0.00000000e+000 0.00000000e+000 0.00000000e+000 0.00000000e+000 0.00000000e+000
61431.31596339 -82691.844157 -65582.343558 -38619.109235 0.00000000e+000 0.00000000e+000 0.00000000e+000 0.00000000e+000 0.00000000e+000 0.00000000e+000 0.00000000e+000 0.00000000e+000 0.00000000e+000 0.00000000e+000 0.00000000e+000 0.00000000e+000 0.00000000e+000 0.00000000e+000 0.00000000e+000 0.00000000e+000 0.00000000e+000 0.00000000e+000 0.00000000e+000 0.00000000e+000 0.00000000e+000
61431.35109535 -75787.741705 -63772.423078 -37528.792685 0.00000000e+000 0.00000000e+000 0.00000000e+000 0.00000000e+000 0.00000000e+000 0.00000000e+000 0.00000000e+000 0.00000000e+000 0.00000000e+000 0.00000000e+000 0.00000000e+000 0.00000000e+000 0.00000000e+000 0.00000000e+000 0.00000000e+000 0.00000000e+000 0.00000000e+000 0.00000000e+000 0.00000000e+000 0.00000000e+000 0.00000000e+000
61431.38315644 -69283.119910 -61948.876330 -36432.673884 0.00000000e+000 0.00000000e+000 0.00000000e+000 0.00000000e+000 0.00000000e+000 0.00000000e+000 0.00000000e+000 0.00000000e+000 0.00000000e+000 0.00000000e+000 0.00000000e+000 0.00000000e+000 0.00000000e+000 0.00000000e+000 0.00000000e+000 0.00000000e+000 0.00000000e+000 0.00000000e+000 0.00000000e+000 0.00000000e+000 0.00000000e+000
61431.41244163 -63155.874443 -60116.950926 -35333.685850 0.00000000e+000 0.00000000e+000 0.00000000e+000 0.00000000e+000 0.00000000e+000 0.00000000e+000 0.00000000e+000 0.00000000e+000 0.00000000e+000 0.00000000e+000 0.00000000e+000 0.00000000e+000 0.00000000e+000 0.00000000e+000 0.00000000e+000 0.00000000e+000 0.00000000e+000 0.00000000e+000 0.00000000e+000 0.00000000e+000 0.00000000e+000
61431.43921602 -57384.902802 -58281.066994 -34234.286578 0.00000000e+000 0.00000000e+000 0.00000000e+000 0.00000000e+000 0.00000000e+000 0.00000000e+000 0.00000000e+000 0.00000000e+000 0.00000000e+000 0.00000000e+000 0.00000000e+000 0.00000000e+000 0.00000000e+000 0.00000000e+000 0.00000000e+000 0.00000000e+000 0.00000000e+000 0.00000000e+000 0.00000000e+000 0.00000000e+000 0.00000000e+000
61431.46371848 -51950.009894 -56444.873818 -33136.491117 0.00000000e+000 0.00000000e+000 0.00000000e+000 0.00000000e+000 0.00000000e+000 0.00000000e+000 0.00000000e+000 0.00000000e+000 0.00000000e+000 0.00000000e+000 0.00000000e+000 0.00000000e+000 0.00000000e+000 0.00000000e+000 0.00000000e+000 0.00000000e+000 0.00000000e+000 0.00000000e+000 0.00000000e+000 0.00000000e+000 0.00000000e+000
61431.48616410 -46832.005709 -54611.356613 -32041.933955 0.00000000e+000 0.00000000e+000 0.00000000e+000 0.00000000e+000 0.00000000e+000 0.00000000e+000 0.00000000e+000 0.00000000e+000 0.00000000e+000 0.00000000e+000 0.00000000e+000 0.00000000e+000 0.00000000e+000 0.00000000e+000 0.00000000e+000 0.00000000e+000 0.00000000e+000 0.00000000e+000 0.00000000e+000 0.00000000e+000 0.00000000e+000
61431.50674721 -42012.562069 -52782.853828 -30951.878132 1.18840546e+004 1.90646689e+004 1.00896192e+004 6.55041409e+003 1.46701402e+003 2.39650135e+002 5.60450720e+001 1.34074147e+001 3.52581926e+000 1.32075961e+000 3.72404629e-001 2.79992504e-002 5.21519339e-003 0.00000000e+000 0.00000000e+000 0.00000000e+000 0.00000000e+000 0.00000000e+000 0.00000000e+000 0.00000000e+000 0.00000000e+000
61431.52564326 -37474.288399 -50961.140176 -29867.263822 2.23778237e+004 3.69580413e+004 2.13597816e+004 1.79162464e+004 3.77078553e+003 5.73320174e+002 1.30442515e+002 3.19959565e+001 8.62006557e+000 3.19883122e+000 1.56952404e+000 6.29947212e-001 3.86319522e-001 0.00000000e+000 0.00000000e+000 0.00000000e+000 0.00000000e+000 0.00000000e+000 0.00000000e+000 0.00000000e+000 0.00000000e+000
61431.54301094 -33200.670830 -49147.454626 -28788.724199 5.77067335e+004 9.39405701e+004 5.60107260e+004 5.30488227e+004 1.08260700e+004 1.52511814e+003 3.38590345e+002 8.51001183e+001 2.37235232e+001 8.66628638e+000 4.29592928e+000 2.36885594e+000 1.46218054e+000 5.41266080e-001 2.90273028e-001 0.00000000e+000 0.00000000e+000 0.00000000e+000 0.00000000e+000 0.00000000e+000 0.00000000e+000
61431.55899419 -29175.977304 -47342.499611 -27716.584394 1.49255006e+005 2.42309483e+005 1.48692938e+005 1.45617473e+005 2.85256303e+004 3.74231610e+003 7.95241654e+002 1.89220115e+002 5.23672614e+001 1.89189834e+001 9.69589916e+000 5.34338039e+000 3.27402587e+000 1.87848982e+000 1.02117842e+000 3.13354240e-001 0.00000000e+000 0.00000000e+000 0.00000000e+000 0.00000000e+000 0.00000000e+000
61431.57372376 -25385.242279 -45546.459765 -26650.872266 3.52420459e+005 5.71375207e+005 3.60364703e+005 3.54685308e+005 6.82010057e+004 8.61343739e+003 1.76839047e+003 3.83059920e+002 1.02686866e+002 3.61960319e+001 1.92098068e+001 1.07155733e+001 6.58129441e+000 3.75632642e+000 2.03414929e+000 1.18482782e+000 3.19177766e-001 2.42964774e-001 1.52108872e-001 0.00000000e+000 0.00000000e+000
61431.58731852 -21814.254303 -43759.013391 -25591.324964 7.59875512e+005 1.22690460e+006 7.82459959e+005 7.56811694e+005 1.46364348e+005 1.86304493e+004 3.81359203e+003 7.76510592e+002 2.01819795e+002 6.87423392e+001 3.69247462e+001 2.05524694e+001 1.24822855e+001 7.00512994e+000 3.87578188e+000 2.24274789e+000 1.55083775e+000 1.17458147e+000 7.07293488e-001 8.25730078e-002 0.00000000e+000
61431.59988725 -18449.387632 -41979.249760 -24537.339856 1.56571558e+006 2.52903478e+006 1.60303120e+006 1.47807966e+006 2.93884607e+005 3.92405775e+004 8.21028675e+003 1.61721830e+003 4.00534163e+002 1.30366561e+002 6.94339245e+001 3.84437006e+001 2.32285435e+001 1.27397542e+001 7.02325815e+000 4.05031998e+000 2.86914896e+000 2.18848137e+000 1.36144648e+000 7.98583626e-001 6.64778899e-003
61431.61152972 -15277.586574 -40205.633901 -23487.953927 2.88962486e+006 4.72447694e+006 3.06093811e+006 2.67615824e+006 5.56697336e+005 7.97323300e+004 1.78344888e+004 3.52952671e+003 8.37335558e+002 2.51293274e+002 1.27630416e+002 7.00556189e+001 4.23142991e+001 2.27280862e+001 1.23570417e+001 7.04760163e+000 4.99332970e+000 3.82293298e+000 2.37478551e+000 1.36973923e+000 7.47755383e-001
61431.62233831 -12286.188991 -38435.853595 -22441.753733 3.94961753e+006 6.65816677e+006 4.61096585e+006 4.15342013e+006 9.28754115e+005 1.49860705e+005 3.63438470e+004 8.02339969e+003 1.84084699e+003 5.02416761e+002 2.21090527e+002 1.14920751e+002 6.85597229e+001 3.62376089e+001 1.91816345e+001 1.07243104e+001 7.52326288e+000 5.67529880e+000 3.46060053e+000 1.94051613e+000 1.32665443e+000
61431.63239924 -9462.809850 -36666.643592 -21396.772434 4.84361595e+006 8.28636372e+006 6.06718027e+006 5.78999183e+006 1.42727053e+006 2.63832257e+005 6.94179818e+004 1.72759864e+004 3.99428570e+003 9.99816727e+002 3.73083163e+002 1.76121423e+002 1.01928431e+002 5.24331264e+001 2.69045538e+001 1.46308839e+001 1.00230346e+001 7.36276758e+000 4.37230873e+000 2.41466462e+000 1.62869642e+000
61431.64167470 -6829.232722 -34916.830106 -20364.085756 5.68446627e+006 9.66228223e+006 7.35602604e+006 7.41370618e+006 2.01124322e+006 4.25823319e+005 1.21188105e+005 3.37787622e+004 7.95396565e+003 1.83584121e+003 5.86945465e+002 2.49157691e+002 1.38109059e+002 6.89097746e+001 3.40029866e+001 1.77833376e+001 1.16518565e+001 8.25694994e+000 4.73377427e+000 2.57940549e+000 1.70897993e+000
61431.64917141 -4682.035821 -33408.405228 -19474.508369 6.46758807e+006 1.08598981e+007 8.50963665e+006 8.54013177e+006 2.48671939e+006 6.07023519e+005 1.86095027e+005 5.78402520e+004 1.37472292e+004 2.90765519e+003 8.03582633e+002 3.05264212e+002 1.60842290e+002 7.82003853e+001 3.70559024e+001 1.81466382e+001 1.11022888e+001 7.48118591e+000 4.05257215e+000 2.04652991e+000 1.32909461e+000
61431.65591118 -2740.314228 -31971.793818 -18627.826499 7.14159432e+006 1.19022044e+007 9.56333307e+006 9.46509482e+006 2.89238321e+006 7.93457598e+005 2.62201671e+005 9.32678906e+004 2.29228891e+004 4.54424292e+003 1.09665946e+003 3.69435839e+002 1.76834625e+002 8.27912020e+001 3.77803157e+001 1.73868923e+001 9.78287895e+000 6.20738943e+000 3.17691498e+000 1.47048771e+000 9.22402745e-001
61431.66186836 -1017.971230 -30631.769911 -17838.537559 7.74810004e+006 1.28495100e+007 1.05025406e+007 9.97810646e+006 3.24491266e+006 9.68908686e+005 3.35215346e+005 1.30005274e+005 3.27723603e+004 6.26036309e+003 1.40339260e+003 4.32311295e+002 1.87233208e+002 8.35511068e+001 3.67697991e+001 1.60840738e+001 8.27781184e+000 4.88842736e+000 2.33361229e+000 9.61210456e-001 5.65683471e-001
61431.66686289 428.007429 -29452.625757 -17144.375092 8.22272871e+006 1.35595055e+007 1.11932935e+007 9.65569113e+006 3.48985696e+006 1.11367698e+006 3.92564313e+005 1.61151434e+005 4.18571972e+004 7.82742307e+003 1.68355214e+003 4.76608230e+002 1.85030601e+002 7.71189362e+001 3.28895931e+001 1.40779525e+001 6.79151415e+000 3.76137450e+000 1.68785882e+000 6.36886357e-001 3.54166083e-001
61431.67114536 1667.261493 -28397.762024 -16523.662545 8.52696790e+006 1.39637997e+007 1.16087910e+007 9.25267611e+006 3.65188657e+006 1.22706685e+006 4.39416460e+005 1.81423678e+005 4.67917160e+004 8.37043172e+003 1.78886109e+003 4.83246634e+002 1.74301883e+002 6.93590341e+001 2.90672626e+001 1.23102353e+001 5.62405210e+000 2.91946581e+000 1.22368923e+000 4.15948679e-001 2.15468849e-001
61431.67543397 2905.695021 -27297.742762 -15876.662696 8.71272830e+006 1.41196633e+007 1.17638792e+007 8.62805710e+006 3.73111110e+006 1.32947537e+006 4.84364975e+005 1.94018939e+005 4.82402380e+004 7.95045612e+003 1.71955562e+003 4.50278336e+002 1.52986203e+002 5.90598004e+001 2.47441483e+001 1.05269230e+001 4.60511991e+000 2.24506688e+000 8.81175705e-001 2.76098139e-001 1.35839388e-001
61431.68030434 4305.866904 -25991.487737 -15108.731510 8.47627190e+006 1.37362155e+007 1.14956608e+007 7.57690086e+006 3.75378525e+006 1.42026924e+006 5.14082804e+005 1.81604103e+005 4.12398154e+004 6.64882242e+003 1.47998060e+003 3.83368457e+002 1.22353015e+002 4.59982509e+001 1.97551439e+001 8.55210684e+000 3.67273481e+000 1.68497856e+000 6.18472238e-001 1.81976658e-001 8.68600732e-002
61431.68529240 5728.483784 -24585.708153 -14282.734049 7.96664814e+006 1.29845080e+007 1.08689153e+007 6.22114813e+006 3.58910915e+006 1.43776362e+006 5.11866414e+005 1.52372020e+005 3.03181064e+004 4.95707484e+003 1.15163005e+003 2.98630940e+002 8.79034680e+001 3.17788838e+001 1.43085418e+001 6.42564038e+000 2.78671343e+000 1.21091142e+000 4.17675683e-001 1.19379468e-001 5.73150891e-002
61431.69026297 7128.703956 -23110.625731 -13416.502521 7.31029098e+006 1.19835953e+007 9.88186312e+006 4.68253978e+006 3.09106975e+006 1.30371542e+006 4.53282935e+005 1.12207073e+005 1.93883041e+004 3.29808814e+003 7.96040510e+002 2.06575069e+002 5.44765319e+001 1.79055811e+001 8.50909759e+000 4.15943488e+000 1.91216070e+000 8.01155796e-001 2.62354637e-001 7.35960260e-002 3.58288259e-002
61431.69513431 8476.830909 -21587.097294 -12522.336740 7.10559319e+006 1.14667041e+007 8.65718107e+006 3.44798982e+006 2.22894495e+006 9.83930168e+005 3.47626871e+005 7.46447340e+004 1.23181147e+004 2.12605228e+003 5.00796040e+002 1.33095266e+002 3.63133050e+001 1.14772214e+001 5.48578599e+000 2.79311402e+000 1.38441389e+000 5.91355692e-001 1.89110390e-001 5.15137238e-002 2.44402408e-002
61431.69977353 9730.315561 -20058.855115 -11625.923399 7.27070899e+006 1.12852728e+007 7.16259459e+006 2.10244465e+006 1.24263608e+006 5.62710591e+005 2.05657944e+005 3.94027521e+004 6.72234735e+003 1.23746639e+003 2.82050066e+002 7.38408384e+001 2.15014957e+001 7.09598558e+000 3.36660631e+000 1.64619705e+000 7.99342618e-001 3.50353791e-001 1.14075530e-001 3.17340879e-002 1.50904594e-002
61431.70408845 10861.059108 -18565.035549 -10750.197341 9.59635458e+006 1.38521299e+007 5.47725095e+006 1.15473482e+006 5.62280209e+005 2.59726979e+005 9.97190421e+004 1.87695254e+004 3.82028743e+003 8.36210465e+002 1.97787896e+002 5.10248060e+001 1.52318342e+001 5.16097721e+000 2.27870413e+000 1.00523190e+000 4.50531432e-001 1.97507031e-001 6.63602681e-002 1.94277942e-002 9.59120227e-003
61431.70811359 11876.924252 -17104.957763 -9894.720782 1.63573529e+007 2.10029295e+007 4.42272628e+006 6.06712036e+005 2.05687152e+005 9.59760916e+004 3.93801829e+004 8.13044648e+003 2.18557510e+003 5.94888615e+002 1.54216633e+002 3.98454197e+001 1.18016642e+001 4.04149637e+000 1.63545507e+000 6.41675021e-001 2.61004039e-001 1.13012925e-001 4.01779673e-002 1.28476798e-002 6.75398594e-003
61431.71188773 12787.075846 -15674.897787 -9057.277299 3.22985436e+007 3.59588891e+007 3.98242254e+006 3.08958041e+005 6.02024176e+004 2.62388507e+004 1.16350230e+004 2.92837675e+003 1.13697339e+003 3.99620522e+002 1.18222631e+002 3.14493586e+001 9.42745237e+000 3.26372949e+000 1.23044622e+000 4.42668756e-001 1.70963872e-001 7.73082286e-002 3.07898747e-002 1.12673868e-002 6.31462241e-003
61431.71544760 13600.008472 -14270.190171 -8235.105896 6.18015802e+007 6.14893020e+007 3.87468573e+006 1.91815811e+005 2.17369856e+004 8.87685798e+003 4.23216763e+003 1.42487388e+003 7.56466881e+002 3.09577709e+002 1.06002591e+002 3.03311831e+001 9.37424480e+000 3.13135755e+000 1.11384532e+000 3.85218321e-001 1.46313518e-001 6.93108121e-002 2.98846522e-002 1.17847796e-002 6.69108837e-003
61431.71882763 14323.261264 -12885.448699 -7425.031016 1.26322672e+008 1.12640358e+008 4.61719527e+006 1.49197086e+005 1.00476893e+004 3.82309605e+003 1.85547099e+003 7.53938164e+002 5.21107967e+002 2.36453248e+002 9.17582815e+001 2.75142014e+001 8.89824344e+000 3.08049490e+000 1.18350279e+000 4.28426375e-001 1.63938633e-001 7.53943529e-002 3.37481075e-002 1.40637034e-002 7.85129345e-003
61431.72206027 14963.286892 -11514.597663 -6623.481448 2.11323973e+008 1.71014553e+008 7.54554153e+006 1.46190871e+005 5.23301711e+003 1.57179389e+003 7.63834659e+002 4.12707023e+002 3.66400210e+002 1.83423082e+002 8.04150330e+001 2.57089578e+001 8.89319158e+000 3.29936033e+000 1.36223049e+000 5.24934604e-001 2.09172667e-001 9.59274219e-002 4.35597257e-002 1.84364356e-002 1.03236868e-002
61431.72517670 15525.370828 -10150.769958 -5826.431435 3.12025612e+008 2.33289568e+008 1.21918203e+007 1.70012918e+005 4.15989259e+003 9.88889950e+002 4.69549953e+002 2.93354904e+002 2.74591514e+002 1.47131065e+002 7.12332031e+001 2.47546220e+001 9.24309379e+000 3.69829561e+000 1.62447753e+000 6.67970987e-001 2.78442828e-001 1.27337819e-001 5.68261414e-002 2.35480516e-002 1.28965809e-002
61431.72820773 16013.538508 -8786.089243 -5029.274348 4.76409850e+008 3.37256465e+008 2.59606079e+007 2.45369693e+005 3.53543235e+003 7.60822619e+002 3.62394530e+002 2.68799828e+002 2.39447810e+002 1.32670050e+002 6.40575027e+001 2.27505266e+001 8.84150726e+000 3.68498034e+000 1.66979604e+000 7.21947212e-001 3.15424257e-001 1.46389553e-001 6.47065274e-002 2.57663932e-002 1.36572683e-002
61431.73118492 16430.402000 -7411.325721 -4226.623113 6.38824200e+008 4.38291236e+008 3.96342461e+007 3.19560096e+005 3.44208163e+003 6.72940996e+002 3.13548859e+002 2.69771919e+002 2.19358531e+002 1.22472567e+002 5.71657913e+001 2.05722662e+001 8.32014734e+000 3.59632096e+000 1.67840966e+000 7.63790671e-001 3.48367645e-001 1.63286536e-001 7.11966347e-002 2.72118664e-002 1.39333815e-002
61431.73414154 16776.836890 -6015.644031 -3412.165191 7.98876529e+008 5.50266504e+008 6.60808626e+007 5.00064947e+005 4.40417069e+003 6.17249135e+002 2.70462807e+002 2.40111404e+002 1.86416848e+002 1.05092940e+002 4.83215824e+001 1.78036424e+001 7.40382196e+000 3.28846499e+000 1.58258404e+000 7.50661872e-001 3.55351811e-001 1.69706302e-001 7.36461794e-002 2.76199528e-002 1.39856052e-002
61431.73711182 17051.373634 -4587.232742 -2579.032398 9.33838232e+008 6.47972740e+008 9.18512711e+007 6.80511244e+005 5.41242859e+003 5.75171973e+002 2.37130937e+002 2.07178141e+002 1.53363908e+002 8.67563162e+001 3.94192052e+001 1.49016143e+001 6.34017535e+000 2.88916449e+000 1.43398802e+000 7.04910057e-001 3.45110703e-001 1.68203204e-001 7.29166716e-002 2.70917645e-002 1.36878126e-002
61431.74000355 17243.080081 -3176.251410 -1756.488882 1.01396405e+009 7.07490975e+008 1.08941764e+008 7.99812647e+005 6.07034513e+003 5.47555720e+002 2.15129782e+002 1.82198864e+002 1.27293987e+002 7.17724674e+001 3.20709746e+001 1.23255197e+001 5.32439588e+000 2.47289477e+000 1.25384864e+000 6.31752269e-001 3.16598328e-001 1.56668852e-001 6.79914518e-002 2.52615495e-002 1.28145431e-002
61431.74281304 17354.335434 -1791.558455 -949.681058 1.03756428e+009 7.28445805e+008 1.17158065e+008 8.59594041e+005 6.41309958e+003 5.32749001e+002 2.03026636e+002 1.65482976e+002 1.09995613e+002 6.15707849e+001 2.70670283e+001 1.04532590e+001 4.54505204e+000 2.12901096e+000 1.08821386e+000 5.54726535e-001 2.81186953e-001 1.40435398e-001 6.11396249e-002 2.28902950e-002 1.17170840e-002
61431.74556248 17389.323914 -428.814487 -156.061474 1.01358103e+009 7.17353531e+008 1.17280530e+008 8.65790055e+005 6.47396832e+003 5.33545017e+002 2.01557362e+002 1.57771326e+002 1.02075253e+002 5.64961559e+001 2.45604305e+001 9.38924659e+000 4.06785203e+000 1.89840173e+000 9.63827281e-001 4.89624734e-001 2.47916346e-001 1.24197162e-001 5.43028100e-002 2.05950554e-002 1.06681789e-002
61431.74827603 17351.078403 917.958484 627.865273 9.51225796e+008 6.77168683e+008 1.10183551e+008 8.24896209e+005 6.27389282e+003 5.46787480e+002 2.09218445e+002 1.58870145e+002 1.03007366e+002 5.62808835e+001 2.43837701e+001 9.12132201e+000 3.89301568e+000 1.78764188e+000 8.89262345e-001 4.42962811e-001 2.21140571e-001 1.10309487e-001 4.83960555e-002 1.86405175e-002 9.78139999e-003
61431.75092794 17243.887464 2230.488288 1391.482273 8.53549434e+008 6.09557391e+008 9.58633367e+007 7.30446142e+005 5.75671640e+003 5.73562837e+002 2.26626893e+002 1.67627733e+002 1.10591446e+002 5.93605019e+001 2.57121907e+001 9.31440362e+000 3.87027560e+000 1.72865203e+000 8.30950813e-001 3.98586814e-001 1.93538413e-001 9.54973288e-002 4.20619882e-002 1.65436757e-002 8.81818525e-003
61431.75360282 17066.964741 3545.487653 2156.159259 7.28589264e+008 5.16977643e+008 7.45692587e+007 5.73204911e+005 4.81918270e+003 6.10241294e+002 2.55148112e+002 1.85524377e+002 1.25260339e+002 6.58083105e+001 2.84408214e+001 9.97124169e+000 4.00240599e+000 1.72281015e+000 7.91033880e-001 3.58958381e-001 1.66956771e-001 8.07689618e-002 3.56315377e-002 1.43794991e-002 7.79943057e-003
61431.75632662 16817.977830 4870.225051 2926.114254 5.80896297e+008 4.00386536e+008 4.60745420e+007 3.53856228e+005 3.46774911e+003 6.58370483e+002 2.96403771e+002 2.14635169e+002 1.49201928e+002 7.71136656e+001 3.31102763e+001 1.13749924e+001 4.43308722e+000 1.83149125e+000 8.00468116e-001 3.41594179e-001 1.49898790e-001 6.99289108e-002 3.05876365e-002 1.26302396e-002 6.93153499e-003
61431.75914362 16490.755319 6220.076285 3710.264787 4.29402275e+008 2.97881087e+008 3.06532104e+007 2.60361957e+005 3.09627393e+003 7.23000764e+002 3.47448171e+002 2.34770159e+002 1.70072031e+002 8.47769835e+001 3.70528942e+001 1.27861400e+001 4.82404775e+000 1.89097452e+000 7.88629927e-001 3.16557821e-001 1.30295082e-001 5.87172808e-002 2.53525240e-002 1.07027896e-002 5.94759450e-003
61431.76204797 16083.705693 7585.488688 4503.039061 2.69657193e+008 1.90807082e+008 1.35902116e+007 1.66178831e+005 2.82351640e+003 8.21470332e+002 4.17872939e+002 2.64798108e+002 1.94594407e+002 9.26480684e+001 4.09660100e+001 1.41953663e+001 5.19432022e+000 1.94464984e+000 7.76659970e-001 2.92639833e-001 1.12146121e-001 4.85577139e-002 2.05148039e-002 8.67918302e-003 4.77638594e-003
61431.76506150 15592.324826 8969.657572 5306.271796 1.75533302e+008 1.29649644e+008 8.18297608e+006 1.41980297e+005 3.88941882e+003 1.40374391e+003 7.37980617e+002 4.16022220e+002 2.74504059e+002 1.16769287e+002 4.56864217e+001 1.50614568e+001 5.23535190e+000 1.82561798e+000 6.78774557e-001 2.39870579e-001 8.61473810e-002 3.67424966e-002 1.48703247e-002 6.02926581e-003 3.34064618e-003
61431.76820051 15012.672331 10372.437808 6119.855917 9.74263599e+007 7.65241690e+007 4.74118649e+006 1.54931571e+005 9.32988431e+003 3.83229309e+003 2.00174499e+003 8.25540888e+002 4.25082914e+002 1.54690959e+002 5.32730901e+001 1.64589533e+001 5.52197434e+000 1.84636653e+000 6.44135849e-001 2.16956557e-001 7.46658241e-002 3.11431585e-002 1.17587211e-002 4.33707029e-003 2.36323536e-003
61431.77144661 14348.380379 11778.283121 6934.758748 4.17479763e+007 3.75715927e+007 3.83034746e+006 2.22987094e+005 2.61339833e+004 1.12809097e+004 5.54390800e+003 1.71976865e+003 6.83382319e+002 2.11551006e+002 6.51764118e+001 1.88619273e+001 6.24117316e+000 2.11268836e+000 7.37728791e-001 2.47191304e-001 8.53977011e-002 3.51219558e-002 1.21296081e-002 3.83134389e-003 1.99272101e-003
61431.77461972 13643.053890 13106.742989 7704.377087 1.82333169e+007 2.01640215e+007 3.68441967e+006 3.68380133e+005 6.86443100e+004 3.00094982e+004 1.38154181e+004 3.46231854e+003 1.07439920e+003 2.83603116e+002 7.84814376e+001 2.15096899e+001 7.12661179e+000 2.58025922e+000 9.91940174e-001 3.57153400e-001 1.28489972e-001 5.22792427e-002 1.67191557e-002 4.57608549e-003 2.21987897e-003
61431.77781155 12885.155879 14396.626784 8451.244027 9.80239528e+006 1.27139800e+007 3.85816008e+006 7.50758516e+005 2.61236220e+005 1.17587734e+005 4.95987700e+004 1.01463538e+004 2.25863075e+003 4.75712529e+002 1.16079266e+002 3.13786146e+001 1.06883808e+001 3.88330621e+000 1.57112718e+000 6.17882547e-001 2.46068103e-001 1.05312193e-001 3.29875037e-002 8.26910144e-003 3.64194295e-003
61431.78107417 12067.396662 15667.078899 9186.466136 5.94191146e+006 9.12500288e+006 4.49243479e+006 1.49419675e+006 7.60282902e+005 3.38927538e+005 1.33076052e+005 2.40662200e+004 4.17186208e+003 7.34199262e+002 1.63909168e+002 4.41759280e+001 1.51846480e+001 5.45845594e+000 2.36236756e+000 1.01789092e+000 4.57749521e-001 2.08959970e-001 6.74692462e-002 1.71448492e-002 7.69196860e-003
61431.78444324 11184.269828 16928.810403 9916.249535 4.51791853e+006 7.83111474e+006 5.46706456e+006 2.67507112e+006 1.64554644e+006 7.20983072e+005 2.68221097e+005 5.00613706e+004 7.73067121e+003 1.25241680e+003 2.76168255e+002 7.37213548e+001 2.38700056e+001 8.33461084e+000 3.80400185e+000 1.74882012e+000 8.46950277e-001 3.92671806e-001 1.30370761e-001 3.34738121e-002 1.50416275e-002
61431.78794869 10230.592453 18188.976717 10644.731894 4.19999785e+006 7.70179475e+006 6.63884252e+006 4.24158886e+006 2.88784787e+006 1.24562963e+006 4.45995823e+005 9.04938533e+004 1.35860117e+004 2.18857306e+003 4.98257808e+002 1.31058520e+002 3.92607842e+001 1.34713662e+001 6.30231330e+000 3.00100029e+000 1.49213023e+000 6.94984194e-001 2.38944867e-001 6.33406189e-002 2.89091070e-002
61431.79161829 9201.105671 19452.795081 11374.921997 4.17388788e+006 7.89901854e+006 7.78521841e+006 6.01912567e+006 4.25318063e+006 1.77667765e+006 6.18364041e+005 1.39194881e+005 2.14874866e+004 3.55122453e+003 8.34047089e+002 2.13789873e+002 5.99518745e+001 2.09035413e+001 9.72258202e+000 4.62648599e+000 2.21534337e+000 1.02405231e+000 3.61004918e-001 9.97381456e-002 4.72090502e-002
61431.79547926 8090.347888 20724.240111 12109.104030 4.55726126e+006 8.53663216e+006 8.70837674e+006 7.70337389e+006 5.11022780e+006 2.03210582e+006 7.18989881e+005 1.89329831e+005 3.31268938e+004 5.52101344e+003 1.29977542e+003 3.35744402e+002 1.01258228e+002 3.69712703e+001 1.63855597e+001 7.40995490e+000 3.47713629e+000 1.66418576e+000 6.18218532e-001 1.78610500e-001 8.53306246e-002
61431.79955911 6892.644997 22006.368342 12849.026491 4.94893008e+006 9.15233939e+006 9.39464015e+006 9.16080970e+006 5.54654901e+006 2.08117501e+006 7.47780188e+005 2.27971449e+005 4.50254761e+004 7.54142998e+003 1.76018446e+003 4.59812104e+002 1.48800547e+002 5.56963267e+001 2.36824357e+001 1.05218530e+001 4.97395054e+000 2.50931489e+000 9.91963412e-001 3.03759493e-001 1.48458043e-001
61431.80388598 5602.166113 23301.470835 13595.991353 5.17532070e+006 9.57117206e+006 9.71903818e+006 1.02073139e+007 5.55358784e+006 1.94210180e+006 7.02961715e+005 2.39570557e+005 5.20118144e+004 9.03518900e+003 2.10590948e+003 5.67337045e+002 1.96158842e+002 7.53179163e+001 3.14767915e+001 1.39457580e+001 6.79473497e+000 3.66791375e+000 1.56985916e+000 5.31005324e-001 2.72286532e-001
61431.80846444 4220.411728 24604.382544 14346.999690 5.13872891e+006 9.68882187e+006 9.56194224e+006 1.06826771e+007 5.13944508e+006 1.64397220e+006 5.90834547e+005 2.11921438e+005 4.91838466e+004 9.31642631e+003 2.21334070e+003 6.36771384e+002 2.36575738e+002 9.44301082e+001 3.99556906e+001 1.78043013e+001 9.10327772e+000 5.29339210e+000 2.46938368e+000 9.41672700e-001 5.11500657e-001
61431.81316024 2791.732774 25873.915830 15078.314535 4.88535749e+006 9.34099921e+006 8.74138607e+006 1.04122838e+007 4.40181883e+006 1.29774085e+006 4.61896789e+005 1.59916574e+005 3.59984026e+004 6.96559384e+003 1.77600723e+003 5.86138308e+002 2.49498655e+002 1.08376388e+002 4.82546859e+001 2.22440023e+001 1.22057305e+001 7.66703039e+000 3.91497273e+000 1.73769261e+000 1.01812848e+000
61431.81793764 1331.256721 27101.473609 15785.013798 4.48583527e+006 8.65667344e+006 7.80217346e+006 9.45250320e+006 3.60824973e+006 9.69658259e+005 3.33787963e+005 1.08594163e+005 2.38407043e+004 4.81343322e+003 1.34190591e+003 4.96065228e+002 2.34250694e+002 1.08397949e+002 5.09922896e+001 2.48240434e+001 1.46608810e+001 9.78782059e+000 5.36452559e+000 2.70933006e+000 1.69681686e+000
61431.82271715 -132.863050 28270.003054 16457.323768 4.02886246e+006 7.86713495e+006 6.86074072e+006 8.27960105e+006 2.84340725e+006 6.83387105e+005 2.24151071e+005 6.70499328e+004 1.43939484e+004 3.12678535e+003 9.79890337e+002 4.05307365e+002 2.09015310e+002 1.02384808e+002 5.09189502e+001 2.62643115e+001 1.64597606e+001 1.14897064e+001 6.64255083e+000 3.67295979e+000 2.37684852e+000
61431.82632672 -1238.604464 29115.853042 16943.728155 3.64468188e+006 7.22983341e+006 6.16559655e+006 7.35600211e+006 2.32936003e+006 5.14887960e+005 1.64809970e+005 4.72394449e+004 1.01486186e+004 2.33885854e+003 7.90404234e+002 3.48378713e+002 1.86522715e+002 9.48813161e+001 4.91444955e+001 2.65698236e+001 1.72466589e+001 1.23735999e+001 7.42020919e+000 4.35414188e+000 2.85578425e+000
61431.82992903 -2340.885842 29930.610128 17412.047911 3.29549821e+006 6.62100437e+006 5.51014106e+006 6.40844748e+006 1.85914457e+006 3.73745426e+005 1.16057174e+005 3.17814694e+004 6.86015798e+003 1.69726666e+003 6.23762839e+002 2.92625861e+002 1.62377377e+002 8.55982870e+001 4.59653171e+001 2.57506001e+001 1.71680254e+001 1.25562596e+001 7.70871239e+000 4.63155617e+000 3.06034439e+000
61431.83485771 -3845.392967 31000.875833 18026.921973 2.85650239e+006 5.80104836e+006 4.67295896e+006 5.14181710e+006 1.35236888e+006 2.48009514e+005 7.42238578e+004 1.95797435e+004 4.22625324e+003 1.10832773e+003 4.43519878e+002 2.19682312e+002 1.26617848e+002 6.93142649e+001 3.87347504e+001 2.23252517e+001 1.52938856e+001 1.13617253e+001 7.09834000e+000 4.21105625e+000 2.80569728e+000
61431.84039466 -5528.481211 32146.404059 18684.634356 2.35035276e+006 4.75263277e+006 3.67423010e+006 3.89685852e+006 9.36691281e+005 1.55110782e+005 4.43723640e+004 1.12804257e+004 2.46778829e+003 6.93046839e+002 3.03228729e+002 1.57770179e+002 9.39789053e+001 5.32728797e+001 3.07541216e+001 1.81934136e+001 1.26762428e+001 9.52358443e+000 6.01222310e+000 3.54408370e+000 2.37269625e+000
61431.84656392 -7392.570845 33357.878280 19379.747426 1.77686444e+006 3.52546809e+006 2.58195475e+006 2.69370200e+006 5.95034224e+005 8.79766365e+004 2.37606089e+004 5.81886089e+003 1.31701525e+003 4.01405881e+002 1.92282957e+002 1.04074883e+002 6.35401688e+001 3.73222269e+001 2.21992948e+001 1.34911403e+001 9.49818543e+000 7.19886488e+000 4.57616391e+000 2.69528033e+000 1.69227642e+000
61431.85334700 -9426.187745 34618.093839 20102.307241 1.10038661e+006 2.17918657e+006 1.58447073e+006 1.70479020e+006 3.59563367e+005 4.99460029e+004 1.30350147e+004 3.27531609e+003 7.73513123e+002 2.45681102e+002 1.20189808e+002 6.58057400e+001 4.03583940e+001 2.44807544e+001 1.48472910e+001 9.00574797e+000 6.31224486e+000 4.74955663e+000 3.05261456e+000 1.85184527e+000 3.49271437e-001
61431.86075890 -11627.132498 35917.376250 20846.693215 6.17970710e+005 1.22825304e+006 8.87736450e+005 9.87922343e+005 1.98277860e+005 2.62637890e+004 6.74884433e+003 1.77476625e+003 4.39252943e+002 1.43785971e+002 7.07869451e+001 3.91114003e+001 2.41897027e+001 1.51989265e+001 9.32763912e+000 5.64337921e+000 3.91743892e+000 2.91478207e+000 1.83978307e+000 6.66756252e-001 0.00000000e+000
61431.86882834 -13996.419265 37248.833897 21608.887382 3.04317500e+005 6.08172459e+005 4.32174197e+005 4.99088113e+005 9.62380499e+004 1.25632570e+004 3.23486124e+003 9.04731895e+002 2.33288657e+002 7.79855616e+001 3.80308167e+001 2.12146410e+001 1.33419125e+001 8.66780187e+000 5.32437796e+000 3.20592487e+000 1.61199720e+000 1.19119871e+000 6.40153156e-001 0.00000000e+000 0.00000000e+000
61431.87759450 -16537.208130 38607.293226 22385.860293 1.35290130e+005 2.70616002e+005 1.86826871e+005 2.25926446e+005 4.42756158e+004 6.05325993e+003 1.57236458e+003 4.57666898e+002 1.20075228e+002 4.08720462e+001 1.93951223e+001 1.08420472e+001 6.91765325e+000 4.57374807e+000 2.75808101e+000 1.40425666e+000 0.00000000e+000 0.00000000e+000 0.00000000e+000 0.00000000e+000 0.00000000e+000
61431.88710493 -19254.100778 39988.619182 23175.179202 5.50007500e+004 1.10653213e+005 7.43933161e+004 9.42517439e+004 1.91796925e+004 2.81236101e+003 7.39942698e+002 2.21810707e+002 5.92892373e+001 2.05300739e+001 9.36857849e+000 5.20382174e+000 3.37125573e+000 1.97532511e+000 1.20746640e+000 2.15743569e-002 0.00000000e+000 0.00000000e+000 0.00000000e+000 0.00000000e+000 0.00000000e+000
61431.89741499 -22152.855767 41389.368105 23974.807532 2.40437976e+004 4.90610236e+004 3.22674124e+004 3.92915000e+004 8.00299222e+003 1.22793680e+003 3.15098417e+002 8.86084972e+001 2.31777537e+001 7.95143983e+000 3.62021619e+000 1.87161757e+000 1.23303884e+000 1.54907470e-001 9.87144486e-002 0.00000000e+000 0.00000000e+000 0.00000000e+000 0.00000000e+000 0.00000000e+000 0.00000000e+000
61431.90858727 -25240.101887 42806.500961 24782.939467 1.38496262e+004 2.79991858e+004 1.75531698e+004 1.93099139e+004 3.78611056e+003 5.96546143e+002 1.49727963e+002 3.93551181e+001 1.00453385e+001 3.40769888e+000 1.41072730e+000 3.33856187e-001 2.25449562e-001 0.00000000e+000 0.00000000e+000 0.00000000e+000 0.00000000e+000 0.00000000e+000 0.00000000e+000 0.00000000e+000 0.00000000e+000
61431.92069223 -28523.376135 44237.289298 25597.944972 1.06915439e+004 2.12882231e+004 1.28724126e+004 1.28180029e+004 2.42500449e+003 3.82064106e+002 9.36590408e+001 2.32188303e+001 5.76584536e+000 1.92221637e+000 4.22743704e-001 0.00000000e+000 0.00000000e+000 0.00000000e+000 0.00000000e+000 0.00000000e+000 0.00000000e+000 0.00000000e+000 0.00000000e+000 0.00000000e+000 0.00000000e+000
61431.93375916 -31998.050590 45673.947095 26415.316116 0.00000000e+000 0.00000000e+000 0.00000000e+000 0.00000000e+000 0.00000000e+000 0.00000000e+000 0.00000000e+000 0.00000000e+000 0.00000000e+000 0.00000000e+000 0.00000000e+000 0.00000000e+000 0.00000000e+000 0.00000000e+000 0.00000000e+000 0.00000000e+000 0.00000000e+000 0.00000000e+000 0.00000000e+000 0.00000000e+000 0.00000000e+000
61431.94777851 -35649.153125 47105.604015 27228.805938 0.00000000e+000 0.00000000e+000 0.00000000e+000 0.00000000e+000 0.00000000e+000 0.00000000e+000 0.00000000e+000 0.00000000e+000 0.00000000e+000 0.00000000e+000 0.00000000e+000 0.00000000e+000 0.00000000e+000 0.00000000e+000 0.00000000e+000 0.00000000e+000 0.00000000e+000 0.00000000e+000 0.00000000e+000 0.00000000e+000 0.00000000e+000
61431.96280698 -39479.047376 48529.251897 28036.649694 0.00000000e+000 0.00000000e+000 0.00000000e+000 0.00000000e+000 0.00000000e+000 0.00000000e+000 0.00000000e+000 0.00000000e+000 0.00000000e+000 0.00000000e+000 0.00000000e+000 0.00000000e+000 0.00000000e+000 0.00000000e+000 0.00000000e+000 0.00000000e+000 0.00000000e+000 0.00000000e+000 0.00000000e+000 0.00000000e+000 0.00000000e+000
61431.97930722 -43589.336317 49975.958785 28856.377319 0.00000000e+000 0.00000000e+000 0.00000000e+000 0.00000000e+000 0.00000000e+000 0.00000000e+000 0.00000000e+000 0.00000000e+000 0.00000000e+000 0.00000000e+000 0.00000000e+000 0.00000000e+000 0.00000000e+000 0.00000000e+000 0.00000000e+000 0.00000000e+000 0.00000000e+000 0.00000000e+000 0.00000000e+000 0.00000000e+000 0.00000000e+000
61431.99665116 -47809.241884 51381.254588 29651.390293 0.00000000e+000 0.00000000e+000 0.00000000e+000 0.00000000e+000 0.00000000e+000 0.00000000e+000 0.00000000e+000 0.00000000e+000 0.00000000e+000 0.00000000e+000 0.00000000e+000 0.00000000e+000 0.00000000e+000 0.00000000e+000 0.00000000e+000 0.00000000e+000 0.00000000e+000 0.00000000e+000 0.00000000e+000 0.00000000e+000 0.00000000e+000
61432.01465213 -52086.743112 52729.762074 30413.020764 0.00000000e+000 0.00000000e+000 0.00000000e+000 0.00000000e+000 0.00000000e+000 0.00000000e+000 0.00000000e+000 0.00000000e+000 0.00000000e+000 0.00000000e+000 0.00000000e+000 0.00000000e+000 0.00000000e+000 0.00000000e+000 0.00000000e+000 0.00000000e+000 0.00000000e+000 0.00000000e+000 0.00000000e+000 0.00000000e+000 0.00000000e+000
61432.03472073 -56740.675597 54116.892162 31195.066308 0.00000000e+000 0.00000000e+000 0.00000000e+000 0.00000000e+000 0.00000000e+000 0.00000000e+000 0.00000000e+000 0.00000000e+000 0.00000000e+000 0.00000000e+000 0.00000000e+000 0.00000000e+000 0.00000000e+000 0.00000000e+000 0.00000000e+000 0.00000000e+000 0.00000000e+000 0.00000000e+000 0.00000000e+000 0.00000000e+000 0.00000000e+000
61432.05633005 -61625.563605 55489.968184 31967.655132 0.00000000e+000 0.00000000e+000 0.00000000e+000 0.00000000e+000 0.00000000e+000 0.00000000e+000 0.00000000e+000 0.00000000e+000 0.00000000e+000 0.00000000e+000 0.00000000e+000 0.00000000e+000 0.00000000e+000 0.00000000e+000 0.00000000e+000 0.00000000e+000 0.00000000e+000 0.00000000e+000 0.00000000e+000 0.00000000e+000 0.00000000e+000
61432.07963422 -66757.082471 56847.771818 32729.989889 0.00000000e+000 0.00000000e+000 0.00000000e+000 0.00000000e+000 0.00000000e+000 0.00000000e+000 0.00000000e+000 0.00000000e+000 0.00000000e+000 0.00000000e+000 0.00000000e+000 0.00000000e+000 0.00000000e+000 0.00000000e+000 0.00000000e+000 0.00000000e+000 0.00000000e+000 0.00000000e+000 0.00000000e+000 0.00000000e+000 0.00000000e+000
61432.10478522 -72147.845591 58187.578313 33480.412442 0.00000000e+000 0.00000000e+000 0.00000000e+000 0.00000000e+000 0.00000000e+000 0.00000000e+000 0.00000000e+000 0.00000000e+000 0.00000000e+000 0.00000000e+000 0.00000000e+000 0.00000000e+000 0.00000000e+000 0.00000000e+000 0.00000000e+000 0.00000000e+000 0.00000000e+000 0.00000000e+000 0.00000000e+000 0.00000000e+000 0.00000000e+000
61432.13194944 -77810.993677 59506.223191 34217.005057 0.00000000e+000 0.00000000e+000 0.00000000e+000 0.00000000e+000 0.00000000e+000 0.00000000e+000 0.00000000e+000 0.00000000e+000 0.00000000e+000 0.00000000e+000 0.00000000e+000 0.00000000e+000 0.00000000e+000 0.00000000e+000 0.00000000e+000 0.00000000e+000 0.00000000e+000 0.00000000e+000 0.00000000e+000 0.00000000e+000 0.00000000e+000
61432.16130868 -83760.070500 60800.037840 34937.553417 0.00000000e+000 0.00000000e+000 0.00000000e+000 0.00000000e+000 0.00000000e+000 0.00000000e+000 0.00000000e+000 0.00000000e+000 0.00000000e+000 0.00000000e+000 0.00000000e+000 0.00000000e+000 0.00000000e+000 0.00000000e+000 0.00000000e+000 0.00000000e+000 0.00000000e+000 0.00000000e+000 0.00000000e+000 0.00000000e+000 0.00000000e+000
61432.19300115 -89997.273482 62062.524603 35638.257499 0.00000000e+000 0.00000000e+000 0.00000000e+000 0.00000000e+000 0.00000000e+000 0.00000000e+000 0.00000000e+000 0.00000000e+000 0.00000000e+000 0.00000000e+000 0.00000000e+000 0.00000000e+000 0.00000000e+000 0.00000000e+000 0.00000000e+000 0.00000000e+000 0.00000000e+000 0.00000000e+000 0.00000000e+000 0.00000000e+000 0.00000000e+000
61432.22719831 -96529.306140 63288.039505 36315.788329 0.00000000e+000 0.00000000e+000 0.00000000e+000 0.00000000e+000 0.00000000e+000 0.00000000e+000 0.00000000e+000 0.00000000e+000 0.00000000e+000 0.00000000e+000 0.00000000e+000 0.00000000e+000 0.00000000e+000 0.00000000e+000 0.00000000e+000 0.00000000e+000 0.00000000e+000 0.00000000e+000 0.00000000e+000 0.00000000e+000 0.00000000e+000
61432.26410505 -103366.579889 64471.292614 36967.001135 0.00000000e+000 0.00000000e+000 0.00000000e+000 0.00000000e+000 0.00000000e+000 0.00000000e+000 0.00000000e+000 0.00000000e+000 0.00000000e+000 0.00000000e+000 0.00000000e+000 0.00000000e+000 0.00000000e+000 0.00000000e+000 0.00000000e+000 0.00000000e+000 0.00000000e+000 0.00000000e+000 0.00000000e+000 0.00000000e+000 0.00000000e+000
61432.30394166 -110519.228760 65606.445439 37588.431415 0.00000000e+000 0.00000000e+000 0.00000000e+000 0.00000000e+000 0.00000000e+000 0.00000000e+000 0.00000000e+000 0.00000000e+000 0.00000000e+000 0.00000000e+000 0.00000000e+000 0.00000000e+000 0.00000000e+000 0.00000000e+000 0.00000000e+000 0.00000000e+000 0.00000000e+000 0.00000000e+000 0.00000000e+000 0.00000000e+000 0.00000000e+000
61432.34694535 -117997.086135 66687.094690 38176.285196 0.00000000e+000 0.00000000e+000 0.00000000e+000 0.00000000e+000 0.00000000e+000 0.00000000e+000 0.00000000e+000 0.00000000e+000 0.00000000e+000 0.00000000e+000 0.00000000e+000 0.00000000e+000 0.00000000e+000 0.00000000e+000 0.00000000e+000 0.00000000e+000 0.00000000e+000 0.00000000e+000 0.00000000e+000 0.00000000e+000 0.00000000e+000
61432.39337235 -125809.727738 67706.257717 38726.429816 0.00000000e+000 0.00000000e+000 0.00000000e+000 0.00000000e+000 0.00000000e+000 0.00000000e+000 0.00000000e+000 0.00000000e+000 0.00000000e+000 0.00000000e+000 0.00000000e+000 0.00000000e+000 0.00000000e+000 0.00000000e+000 0.00000000e+000 0.00000000e+000 0.00000000e+000 0.00000000e+000 0.00000000e+000 0.00000000e+000 0.00000000e+000
61432.44349859 -133966.229619 68656.313670 39234.360407 0.00000000e+000 0.00000000e+000 0.00000000e+000 0.00000000e+000 0.00000000e+000 0.00000000e+000 0.00000000e+000 0.00000000e+000 0.00000000e+000 0.00000000e+000 0.00000000e+000 0.00000000e+000 0.00000000e+000 0.00000000e+000 0.00000000e+000 0.00000000e+000 0.00000000e+000 0.00000000e+000 0.00000000e+000 0.00000000e+000 0.00000000e+000
61432.49762079 -142474.981212 69528.959464 39695.174609 0.00000000e+000 0.00000000e+000 0.00000000e+000 0.00000000e+000 0.00000000e+000 0.00000000e+000 0.00000000e+000 0.00000000e+000 0.00000000e+000 0.00000000e+000 0.00000000e+000 0.00000000e+000 0.00000000e+000 0.00000000e+000 0.00000000e+000 0.00000000e+000 0.00000000e+000 0.00000000e+000 0.00000000e+000 0.00000000e+000 0.00000000e+000
61432.55605924 -151343.723278 70315.187334 40103.558503 0.00000000e+000 0.00000000e+000 0.00000000e+000 0.00000000e+000 0.00000000e+000 0.00000000e+000 0.00000000e+000 0.00000000e+000 0.00000000e+000 0.00000000e+000 0.00000000e+000 0.00000000e+000 0.00000000e+000 0.00000000e+000 0.00000000e+000 0.00000000e+000 0.00000000e+000 0.00000000e+000 0.00000000e+000 0.00000000e+000 0.00000000e+000
61432.61915747 -160579.063661 71005.209701 40453.744661 0.00000000e+000 0.00000000e+000 0.00000000e+000 0.00000000e+000 0.00000000e+000 0.00000000e+000 0.00000000e+000 0.00000000e+000 0.00000000e+000 0.00000000e+000 0.00000000e+000 0.00000000e+000 0.00000000e+000 0.00000000e+000 0.00000000e+000 0.00000000e+000 0.00000000e+000 0.00000000e+000 0.00000000e+000 0.00000000e+000 0.00000000e+000
61432.68728510 -170186.454775 71588.433290 40739.496249 0.00000000e+000 0.00000000e+000 0.00000000e+000 0.00000000e+000 0.00000000e+000 0.00000000e+000 0.00000000e+000 0.00000000e+000 0.00000000e+000 0.00000000e+000 0.00000000e+000 0.00000000e+000 0.00000000e+000 0.00000000e+000 0.00000000e+000 0.00000000e+000 0.00000000e+000 0.00000000e+000 0.00000000e+000 0.00000000e+000 0.00000000e+000
61432.76083995 -180169.983554 72053.409474 40954.078265 0.00000000e+000 0.00000000e+000 0.00000000e+000 0.00000000e+000 0.00000000e+000 0.00000000e+000 0.00000000e+000 0.00000000e+000 0.00000000e+000 0.00000000e+000 0.00000000e+000 0.00000000e+000 0.00000000e+000 0.00000000e+000 0.00000000e+000 0.00000000e+000 0.00000000e+000 0.00000000e+000 0.00000000e+000 0.00000000e+000 0.00000000e+000
61432.84024801 -190531.840684 72387.773561 41090.224148 0.00000000e+000 0.00000000e+000 0.00000000e+000 0.00000000e+000 0.00000000e+000 0.00000000e+000 0.00000000e+000 0.00000000e+000 0.00000000e+000 0.00000000e+000 0.00000000e+000 0.00000000e+000 0.00000000e+000 0.00000000e+000 0.00000000e+000 0.00000000e+000 0.00000000e+000 0.00000000e+000 0.00000000e+000 0.00000000e+000 0.00000000e+000
61432.92596730 -201272.261341 72578.211484 41140.115777 0.00000000e+000 0.00000000e+000 0.00000000e+000 0.00000000e+000 0.00000000e+000 0.00000000e+000 0.00000000e+000 0.00000000e+000 0.00000000e+000 0.00000000e+000 0.00000000e+000 0.00000000e+000 0.00000000e+000 0.00000000e+000 0.00000000e+000 0.00000000e+000 0.00000000e+000 0.00000000e+000 0.00000000e+000 0.00000000e+000 0.00000000e+000
61433.01848692 -212388.778606 72610.408656 41095.357133 0.00000000e+000 0.00000000e+000 0.00000000e+000 0.00000000e+000 0.00000000e+000 0.00000000e+000 0.00000000e+000 0.00000000e+000 0.00000000e+000 0.00000000e+000 0.00000000e+000 0.00000000e+000 0.00000000e+000 0.00000000e+000 0.00000000e+000 0.00000000e+000 0.00000000e+000 0.00000000e+000 0.00000000e+000 0.00000000e+000 0.00000000e+000
61433.11833072 -223876.031472 72469.025759 40946.960776 0.00000000e+000 0.00000000e+000 0.00000000e+000 0.00000000e+000 0.00000000e+000 0.00000000e+000 0.00000000e+000 0.00000000e+000 0.00000000e+000 0.00000000e+000 0.00000000e+000 0.00000000e+000 0.00000000e+000 0.00000000e+000 0.00000000e+000 0.00000000e+000 0.00000000e+000 0.00000000e+000 0.00000000e+000 0.00000000e+000 0.00000000e+000
61433.22605766 -235725.087850 72137.677700 40685.339268 0.00000000e+000 0.00000000e+000 0.00000000e+000 0.00000000e+000 0.00000000e+000 0.00000000e+000 0.00000000e+000 0.00000000e+000 0.00000000e+000 0.00000000e+000 0.00000000e+000 0.00000000e+000 0.00000000e+000 0.00000000e+000 0.00000000e+000 0.00000000e+000 0.00000000e+000 0.00000000e+000 0.00000000e+000 0.00000000e+000 0.00000000e+000
61433.34226184 -247922.707593 71598.944070 40300.315672 0.00000000e+000 0.00000000e+000 0.00000000e+000 0.00000000e+000 0.00000000e+000 0.00000000e+000 0.00000000e+000 0.00000000e+000 0.00000000e+000 0.00000000e+000 0.00000000e+000 0.00000000e+000 0.00000000e+000 0.00000000e+000 0.00000000e+000 0.00000000e+000 0.00000000e+000 0.00000000e+000 0.00000000e+000 0.00000000e+000 0.00000000e+000
61433.46757485 -260450.819903 70834.397874 39781.143763 0.00000000e+000 0.00000000e+000 0.00000000e+000 0.00000000e+000 0.00000000e+000 0.00000000e+000 0.00000000e+000 0.00000000e+000 0.00000000e+000 0.00000000e+000 0.00000000e+000 0.00000000e+000 0.00000000e+000 0.00000000e+000 0.00000000e+000 0.00000000e+000 0.00000000e+000 0.00000000e+000 0.00000000e+000 0.00000000e+000 0.00000000e+000
61433.60266853 -273285.936137 69824.648237 39116.536808 0.00000000e+000 0.00000000e+000 0.00000000e+000 0.00000000e+000 0.00000000e+000 0.00000000e+000 0.00000000e+000 0.00000000e+000 0.00000000e+000 0.00000000e+000 0.00000000e+000 0.00000000e+000 0.00000000e+000 0.00000000e+000 0.00000000e+000 0.00000000e+000 0.00000000e+000 0.00000000e+000 0.00000000e+000 0.00000000e+000 0.00000000e+000
61433.74825840 -286398.514353 68549.395667 38294.703655 0.00000000e+000 0.00000000e+000 0.00000000e+000 0.00000000e+000 0.00000000e+000 0.00000000e+000 0.00000000e+000 0.00000000e+000 0.00000000e+000 0.00000000e+000 0.00000000e+000 0.00000000e+000 0.00000000e+000 0.00000000e+000 0.00000000e+000 0.00000000e+000 0.00000000e+000 0.00000000e+000 0.00000000e+000 0.00000000e+000 0.00000000e+000
61433.90511367 -299752.729126 66987.436625 37303.352015 0.00000000e+000 0.00000000e+000 0.00000000e+000 0.00000000e+000 0.00000000e+000 0.00000000e+000 0.00000000e+000 0.00000000e+000 0.00000000e+000 0.00000000e+000 0.00000000e+000 0.00000000e+000 0.00000000e+000 0.00000000e+000 0.00000000e+000 0.00000000e+000 0.00000000e+000 0.00000000e+000 0.00000000e+000 0.00000000e+000 0.00000000e+000
