# Ae9Ap9 Model output file: MoonBEAM_trajectory_trade/Rp18408_COM_8per90prop30inc_Tran.AE9.output_mc_fluenceIntv_037.txt
# Ae9Ap9 Software Version:  1.50.001
#
# Model type:               AE9
# Particle species:         e-
# Flux type:                1PtDiff
# Flux direction:           Omnidirectional
# Energy levels (MeV):       0.04 0.07 0.1 0.25 0.5 0.75 1 1.5 2 2.5 3 3.5 4 4.5 5 5.5 6 6.5 7 8.5 10
#
# Accumulation mode:        Interval, length = 13997 seconds (0.162002 days)
#
# Time format:              Modified Julian Date
# Coordinate system:        GEI (Geocentric Equatorial Inertial) Cartesian in km
# Data Delimiter:           space
#
# datetime(mjd),posx(km),posy(km),posz(km),fluence,fluence,fluence,fluence,fluence,fluence,fluence,fluence,fluence,fluence,fluence,fluence,fluence,fluence,fluence,fluence,fluence,fluence,fluence,fluence,fluence(#/cm^2/MeV)
61411.87033565 0.000000 0.000000 0.000000 5.26343650e+012 3.85242960e+012 1.89741504e+012 4.63007047e+011 1.57752286e+011 6.21149228e+010 2.85010663e+010 1.26488929e+010 6.58295699e+009 2.80046623e+009 1.19893055e+009 5.35396746e+008 2.26434871e+008 9.53065721e+007 3.89466130e+007 1.80878328e+007 9.78319902e+006 6.34608830e+006 3.84274624e+006 2.04428259e+006 1.38795713e+006
61412.03233796 0.000000 0.000000 0.000000 9.98557471e+012 6.77672015e+012 2.88419539e+012 5.82311362e+011 1.79594165e+011 6.86440476e+010 3.08621776e+010 1.36566202e+010 7.01049369e+009 2.97351517e+009 1.27233365e+009 5.63863763e+008 2.38097447e+008 1.00057873e+008 4.09436132e+007 1.89613162e+007 1.02279293e+007 6.59055167e+006 3.95181970e+006 2.07984386e+006 1.40554087e+006
61412.19434028 0.000000 0.000000 0.000000 1.16185399e+013 7.88074182e+012 3.36598390e+012 6.53229300e+011 2.05568891e+011 8.33799158e+010 4.17720513e+010 2.36045575e+010 1.32298649e+010 5.51690506e+009 2.40760909e+009 1.09985278e+009 4.86833032e+008 2.11227033e+008 8.38443452e+007 3.63083348e+007 1.90329798e+007 1.24965892e+007 8.05868814e+006 4.49813812e+006 3.10086989e+006
61412.35634259 0.000000 0.000000 0.000000 1.37031381e+013 9.21086537e+012 3.82448778e+012 7.05908964e+011 2.16858980e+011 8.73055057e+010 4.32975426e+010 2.45439902e+010 1.38928286e+010 5.82187057e+009 2.53020197e+009 1.15074589e+009 5.08400881e+008 2.19579951e+008 8.68376671e+007 3.74723877e+007 1.95966615e+007 1.28346180e+007 8.24399806e+006 4.58402123e+006 3.15661208e+006
61412.51834491 0.000000 0.000000 0.000000 1.53346532e+013 1.03391520e+013 4.16531438e+012 7.31501325e+011 2.19163660e+011 8.77927219e+010 4.34518912e+010 2.45932294e+010 1.39087581e+010 5.82757277e+009 2.53313136e+009 1.15228711e+009 5.09155622e+008 2.19869951e+008 8.69453867e+007 3.75150958e+007 1.96203874e+007 1.28491091e+007 8.25087114e+006 4.58627890e+006 3.15772739e+006
61412.68034722 0.000000 0.000000 0.000000 1.70045420e+013 1.13068896e+013 4.49083401e+012 7.90849115e+011 2.53994134e+011 1.04696210e+011 5.18225779e+010 2.97131724e+010 1.74167059e+010 7.47233621e+009 3.28298673e+009 1.51171590e+009 6.70698375e+008 2.89774704e+008 1.15030142e+008 5.00354432e+007 2.63025274e+007 1.72487862e+007 1.09896906e+007 6.05637073e+006 4.13715206e+006
61412.84234954 0.000000 0.000000 0.000000 2.29641395e+013 1.61161541e+013 7.19711742e+012 1.36106451e+012 3.41144201e+011 1.27390103e+011 6.29686171e+010 3.57572083e+010 2.08538818e+010 8.89493672e+009 3.90966378e+009 1.80259876e+009 7.99627163e+008 3.48231965e+008 1.41135673e+008 6.31292104e+007 3.35113261e+007 2.18483397e+007 1.37336948e+007 7.52070191e+006 5.11628613e+006
61413.00435185 0.000000 0.000000 0.000000 2.42289981e+013 1.69010398e+013 7.40597706e+012 1.37119480e+012 3.42055678e+011 1.27580397e+011 6.30246858e+010 3.57763893e+010 2.08608847e+010 8.89791300e+009 3.91139196e+009 1.80361445e+009 8.00205418e+008 3.48498111e+008 1.41249896e+008 6.31778083e+007 3.35378392e+007 2.18643095e+007 1.37411708e+007 7.52340168e+006 5.11772486e+006
61413.16635417 0.000000 0.000000 0.000000 2.44719194e+013 1.70559478e+013 7.43836170e+012 1.37191462e+012 3.42077805e+011 1.27583154e+011 6.30253772e+010 3.57766162e+010 2.08609504e+010 8.89793388e+009 3.91140265e+009 1.80362091e+009 8.00209480e+008 3.48500124e+008 1.41250785e+008 6.31781565e+007 3.35380276e+007 2.18644472e+007 1.37412474e+007 7.52341597e+006 5.11772488e+006
61413.32835648 0.000000 0.000000 0.000000 2.57974067e+013 1.78322058e+013 7.61947962e+012 1.37668558e+012 3.42332362e+011 1.27616711e+011 6.30325595e+010 3.57782677e+010 2.08613626e+010 8.89809307e+009 3.91152564e+009 1.80373530e+009 8.00302243e+008 3.48549150e+008 1.41273567e+008 6.31887759e+007 3.35451763e+007 2.18697149e+007 1.37441467e+007 7.52484670e+006 5.11859136e+006
61413.49035880 0.000000 0.000000 0.000000 2.92167174e+013 2.07184688e+013 9.09220033e+012 1.66401521e+012 3.76291377e+011 1.33403796e+011 6.48911206e+010 3.63089558e+010 2.10437653e+010 8.95440571e+009 3.93133410e+009 1.81112167e+009 8.03354294e+008 3.49952232e+008 1.41943971e+008 6.35006519e+007 3.36942598e+007 2.19481275e+007 1.37800234e+007 7.53966208e+006 5.12733667e+006
61413.65236111 0.000000 0.000000 0.000000 3.11270161e+013 2.18689457e+013 9.41783505e+012 1.69616108e+012 3.83728130e+011 1.36333532e+011 6.59709480e+010 3.66336005e+010 2.11618047e+010 8.99128995e+009 3.94434305e+009 1.81603723e+009 8.05452293e+008 3.50915257e+008 1.42392304e+008 6.37022089e+007 3.37896188e+007 2.19988298e+007 1.38031863e+007 7.54926698e+006 5.13306048e+006
61413.81436343 0.000000 0.000000 0.000000 3.12235262e+013 2.19242300e+013 9.42915822e+012 1.69642729e+012 3.83735803e+011 1.36334322e+011 6.59711202e+010 3.66336489e+010 2.11618211e+010 8.99129720e+009 3.94434893e+009 1.81604206e+009 8.05455784e+008 3.50917088e+008 1.42393192e+008 6.37026297e+007 3.37899085e+007 2.19990677e+007 1.38033372e+007 7.54936362e+006 5.13310219e+006
61413.97636574 0.000000 0.000000 0.000000 3.12235262e+013 2.19242300e+013 9.42915822e+012 1.69642729e+012 3.83735803e+011 1.36334322e+011 6.59711202e+010 3.66336489e+010 2.11618211e+010 8.99129720e+009 3.94434893e+009 1.81604206e+009 8.05455784e+008 3.50917088e+008 1.42393192e+008 6.37026297e+007 3.37899085e+007 2.19990677e+007 1.38033372e+007 7.54936362e+006 5.13310219e+006
61414.13836806 0.000000 0.000000 0.000000 3.12235262e+013 2.19242300e+013 9.42915822e+012 1.69642729e+012 3.83735803e+011 1.36334322e+011 6.59711202e+010 3.66336489e+010 2.11618211e+010 8.99129720e+009 3.94434893e+009 1.81604206e+009 8.05455784e+008 3.50917088e+008 1.42393192e+008 6.37026297e+007 3.37899085e+007 2.19990677e+007 1.38033372e+007 7.54936362e+006 5.13310219e+006
61414.30037037 0.000000 0.000000 0.000000 3.15199745e+013 2.20832278e+013 9.45988884e+012 1.69828100e+012 3.83813133e+011 1.36342696e+011 6.59729424e+010 3.66342075e+010 2.11620435e+010 8.99139725e+009 3.94441986e+009 1.81609150e+009 8.05485390e+008 3.50931015e+008 1.42399662e+008 6.37055938e+007 3.37917739e+007 2.20005896e+007 1.38043404e+007 7.54994119e+006 5.13321689e+006
61414.46237269 0.000000 0.000000 0.000000 3.40739165e+013 2.36749268e+013 9.94280872e+012 1.77284186e+012 4.02230697e+011 1.43453923e+011 6.83215274e+010 3.72242165e+010 2.14005802e+010 9.07088986e+009 3.97253333e+009 1.82662042e+009 8.09512777e+008 3.52502364e+008 1.43031169e+008 6.39575958e+007 3.38993674e+007 2.20518635e+007 1.38257432e+007 7.55770135e+006 5.13772360e+006
61414.62437500 0.000000 0.000000 0.000000 3.81164774e+013 2.72005768e+013 1.19557694e+013 2.19273056e+012 4.45462910e+011 1.50755314e+011 7.05685396e+010 3.78472200e+010 2.16375634e+010 9.14213137e+009 3.99547138e+009 1.83467712e+009 8.12559514e+008 3.53690485e+008 1.43505796e+008 6.41459094e+007 3.39802593e+007 2.20909291e+007 1.38418584e+007 7.56303879e+006 5.14044405e+006
61414.78637731 0.000000 0.000000 0.000000 3.83389821e+013 2.73513431e+013 1.19968988e+013 2.19806694e+012 4.45796789e+011 1.50795997e+011 7.05771048e+010 3.78491889e+010 2.16381386e+010 9.14231748e+009 3.99557219e+009 1.83473627e+009 8.12592393e+008 3.53705126e+008 1.43512086e+008 6.41487224e+007 3.39820373e+007 2.20922271e+007 1.38426049e+007 7.56340137e+006 5.14063437e+006
61414.94837963 0.000000 0.000000 0.000000 3.83389821e+013 2.73513431e+013 1.19968988e+013 2.19806694e+012 4.45796789e+011 1.50795997e+011 7.05771048e+010 3.78491889e+010 2.16381386e+010 9.14231748e+009 3.99557219e+009 1.83473627e+009 8.12592393e+008 3.53705126e+008 1.43512086e+008 6.41487224e+007 3.39820373e+007 2.20922271e+007 1.38426049e+007 7.56340137e+006 5.14063437e+006
61415.11038194 0.000000 0.000000 0.000000 3.83389821e+013 2.73513431e+013 1.19968988e+013 2.19806694e+012 4.45796789e+011 1.50795997e+011 7.05771048e+010 3.78491889e+010 2.16381386e+010 9.14231748e+009 3.99557219e+009 1.83473627e+009 8.12592393e+008 3.53705126e+008 1.43512086e+008 6.41487224e+007 3.39820373e+007 2.20922271e+007 1.38426049e+007 7.56340137e+006 5.14063437e+006
61415.27238426 0.000000 0.000000 0.000000 3.83389821e+013 2.73513431e+013 1.19968988e+013 2.19806694e+012 4.45796789e+011 1.50795997e+011 7.05771048e+010 3.78491889e+010 2.16381386e+010 9.14231748e+009 3.99557219e+009 1.83473627e+009 8.12592393e+008 3.53705126e+008 1.43512086e+008 6.41487224e+007 3.39820373e+007 2.20922271e+007 1.38426049e+007 7.56340137e+006 5.14063437e+006
61415.43438657 0.000000 0.000000 0.000000 3.83389821e+013 2.73513431e+013 1.19968988e+013 2.19806694e+012 4.45796789e+011 1.50795997e+011 7.05771048e+010 3.78491889e+010 2.16381386e+010 9.14231748e+009 3.99557219e+009 1.83473627e+009 8.12592393e+008 3.53705126e+008 1.43512086e+008 6.41487224e+007 3.39820373e+007 2.20922271e+007 1.38426049e+007 7.56340137e+006 5.14063437e+006
61415.59638889 0.000000 0.000000 0.000000 3.83389821e+013 2.73513431e+013 1.19968988e+013 2.19806694e+012 4.45796789e+011 1.50795997e+011 7.05771048e+010 3.78491889e+010 2.16381386e+010 9.14231748e+009 3.99557219e+009 1.83473627e+009 8.12592393e+008 3.53705126e+008 1.43512086e+008 6.41487224e+007 3.39820373e+007 2.20922271e+007 1.38426049e+007 7.56340137e+006 5.14063437e+006
61415.75839120 0.000000 0.000000 0.000000 3.84456604e+013 2.74644338e+013 1.20325368e+013 2.20271374e+012 4.45965555e+011 1.50809978e+011 7.05795252e+010 3.78495903e+010 2.16381984e+010 9.14232681e+009 3.99557435e+009 1.83473702e+009 8.12592738e+008 3.53705255e+008 1.43512135e+008 6.41487320e+007 3.39820371e+007 2.20922270e+007 1.38426049e+007 7.56340137e+006 5.14063437e+006
61415.92039352 0.000000 0.000000 0.000000 4.17876800e+013 3.06202565e+013 1.34778283e+013 2.67301553e+012 5.26101081e+011 1.74232422e+011 7.99838380e+010 4.07146450e+010 2.21471054e+010 9.22508381e+009 4.01455651e+009 1.84079845e+009 8.15138712e+008 3.54850273e+008 1.44040687e+008 6.43982856e+007 3.41167752e+007 2.21720469e+007 1.38803260e+007 7.57483228e+006 5.14528713e+006
61416.08239583 0.000000 0.000000 0.000000 4.88177388e+013 3.68584268e+013 1.66967631e+013 3.49693178e+012 6.85984398e+011 2.27599462e+011 1.03209237e+011 4.73935553e+010 2.33324440e+010 9.41246344e+009 4.05352717e+009 1.85210147e+009 8.19408075e+008 3.56672667e+008 1.44869174e+008 6.47823179e+007 3.43157197e+007 2.22877965e+007 1.39355942e+007 7.59462466e+006 5.15459271e+006
61416.24439815 0.000000 0.000000 0.000000 5.02317205e+013 3.81710884e+013 1.71854378e+013 3.58536611e+012 6.92773895e+011 2.28463522e+011 1.03390084e+011 4.74261549e+010 2.33382139e+010 9.41351798e+009 4.05380821e+009 1.85220382e+009 8.19457662e+008 3.56694269e+008 1.44878036e+008 6.47859523e+007 3.43176713e+007 2.22888993e+007 1.39360570e+007 7.59469746e+006 5.15460812e+006
61416.40640046 0.000000 0.000000 0.000000 5.02317205e+013 3.81710884e+013 1.71854378e+013 3.58536611e+012 6.92773895e+011 2.28463522e+011 1.03390084e+011 4.74261549e+010 2.33382139e+010 9.41351798e+009 4.05380821e+009 1.85220382e+009 8.19457662e+008 3.56694269e+008 1.44878036e+008 6.47859523e+007 3.43176713e+007 2.22888993e+007 1.39360570e+007 7.59469746e+006 5.15460812e+006
61416.56840278 0.000000 0.000000 0.000000 5.02317205e+013 3.81710884e+013 1.71854378e+013 3.58536611e+012 6.92773895e+011 2.28463522e+011 1.03390084e+011 4.74261549e+010 2.33382139e+010 9.41351798e+009 4.05380821e+009 1.85220382e+009 8.19457662e+008 3.56694269e+008 1.44878036e+008 6.47859523e+007 3.43176713e+007 2.22888993e+007 1.39360570e+007 7.59469746e+006 5.15460812e+006
61416.73040509 0.000000 0.000000 0.000000 5.02317205e+013 3.81710884e+013 1.71854378e+013 3.58536611e+012 6.92773895e+011 2.28463522e+011 1.03390084e+011 4.74261549e+010 2.33382139e+010 9.41351798e+009 4.05380821e+009 1.85220382e+009 8.19457662e+008 3.56694269e+008 1.44878036e+008 6.47859523e+007 3.43176713e+007 2.22888993e+007 1.39360570e+007 7.59469746e+006 5.15460812e+006
61416.89240741 0.000000 0.000000 0.000000 5.02317205e+013 3.81710884e+013 1.71854378e+013 3.58536611e+012 6.92773895e+011 2.28463522e+011 1.03390084e+011 4.74261549e+010 2.33382139e+010 9.41351798e+009 4.05380821e+009 1.85220382e+009 8.19457662e+008 3.56694269e+008 1.44878036e+008 6.47859523e+007 3.43176713e+007 2.22888993e+007 1.39360570e+007 7.59469746e+006 5.15460812e+006
61417.05440972 0.000000 0.000000 0.000000 5.02317205e+013 3.81710884e+013 1.71854378e+013 3.58536611e+012 6.92773895e+011 2.28463522e+011 1.03390084e+011 4.74261549e+010 2.33382139e+010 9.41351798e+009 4.05380821e+009 1.85220382e+009 8.19457662e+008 3.56694269e+008 1.44878036e+008 6.47859523e+007 3.43176713e+007 2.22888993e+007 1.39360570e+007 7.59469746e+006 5.15460812e+006
61417.21641204 0.000000 0.000000 0.000000 5.02317205e+013 3.81710884e+013 1.71854378e+013 3.58536611e+012 6.92773895e+011 2.28463522e+011 1.03390084e+011 4.74261549e+010 2.33382139e+010 9.41351798e+009 4.05380821e+009 1.85220382e+009 8.19457662e+008 3.56694269e+008 1.44878036e+008 6.47859523e+007 3.43176713e+007 2.22888993e+007 1.39360570e+007 7.59469746e+006 5.15460812e+006
61417.37841435 0.000000 0.000000 0.000000 5.02317205e+013 3.81710884e+013 1.71854378e+013 3.58536611e+012 6.92773895e+011 2.28463522e+011 1.03390084e+011 4.74261549e+010 2.33382139e+010 9.41351798e+009 4.05380821e+009 1.85220382e+009 8.19457662e+008 3.56694269e+008 1.44878036e+008 6.47859523e+007 3.43176713e+007 2.22888993e+007 1.39360570e+007 7.59469746e+006 5.15460812e+006
61417.54041667 0.000000 0.000000 0.000000 5.02317205e+013 3.81710884e+013 1.71854378e+013 3.58536611e+012 6.92773895e+011 2.28463522e+011 1.03390084e+011 4.74261549e+010 2.33382139e+010 9.41351798e+009 4.05380821e+009 1.85220382e+009 8.19457662e+008 3.56694269e+008 1.44878036e+008 6.47859523e+007 3.43176713e+007 2.22888993e+007 1.39360570e+007 7.59469746e+006 5.15460812e+006
61417.70241898 0.000000 0.000000 0.000000 5.02317205e+013 3.81710884e+013 1.71854378e+013 3.58536611e+012 6.92773895e+011 2.28463522e+011 1.03390084e+011 4.74261549e+010 2.33382139e+010 9.41351798e+009 4.05380821e+009 1.85220382e+009 8.19457662e+008 3.56694269e+008 1.44878036e+008 6.47859523e+007 3.43176713e+007 2.22888993e+007 1.39360570e+007 7.59469746e+006 5.15460812e+006
61417.86442130 0.000000 0.000000 0.000000 5.02317205e+013 3.81710884e+013 1.71854378e+013 3.58536611e+012 6.92773895e+011 2.28463522e+011 1.03390084e+011 4.74261549e+010 2.33382139e+010 9.41351798e+009 4.05380821e+009 1.85220382e+009 8.19457662e+008 3.56694269e+008 1.44878036e+008 6.47859523e+007 3.43176713e+007 2.22888993e+007 1.39360570e+007 7.59469746e+006 5.15460812e+006
61418.02642361 0.000000 0.000000 0.000000 5.02317205e+013 3.81710884e+013 1.71854378e+013 3.58536611e+012 6.92773895e+011 2.28463522e+011 1.03390084e+011 4.74261549e+010 2.33382139e+010 9.41351798e+009 4.05380821e+009 1.85220382e+009 8.19457662e+008 3.56694269e+008 1.44878036e+008 6.47859523e+007 3.43176713e+007 2.22888993e+007 1.39360570e+007 7.59469746e+006 5.15460812e+006
61418.18842593 0.000000 0.000000 0.000000 5.02320321e+013 3.81711954e+013 1.71854180e+013 3.58535122e+012 6.92772428e+011 2.28463365e+011 1.03390054e+011 4.74261498e+010 2.33382130e+010 9.41351782e+009 4.05380806e+009 1.85220380e+009 8.19457650e+008 3.56694269e+008 1.44878036e+008 6.47859523e+007 3.43176713e+007 2.22888993e+007 1.39360570e+007 7.59469746e+006 5.15460812e+006
61418.35042824 0.000000 0.000000 0.000000 5.43125084e+013 4.18788170e+013 1.87646983e+013 4.03237514e+012 7.45891917e+011 2.39768038e+011 1.07093936e+011 4.85811282e+010 2.36320083e+010 9.47142361e+009 4.06614998e+009 1.85591545e+009 8.21205532e+008 3.57548735e+008 1.45297973e+008 6.50050025e+007 3.44618012e+007 2.23938028e+007 1.40010285e+007 7.63221417e+006 5.18194767e+006
61418.51243056 0.000000 0.000000 0.000000 6.05179064e+013 4.72981722e+013 2.18723454e+013 4.95436500e+012 9.05107888e+011 2.81528686e+011 1.24313918e+011 5.46819026e+010 2.49817553e+010 9.72785057e+009 4.13674880e+009 1.87992969e+009 8.30766450e+008 3.61932471e+008 1.47500034e+008 6.61771991e+007 3.51379698e+007 2.28356764e+007 1.42586694e+007 7.79295124e+006 5.31099923e+006
61418.67443287 0.000000 0.000000 0.000000 6.20468703e+013 4.87552458e+013 2.25224609e+013 5.16010527e+012 9.28828351e+011 2.86009050e+011 1.25692570e+011 5.50555158e+010 2.50707994e+010 9.74717169e+009 4.14215029e+009 1.88195931e+009 8.31826480e+008 3.62471945e+008 1.47772803e+008 6.63239604e+007 3.52373952e+007 2.29104976e+007 1.43075813e+007 7.82348347e+006 5.33358577e+006
61418.83643519 0.000000 0.000000 0.000000 6.20468703e+013 4.87552458e+013 2.25224609e+013 5.16010527e+012 9.28828351e+011 2.86009050e+011 1.25692570e+011 5.50555158e+010 2.50707994e+010 9.74717169e+009 4.14215029e+009 1.88195931e+009 8.31826480e+008 3.62471945e+008 1.47772803e+008 6.63239604e+007 3.52373952e+007 2.29104976e+007 1.43075813e+007 7.82348347e+006 5.33358577e+006
61418.99843750 0.000000 0.000000 0.000000 6.20468703e+013 4.87552458e+013 2.25224609e+013 5.16010527e+012 9.28828351e+011 2.86009050e+011 1.25692570e+011 5.50555158e+010 2.50707994e+010 9.74717169e+009 4.14215029e+009 1.88195931e+009 8.31826480e+008 3.62471945e+008 1.47772803e+008 6.63239604e+007 3.52373952e+007 2.29104976e+007 1.43075813e+007 7.82348347e+006 5.33358577e+006
61419.16043981 0.000000 0.000000 0.000000 6.20468703e+013 4.87552458e+013 2.25224609e+013 5.16010527e+012 9.28828351e+011 2.86009050e+011 1.25692570e+011 5.50555158e+010 2.50707994e+010 9.74717169e+009 4.14215029e+009 1.88195931e+009 8.31826480e+008 3.62471945e+008 1.47772803e+008 6.63239604e+007 3.52373952e+007 2.29104976e+007 1.43075813e+007 7.82348347e+006 5.33358577e+006
61419.32244213 0.000000 0.000000 0.000000 6.20468703e+013 4.87552458e+013 2.25224609e+013 5.16010527e+012 9.28828351e+011 2.86009050e+011 1.25692570e+011 5.50555158e+010 2.50707994e+010 9.74717169e+009 4.14215029e+009 1.88195931e+009 8.31826480e+008 3.62471945e+008 1.47772803e+008 6.63239604e+007 3.52373952e+007 2.29104976e+007 1.43075813e+007 7.82348347e+006 5.33358577e+006
61419.48444444 0.000000 0.000000 0.000000 6.20468703e+013 4.87552458e+013 2.25224609e+013 5.16010527e+012 9.28828351e+011 2.86009050e+011 1.25692570e+011 5.50555158e+010 2.50707994e+010 9.74717169e+009 4.14215029e+009 1.88195931e+009 8.31826480e+008 3.62471945e+008 1.47772803e+008 6.63239604e+007 3.52373952e+007 2.29104976e+007 1.43075813e+007 7.82348347e+006 5.33358577e+006
61419.64644676 0.000000 0.000000 0.000000 6.20468703e+013 4.87552458e+013 2.25224609e+013 5.16010527e+012 9.28828351e+011 2.86009050e+011 1.25692570e+011 5.50555158e+010 2.50707994e+010 9.74717169e+009 4.14215029e+009 1.88195931e+009 8.31826480e+008 3.62471945e+008 1.47772803e+008 6.63239604e+007 3.52373952e+007 2.29104976e+007 1.43075813e+007 7.82348347e+006 5.33358577e+006
61419.80844907 0.000000 0.000000 0.000000 6.20468703e+013 4.87552458e+013 2.25224609e+013 5.16010527e+012 9.28828351e+011 2.86009050e+011 1.25692570e+011 5.50555158e+010 2.50707994e+010 9.74717169e+009 4.14215029e+009 1.88195931e+009 8.31826480e+008 3.62471945e+008 1.47772803e+008 6.63239604e+007 3.52373952e+007 2.29104976e+007 1.43075813e+007 7.82348347e+006 5.33358577e+006
61419.97045139 0.000000 0.000000 0.000000 6.20468703e+013 4.87552458e+013 2.25224609e+013 5.16010527e+012 9.28828351e+011 2.86009050e+011 1.25692570e+011 5.50555158e+010 2.50707994e+010 9.74717169e+009 4.14215029e+009 1.88195931e+009 8.31826480e+008 3.62471945e+008 1.47772803e+008 6.63239604e+007 3.52373952e+007 2.29104976e+007 1.43075813e+007 7.82348347e+006 5.33358577e+006
61420.13245370 0.000000 0.000000 0.000000 6.20468703e+013 4.87552458e+013 2.25224609e+013 5.16010527e+012 9.28828351e+011 2.86009050e+011 1.25692570e+011 5.50555158e+010 2.50707994e+010 9.74717169e+009 4.14215029e+009 1.88195931e+009 8.31826480e+008 3.62471945e+008 1.47772803e+008 6.63239604e+007 3.52373952e+007 2.29104976e+007 1.43075813e+007 7.82348347e+006 5.33358577e+006
61420.29445602 0.000000 0.000000 0.000000 6.20468703e+013 4.87552458e+013 2.25224609e+013 5.16010527e+012 9.28828351e+011 2.86009050e+011 1.25692570e+011 5.50555158e+010 2.50707994e+010 9.74717169e+009 4.14215029e+009 1.88195931e+009 8.31826480e+008 3.62471945e+008 1.47772803e+008 6.63239604e+007 3.52373952e+007 2.29104976e+007 1.43075813e+007 7.82348347e+006 5.33358577e+006
61420.45645833 0.000000 0.000000 0.000000 6.20468703e+013 4.87552458e+013 2.25224609e+013 5.16010527e+012 9.28828351e+011 2.86009050e+011 1.25692570e+011 5.50555158e+010 2.50707994e+010 9.74717169e+009 4.14215029e+009 1.88195931e+009 8.31826480e+008 3.62471945e+008 1.47772803e+008 6.63239604e+007 3.52373952e+007 2.29104976e+007 1.43075813e+007 7.82348347e+006 5.33358577e+006
61420.55915852 0.000000 0.000000 0.000000 6.20468703e+013 4.87552458e+013 2.25224609e+013 5.16010527e+012 9.28828351e+011 2.86009050e+011 1.25692570e+011 5.50555158e+010 2.50707994e+010 9.74717169e+009 4.14215029e+009 1.88195931e+009 8.31826480e+008 3.62471945e+008 1.47772803e+008 6.63239604e+007 3.52373952e+007 2.29104976e+007 1.43075813e+007 7.82348347e+006 5.33358577e+006
